"日付","取引所コード","株式債券種別ｺｰﾄﾞ","銘柄コード","ISIN","前場始値","前場高値","前場安値","前場終値","後場始値","後場高値","後場安値","後場終値","日通し始値","日通し高値","日通し安値","日通し終値","特別気配コード","特別気配値段","清算値段／証拠金算定基準値段","売買高","売買代金","VWAP"
"20200916","01","11","    13010","JP3257200000","2720.0000","2747.0000","2719.0000","2741.0000","2741.0000","2747.0000","2730.0000","2747.0000","2720.0000","2747.0000","2719.0000","2747.0000"," ","0.0000","0.0000","10500","28775200","2740.4952"
"20200916","01","11","    13050","JP3027620008","1709.0000","1716.0000","1707.0000","1715.0000","1716.0000","1716.0000","1712.0000","1715.0000","1709.0000","1716.0000","1707.0000","1715.0000"," ","0.0000","0.0000","28340","48530480","1712.4375"
"20200916","01","11","    13060","JP3027630007","1688.0000","1697.0000","1686.0000","1695.0000","1696.0000","1696.0000","1691.0000","1693.0000","1688.0000","1697.0000","1686.0000","1693.0000"," ","0.0000","0.0000","976350","1652661720","1692.6939"
"20200916","01","11","    13080","JP3039100007","1670.0000","1678.0000","1668.0000","1678.0000","1678.0000","1678.0000","1673.0000","1676.0000","1670.0000","1678.0000","1668.0000","1676.0000"," ","0.0000","0.0000","209900","351253500","1673.4326"
"20200916","01","11","    13090","JP3046510008","39150.0000","39150.0000","38700.0000","38750.0000","38800.0000","38900.0000","38600.0000","38850.0000","39150.0000","39150.0000","38600.0000","38850.0000"," ","0.0000","0.0000","93","3613050","38850.0000"
"20200916","01","11","    13110","JP3040140000","736.0000","739.0000","735.0000","739.0000","739.0000","739.0000","739.0000","739.0000","736.0000","739.0000","735.0000","739.0000"," ","0.0000","0.0000","510","375660","736.5882"
"20200916","01","11","    13120","JP3046520007","19270.0000","19270.0000","19270.0000","19270.0000","19290.0000","19290.0000","19290.0000","19290.0000","19270.0000","19290.0000","19270.0000","19290.0000"," ","0.0000","0.0000","15","289070","19271.3333"
"20200916","01","11","    13200","JP3027640006","23950.0000","24000.0000","23910.0000","23980.0000","23990.0000","24000.0000","23960.0000","23980.0000","23950.0000","24000.0000","23910.0000","23980.0000"," ","0.0000","0.0000","15582","373589210","23975.6905"
"20200916","01","11","    13210","JP3027650005","24000.0000","24060.0000","23950.0000","24030.0000","24040.0000","24050.0000","24010.0000","24020.0000","24000.0000","24060.0000","23950.0000","24020.0000"," ","0.0000","0.0000","137270","3298203900","24027.1283"
"20200916","01","11","    13220","JP3046760009","7020.0000","7040.0000","6960.0000","6970.0000","6980.0000","6980.0000","6960.0000","6960.0000","7020.0000","7040.0000","6960.0000","6960.0000"," ","0.0000","0.0000","910","6367300","6997.0330"
"20200916","01","11","    13230","JP3046780007","319.0000","321.0000","319.0000","321.0000","0.0000","0.0000","0.0000","0.0000","319.0000","321.0000","319.0000","321.0000"," ","0.0000","0.0000","600","191800","319.6667"
"20200916","01","11","    13240","JP3046790006","134.0000","134.0000","133.0000","134.0000","134.0000","134.0000","134.0000","134.0000","134.0000","134.0000","133.0000","134.0000"," ","0.0000","0.0000","5900","790000","133.8983"
"20200916","01","11","    13250","JP3046800003","156.0000","156.0000","155.0000","155.0000","155.0000","156.0000","155.0000","156.0000","156.0000","156.0000","155.0000","156.0000"," ","0.0000","0.0000","3700","576600","155.8378"
"20200916","01","11","    13280","JP3046490003","5290.0000","5300.0000","5270.0000","5290.0000","5290.0000","5320.0000","5290.0000","5300.0000","5290.0000","5320.0000","5270.0000","5300.0000"," ","0.0000","0.0000","56630","299252000","5284.3369"
"20200916","01","11","    13290","JP3027710007","24100.0000","24160.0000","24050.0000","24150.0000","24150.0000","24150.0000","24110.0000","24120.0000","24100.0000","24160.0000","24050.0000","24120.0000"," ","0.0000","0.0000","14973","361175960","24121.8166"
"20200916","01","11","    13300","JP3027660004","24040.0000","24100.0000","24000.0000","24090.0000","24080.0000","24090.0000","24050.0000","24070.0000","24040.0000","24100.0000","24000.0000","24070.0000"," ","0.0000","0.0000","51890","1248807900","24066.4463"
"20200916","01","11","    13320","JP3718800000","465.0000","468.0000","462.0000","463.0000","463.0000","463.0000","459.0000","461.0000","465.0000","468.0000","459.0000","461.0000"," ","0.0000","0.0000","1493700","690447500","462.2397"
"20200916","01","11","    13330","JP3876600002","2451.0000","2481.0000","2431.0000","2476.0000","2470.0000","2474.0000","2462.0000","2466.0000","2451.0000","2481.0000","2431.0000","2466.0000"," ","0.0000","0.0000","163300","402718000","2466.1237"
"20200916","01","11","    13430","JP3047010008","1848.0000","1854.0000","1843.0000","1853.0000","1855.0000","1873.0000","1855.0000","1863.0000","1848.0000","1873.0000","1843.0000","1863.0000"," ","0.0000","0.0000","396290","736442740","1858.3430"
"20200916","01","11","    13440","JP3047020007","716.0000","717.0000","716.0000","717.0000","718.0000","718.0000","718.0000","718.0000","716.0000","718.0000","716.0000","718.0000"," ","0.0000","0.0000","540","387400","717.4074"
"20200916","01","11","    13450","JP3047030006","1739.0000","1743.0000","1734.0000","1743.0000","1745.0000","1760.0000","1745.0000","1749.0000","1739.0000","1760.0000","1734.0000","1749.0000"," ","0.0000","0.0000","32500","56843200","1749.0215"
"20200916","01","11","    13460","JP3047040005","24100.0000","24170.0000","24070.0000","24160.0000","24160.0000","24170.0000","24120.0000","24130.0000","24100.0000","24170.0000","24070.0000","24130.0000"," ","0.0000","0.0000","6514","157121410","24120.5726"
"20200916","01","11","    13480","JP3047060003","1688.0000","1697.0000","1687.0000","1696.0000","1697.0000","1697.0000","1692.0000","1694.0000","1688.0000","1697.0000","1687.0000","1694.0000"," ","0.0000","0.0000","35550","60240770","1694.5364"
"20200916","01","11","    13520","JP3839400003","0.0000","0.0000","0.0000","0.0000","919.0000","923.0000","918.0000","923.0000","919.0000","923.0000","918.0000","923.0000"," ","0.0000","0.0000","900","828100","920.1111"
"20200916","01","11","    13560","JP3047770007","1802.0000","1806.0000","1784.0000","1786.0000","1784.0000","1794.0000","1782.0000","1790.0000","1802.0000","1806.0000","1782.0000","1790.0000"," ","0.0000","0.0000","127410","228597790","1794.1903"
"20200916","01","11","    13570","JP3047780006","708.0000","710.0000","703.0000","705.0000","704.0000","707.0000","703.0000","706.0000","708.0000","710.0000","703.0000","706.0000"," ","0.0000","0.0000","18537078","13084737129","705.8684"
"20200916","01","11","    13580","JP3047790005","19530.0000","19630.0000","19450.0000","19610.0000","19600.0000","19630.0000","19550.0000","19570.0000","19530.0000","19630.0000","19450.0000","19570.0000"," ","0.0000","0.0000","6219","121773590","19580.8956"
"20200916","01","11","    13600","JP3047810001","1719.0000","1726.0000","1710.0000","1712.0000","1711.0000","1717.0000","1711.0000","1715.0000","1719.0000","1726.0000","1710.0000","1715.0000"," ","0.0000","0.0000","1454610","2498152260","1717.4035"
"20200916","01","11","    13640","JP3047840008","15040.0000","15060.0000","14990.0000","15060.0000","15040.0000","15050.0000","15030.0000","15050.0000","15040.0000","15060.0000","14990.0000","15050.0000"," ","0.0000","0.0000","28","421040","15037.1429"
"20200916","01","11","    13650","JP3047850007","16060.0000","16140.0000","16000.0000","16110.0000","16120.0000","16130.0000","16080.0000","16100.0000","16060.0000","16140.0000","16000.0000","16100.0000"," ","0.0000","0.0000","18202","292684260","16079.7857"
"20200916","01","11","    13660","JP3047860006","1845.0000","1850.0000","1833.0000","1835.0000","1834.0000","1840.0000","1833.0000","1838.0000","1845.0000","1850.0000","1833.0000","1838.0000"," ","0.0000","0.0000","182456","335548679","1839.0663"
"20200916","01","11","    13670","JP3047870005","13020.0000","13140.0000","12970.0000","13110.0000","13150.0000","13150.0000","13060.0000","13090.0000","13020.0000","13150.0000","12970.0000","13090.0000"," ","0.0000","0.0000","3957","51775440","13084.5186"
"20200916","01","11","    13680","JP3047880004","2618.0000","2625.0000","2592.0000","2596.0000","2593.0000","2608.0000","2591.0000","2600.0000","2618.0000","2625.0000","2591.0000","2600.0000"," ","0.0000","0.0000","60044","156334033","2603.6579"
"20200916","01","11","    13690","JP3047890003","0.0000","0.0000","0.0000","0.0000","23490.0000","23490.0000","23480.0000","23480.0000","23490.0000","23490.0000","23480.0000","23480.0000"," ","0.0000","0.0000","26","610570","23483.4615"
"20200916","01","11","    13760","JP3216200000","1500.0000","1539.0000","1482.0000","1532.0000","1537.0000","1537.0000","1518.0000","1537.0000","1500.0000","1539.0000","1482.0000","1537.0000"," ","0.0000","0.0000","15300","23204900","1516.6601"
"20200916","01","11","    13770","JP3315000004","3625.0000","3655.0000","3620.0000","3650.0000","3655.0000","3670.0000","3630.0000","3670.0000","3625.0000","3670.0000","3620.0000","3670.0000"," ","0.0000","0.0000","58000","211677500","3649.6121"
"20200916","01","11","    13790","JP3843250006","2207.0000","2246.0000","2206.0000","2245.0000","2245.0000","2245.0000","2233.0000","2237.0000","2207.0000","2246.0000","2206.0000","2237.0000"," ","0.0000","0.0000","143200","319728100","2232.7381"
"20200916","01","11","    13840","JP3845670003","661.0000","664.0000","660.0000","660.0000","665.0000","666.0000","663.0000","665.0000","661.0000","666.0000","660.0000","665.0000"," ","0.0000","0.0000","3100","2056800","663.4839"
"20200916","01","11","    13970","JP3047920008","0.0000","0.0000","0.0000","0.0000","0.0000","0.0000","0.0000","0.0000","0.0000","0.0000","0.0000","0.0000"," ","0.0000","0.0000","0","0","0.0000"
"20200916","01","11","    13980","JP3047930007","1747.0000","1752.0000","1747.0000","1751.0000","1758.0000","1770.0000","1758.0000","1758.0000","1747.0000","1770.0000","1747.0000","1758.0000"," ","0.0000","0.0000","2960","5203060","1757.7905"
"20200916","01","11","    13990","JP3048170009","1373.0000","1373.0000","1373.0000","1373.0000","0.0000","0.0000","0.0000","0.0000","1373.0000","1373.0000","1373.0000","1373.0000"," ","0.0000","0.0000","50","68650","1373.0000"
"20200916","01","11","    14130","JP3792100004","1961.0000","1961.0000","1949.0000","1956.0000","1959.0000","1965.0000","1956.0000","1965.0000","1961.0000","1965.0000","1949.0000","1965.0000"," ","0.0000","0.0000","54900","107371700","1955.7687"
"20200916","01","11","    14140","JP3360250009","5220.0000","5250.0000","5180.0000","5200.0000","5150.0000","5160.0000","5060.0000","5110.0000","5220.0000","5250.0000","5060.0000","5110.0000"," ","0.0000","0.0000","143200","734910000","5132.0531"
"20200916","01","11","    14170","JP3910620008","1568.0000","1592.0000","1568.0000","1586.0000","1584.0000","1586.0000","1557.0000","1572.0000","1568.0000","1592.0000","1557.0000","1572.0000"," ","0.0000","0.0000","455100","715971500","1573.2180"
"20200916","01","11","    14190","JP3470900006","1351.0000","1375.0000","1351.0000","1374.0000","1374.0000","1380.0000","1369.0000","1375.0000","1351.0000","1380.0000","1351.0000","1375.0000"," ","0.0000","0.0000","228500","313249600","1370.8954"
"20200916","01","11","    14200","JP3337550002","658.0000","661.0000","658.0000","661.0000","660.0000","662.0000","653.0000","653.0000","658.0000","662.0000","653.0000","653.0000"," ","0.0000","0.0000","6700","4400800","656.8358"
"20200916","01","11","    14290","JP3686140009","660.0000","672.0000","660.0000","663.0000","660.0000","666.0000","654.0000","666.0000","660.0000","672.0000","654.0000","666.0000"," ","0.0000","0.0000","64200","42526900","662.4128"
"20200916","01","11","    14300","JP3802210009","650.0000","659.0000","645.0000","657.0000","658.0000","660.0000","655.0000","659.0000","650.0000","660.0000","645.0000","659.0000"," ","0.0000","0.0000","51700","33910700","655.9130"
"20200916","01","11","    14330","JP3835550009","1127.0000","1187.0000","1114.0000","1170.0000","1176.0000","1191.0000","1168.0000","1187.0000","1127.0000","1191.0000","1114.0000","1187.0000"," ","0.0000","0.0000","92500","108399300","1171.8843"
"20200916","01","11","    14350","JP3153950005","197.0000","199.0000","196.0000","199.0000","198.0000","199.0000","196.0000","199.0000","197.0000","199.0000","196.0000","199.0000"," ","0.0000","0.0000","568200","112371300","197.7672"
"20200916","01","11","    14460","JP3244530006","746.0000","757.0000","743.0000","753.0000","753.0000","759.0000","748.0000","759.0000","746.0000","759.0000","743.0000","759.0000"," ","0.0000","0.0000","32800","24682800","752.5244"
"20200916","01","11","    14480","JP3400060004","469.0000","483.0000","462.0000","477.0000","479.0000","479.0000","470.0000","475.0000","469.0000","483.0000","462.0000","475.0000"," ","0.0000","0.0000","354200","167938700","474.1352"
"20200916","01","11","    14560","JP3047940006","5620.0000","5630.0000","5620.0000","5620.0000","5610.0000","5630.0000","5610.0000","5630.0000","5620.0000","5630.0000","5610.0000","5630.0000"," ","0.0000","0.0000","941","5288610","5620.2019"
"20200916","01","11","    14570","JP3047950005","6640.0000","6640.0000","6600.0000","6600.0000","6600.0000","6620.0000","6600.0000","6610.0000","6640.0000","6640.0000","6600.0000","6610.0000"," ","0.0000","0.0000","182","1205200","6621.9780"
"20200916","01","11","    14580","JP3047970003","12150.0000","12230.0000","12120.0000","12200.0000","12220.0000","12220.0000","12180.0000","12190.0000","12150.0000","12230.0000","12120.0000","12190.0000"," ","0.0000","0.0000","166423","2027409310","12182.2663"
"20200916","01","11","    14590","JP3047980002","2813.0000","2822.0000","2798.0000","2801.0000","2799.0000","2808.0000","2798.0000","2805.0000","2813.0000","2822.0000","2798.0000","2805.0000"," ","0.0000","0.0000","1013928","2842665382","2803.6166"
"20200916","01","11","    14600","JP3048190007","0.0000","0.0000","0.0000","0.0000","0.0000","0.0000","0.0000","0.0000","0.0000","0.0000","0.0000","0.0000"," ","0.0000","0.0000","0","0","0.0000"
"20200916","01","11","    14640","JP3048000008","10300.0000","10300.0000","10300.0000","10300.0000","0.0000","0.0000","0.0000","0.0000","10300.0000","10300.0000","10300.0000","10300.0000"," ","0.0000","0.0000","2","20600","10300.0000"
"20200916","01","11","    14650","JP3048010007","0.0000","0.0000","0.0000","0.0000","0.0000","0.0000","0.0000","0.0000","0.0000","0.0000","0.0000","0.0000"," ","0.0000","0.0000","0","0","0.0000"
"20200916","01","11","    14660","JP3048020006","3370.0000","3390.0000","3370.0000","3380.0000","3345.0000","3370.0000","3345.0000","3365.0000","3370.0000","3390.0000","3345.0000","3365.0000"," ","0.0000","0.0000","430","1444670","3359.6977"
"20200916","01","11","    14670","JP3048030005","0.0000","0.0000","0.0000","0.0000","0.0000","0.0000","0.0000","0.0000","0.0000","0.0000","0.0000","0.0000"," ","0.0000","0.0000","0","0","0.0000"
"20200916","01","11","    14680","JP3048040004","6330.0000","6330.0000","6320.0000","6320.0000","6310.0000","6310.0000","6310.0000","6310.0000","6330.0000","6330.0000","6310.0000","6310.0000"," ","0.0000","0.0000","170","1074400","6320.0000"
"20200916","01","11","    14690","JP3048050003","3430.0000","3430.0000","3390.0000","3390.0000","3390.0000","3390.0000","3385.0000","3385.0000","3430.0000","3430.0000","3385.0000","3385.0000"," ","0.0000","0.0000","120","408050","3400.4167"
"20200916","01","11","    14700","JP3048060002","0.0000","0.0000","0.0000","0.0000","0.0000","0.0000","0.0000","0.0000","0.0000","0.0000","0.0000","0.0000"," ","0.0000","0.0000","0","0","0.0000"
"20200916","01","11","    14710","JP3048070001","0.0000","0.0000","0.0000","0.0000","0.0000","0.0000","0.0000","0.0000","0.0000","0.0000","0.0000","0.0000"," ","0.0000","0.0000","0","0","0.0000"
"20200916","01","11","    14720","JP3048080000","1350.0000","1350.0000","1345.0000","1345.0000","1343.0000","1343.0000","1341.0000","1343.0000","1350.0000","1350.0000","1341.0000","1343.0000"," ","0.0000","0.0000","1871","2518488","1346.0652"
"20200916","01","11","    14730","JP3048090009","1653.0000","1653.0000","1653.0000","1653.0000","1660.0000","1660.0000","1660.0000","1660.0000","1653.0000","1660.0000","1653.0000","1660.0000"," ","0.0000","0.0000","120","198570","1654.7500"
"20200916","01","11","    14740","JP3048100006","14880.0000","14930.0000","14860.0000","14930.0000","14930.0000","14930.0000","14890.0000","14900.0000","14880.0000","14930.0000","14860.0000","14900.0000"," ","0.0000","0.0000","12149","180832390","14884.5493"
"20200916","01","11","    14750","JP3048120004","1666.0000","1674.0000","1663.0000","1672.0000","1674.0000","1674.0000","1669.0000","1672.0000","1666.0000","1674.0000","1663.0000","1672.0000"," ","0.0000","0.0000","65134","108653921","1668.1598"
"20200916","01","11","    14760","JP3048130003","1773.0000","1778.0000","1766.0000","1778.0000","1780.0000","1796.0000","1780.0000","1789.0000","1773.0000","1796.0000","1766.0000","1789.0000"," ","0.0000","0.0000","24229","43210050","1783.4021"
"20200916","01","11","    14770","JP3048140002","1712.0000","1712.0000","1705.0000","1711.0000","1714.0000","1715.0000","1713.0000","1713.0000","1712.0000","1715.0000","1705.0000","1713.0000"," ","0.0000","0.0000","18","30782","1710.1111"
"20200916","01","11","    14780","JP3048150001","1741.0000","1742.0000","1730.0000","1742.0000","1743.0000","1743.0000","1736.0000","1737.0000","1741.0000","1743.0000","1730.0000","1737.0000"," ","0.0000","0.0000","5777","10040338","1737.9848"
"20200916","01","11","    14790","JP3048220002","0.0000","0.0000","0.0000","0.0000","0.0000","0.0000","0.0000","0.0000","0.0000","0.0000","0.0000","0.0000"," ","0.0000","0.0000","0","0","0.0000"
"20200916","01","11","    14800","JP3048230001","0.0000","0.0000","0.0000","0.0000","16330.0000","16380.0000","16330.0000","16380.0000","16330.0000","16380.0000","16330.0000","16380.0000"," ","0.0000","0.0000","2","32710","16355.0000"
"20200916","01","11","    14810","JP3048240000","0.0000","0.0000","0.0000","0.0000","1626.0000","1626.0000","1619.0000","1619.0000","1626.0000","1626.0000","1619.0000","1619.0000"," ","0.0000","0.0000","445","720663","1619.4674"
"20200916","01","11","    14820","JP3048250009","2518.0000","2518.0000","2514.0000","2516.0000","2516.0000","2518.0000","2515.0000","2517.0000","2518.0000","2518.0000","2514.0000","2517.0000"," ","0.0000","0.0000","1413","3556197","2516.7707"
"20200916","01","11","    14830","JP3048260008","1575.0000","1595.0000","1575.0000","1595.0000","1529.0000","1596.0000","1529.0000","1596.0000","1575.0000","1596.0000","1529.0000","1596.0000"," ","0.0000","0.0000","436","693181","1589.8647"
"20200916","01","11","    14840","JP3048270007","0.0000","0.0000","0.0000","0.0000","1602.0000","1602.0000","1602.0000","1602.0000","1602.0000","1602.0000","1602.0000","1602.0000"," ","0.0000","0.0000","10","16020","1602.0000"
"20200916","01","11","    14850","JP3048280006","0.0000","0.0000","0.0000","0.0000","25270.0000","25270.0000","25270.0000","25270.0000","25270.0000","25270.0000","25270.0000","25270.0000"," ","0.0000","0.0000","1","25270","25270.0000"
"20200916","01","11","    14860","JP3048330009","21950.0000","21950.0000","21910.0000","21920.0000","21920.0000","21940.0000","21920.0000","21920.0000","21950.0000","21950.0000","21910.0000","21920.0000"," ","0.0000","0.0000","4783","104843530","21920.0355"
"20200916","01","11","    14870","JP3048340008","19700.0000","19700.0000","19680.0000","19680.0000","0.0000","0.0000","0.0000","0.0000","19700.0000","19700.0000","19680.0000","19680.0000"," ","0.0000","0.0000","4","78770","19692.5000"
"20200916","01","11","    14880","JP3048350007","1768.0000","1770.0000","1760.0000","1770.0000","1771.0000","1787.0000","1771.0000","1781.0000","1768.0000","1787.0000","1760.0000","1781.0000"," ","0.0000","0.0000","14370","25494650","1774.1580"
"20200916","01","11","    14890","JP3048390003","28760.0000","28760.0000","28590.0000","28740.0000","28750.0000","28750.0000","28640.0000","28660.0000","28760.0000","28760.0000","28590.0000","28660.0000"," ","0.0000","0.0000","899","25792760","28690.5006"
"20200916","01","11","    14900","JP3048400000","8100.0000","8100.0000","8100.0000","8100.0000","0.0000","0.0000","0.0000","0.0000","8100.0000","8100.0000","8100.0000","8100.0000"," ","0.0000","0.0000","10","81000","8100.0000"
"20200916","01","11","    14920","JP3048420008","13890.0000","13940.0000","13890.0000","13940.0000","13990.0000","13990.0000","13990.0000","13990.0000","13890.0000","13990.0000","13890.0000","13990.0000"," ","0.0000","0.0000","22","306860","13948.1818"
"20200916","01","11","    14930","JP3048430007","13980.0000","14080.0000","13980.0000","14080.0000","14090.0000","14090.0000","14090.0000","14090.0000","13980.0000","14090.0000","13980.0000","14090.0000"," ","0.0000","0.0000","111","1552060","13982.5225"
"20200916","01","11","    14940","JP3048440006","16650.0000","16650.0000","16580.0000","16580.0000","16600.0000","16600.0000","16600.0000","16600.0000","16650.0000","16650.0000","16580.0000","16600.0000"," ","0.0000","0.0000","79","1309910","16581.1392"
"20200916","01","11","    14950","JP3048450005","9880.0000","9900.0000","9820.0000","9900.0000","9930.0000","9930.0000","9900.0000","9900.0000","9880.0000","9930.0000","9820.0000","9900.0000"," ","0.0000","0.0000","210","2071700","9865.2381"
"20200916","01","11","    14960","JP3048460004","2654.0000","2654.0000","2648.0000","2650.0000","2651.0000","2652.0000","2650.0000","2652.0000","2654.0000","2654.0000","2648.0000","2652.0000"," ","0.0000","0.0000","792","2099777","2651.2336"
"20200916","01","11","    14970","JP3048470003","2305.0000","2305.0000","2299.0000","2302.0000","2302.0000","2304.0000","2300.0000","2304.0000","2305.0000","2305.0000","2299.0000","2304.0000"," ","0.0000","0.0000","211","485847","2302.5924"
"20200916","01","11","    14980","JP3048600005","0.0000","0.0000","0.0000","0.0000","12150.0000","12150.0000","12130.0000","12130.0000","12150.0000","12150.0000","12130.0000","12130.0000"," ","0.0000","0.0000","5","60670","12134.0000"
"20200916","01","11","    14990","JP3048670008","7910.0000","7910.0000","7910.0000","7910.0000","0.0000","0.0000","0.0000","0.0000","7910.0000","7910.0000","7910.0000","7910.0000"," ","0.0000","0.0000","1","7910","7910.0000"
"20200916","01","11","    15140","JP3400750000","125.0000","125.0000","123.0000","125.0000","124.0000","125.0000","124.0000","125.0000","125.0000","125.0000","123.0000","125.0000"," ","0.0000","0.0000","156900","19532300","124.4888"
"20200916","01","11","    15150","JP3680800004","5030.0000","5050.0000","4925.0000","4980.0000","4965.0000","5010.0000","4790.0000","4805.0000","5030.0000","5050.0000","4790.0000","4805.0000"," ","0.0000","0.0000","23300","114740500","4924.4850"
"20200916","01","11","    15180","JP3894000003","740.0000","740.0000","730.0000","739.0000","738.0000","738.0000","731.0000","737.0000","740.0000","740.0000","730.0000","737.0000"," ","0.0000","0.0000","60500","44408600","734.0264"
"20200916","01","11","    15400","JP3047190008","6400.0000","6410.0000","6360.0000","6380.0000","6390.0000","6400.0000","6370.0000","6370.0000","6400.0000","6410.0000","6360.0000","6370.0000"," ","0.0000","0.0000","91287","582763990","6383.8662"
"20200916","01","11","    15410","JP3047200005","3125.0000","3195.0000","3115.0000","3195.0000","3195.0000","3205.0000","3175.0000","3195.0000","3125.0000","3205.0000","3115.0000","3195.0000"," ","0.0000","0.0000","333901","1055166920","3160.1191"
"20200916","01","11","    15420","JP3047210004","8500.0000","8530.0000","8460.0000","8530.0000","8510.0000","8570.0000","8510.0000","8550.0000","8500.0000","8570.0000","8460.0000","8550.0000"," ","0.0000","0.0000","10016","85214500","8507.8375"
"20200916","01","11","    15430","JP3047220003","73200.0000","73400.0000","73100.0000","73400.0000","73400.0000","73400.0000","72500.0000","72500.0000","73200.0000","73400.0000","72500.0000","72500.0000"," ","0.0000","0.0000","420","30628400","72924.7619"
"20200916","01","11","    15450","JP3047240001","12220.0000","12270.0000","12170.0000","12260.0000","12290.0000","12290.0000","12250.0000","12260.0000","12220.0000","12290.0000","12170.0000","12260.0000"," ","0.0000","0.0000","82790","1012952500","12235.2035"
"20200916","01","11","    15460","JP3047250000","28720.0000","28760.0000","28650.0000","28760.0000","28780.0000","28780.0000","28720.0000","28750.0000","28720.0000","28780.0000","28650.0000","28750.0000"," ","0.0000","0.0000","18488","531267770","28735.8162"
"20200916","01","11","    15470","JP3047260009","3910.0000","3915.0000","3895.0000","3915.0000","3915.0000","3915.0000","3905.0000","3910.0000","3910.0000","3915.0000","3895.0000","3910.0000"," ","0.0000","0.0000","19320","75489400","3907.3188"
"20200916","01","11","    15500","JP3047290006","2593.0000","2593.0000","2582.0000","2588.0000","2589.0000","2595.0000","2589.0000","2591.0000","2593.0000","2595.0000","2582.0000","2591.0000"," ","0.0000","0.0000","1480","3831350","2588.7500"
"20200916","01","11","    15510","JP3047300003","4710.0000","4740.0000","4710.0000","4740.0000","4745.0000","4745.0000","4735.0000","4745.0000","4710.0000","4745.0000","4710.0000","4745.0000"," ","0.0000","0.0000","2120","10044150","4737.8066"
"20200916","01","11","    15520","JP3047310002","8380.0000","8390.0000","8300.0000","8330.0000","8300.0000","8380.0000","8300.0000","8360.0000","8380.0000","8390.0000","8300.0000","8360.0000"," ","0.0000","0.0000","119629","998713560","8348.4235"
"20200916","01","11","    15540","JP3047330000","2246.0000","2246.0000","2246.0000","2246.0000","2248.0000","2266.0000","2248.0000","2255.0000","2246.0000","2266.0000","2246.0000","2255.0000"," ","0.0000","0.0000","2000","4510300","2255.1500"
"20200916","01","11","    15550","JP3047340009","1350.0000","1356.0000","1341.0000","1356.0000","1356.0000","1359.0000","1354.0000","1359.0000","1350.0000","1359.0000","1341.0000","1359.0000"," ","0.0000","0.0000","9840","13345400","1356.2398"
"20200916","01","11","    15590","JP3047360007","2699.0000","2699.0000","2673.0000","2679.0000","2685.0000","2713.0000","2672.0000","2709.0000","2699.0000","2713.0000","2672.0000","2709.0000"," ","0.0000","0.0000","206","554791","2693.1602"
"20200916","01","11","    15600","JP3047370006","3715.0000","3775.0000","3715.0000","3775.0000","3775.0000","3775.0000","3770.0000","3775.0000","3715.0000","3775.0000","3715.0000","3775.0000"," ","0.0000","0.0000","380","1423145","3745.1184"
"20200916","01","11","    15630","JP3047400001","3080.0000","3135.0000","3080.0000","3115.0000","3120.0000","3125.0000","3105.0000","3125.0000","3080.0000","3135.0000","3080.0000","3125.0000"," ","0.0000","0.0000","16493","51280475","3109.2266"
"20200916","01","11","    15660","JP3047420009","43750.0000","43850.0000","43700.0000","43750.0000","43700.0000","43800.0000","43700.0000","43750.0000","43750.0000","43850.0000","43700.0000","43750.0000"," ","0.0000","0.0000","237","10369700","43754.0084"
"20200916","01","11","    15670","JP3047430008","0.0000","0.0000","0.0000","0.0000","0.0000","0.0000","0.0000","0.0000","0.0000","0.0000","0.0000","0.0000"," ","0.0000","0.0000","0","0","0.0000"
"20200916","01","11","    15680","JP3047440007","16740.0000","16890.0000","16680.0000","16850.0000","16890.0000","16890.0000","16790.0000","16820.0000","16740.0000","16890.0000","16680.0000","16820.0000"," ","0.0000","0.0000","53830","904586700","16804.5086"
"20200916","01","11","    15690","JP3047450006","2776.0000","2777.0000","2764.0000","2766.0000","2765.0000","2770.0000","2765.0000","2768.0000","2776.0000","2777.0000","2764.0000","2768.0000"," ","0.0000","0.0000","25190","69777310","2770.0401"
"20200916","01","11","    15700","JP3047460005","20880.0000","21000.0000","20820.0000","20980.0000","20990.0000","21000.0000","20930.0000","20960.0000","20880.0000","21000.0000","20820.0000","20960.0000"," ","0.0000","0.0000","3301478","69085853840","20925.7350"
"20200916","01","11","    15710","JP3047470004","1306.0000","1309.0000","1303.0000","1303.0000","1304.0000","1306.0000","1303.0000","1306.0000","1306.0000","1309.0000","1303.0000","1306.0000"," ","0.0000","0.0000","60722","79283392","1305.6782"
"20200916","01","11","    15720","JP3047520006","9270.0000","9380.0000","9270.0000","9380.0000","9360.0000","9360.0000","9350.0000","9350.0000","9270.0000","9380.0000","9270.0000","9350.0000"," ","0.0000","0.0000","150","1401000","9340.0000"
"20200916","01","11","    15730","JP3047530005","7340.0000","7380.0000","7280.0000","7300.0000","7330.0000","7330.0000","7300.0000","7320.0000","7340.0000","7380.0000","7280.0000","7320.0000"," ","0.0000","0.0000","380","2781000","7318.4211"
"20200916","01","11","    15740","JP3047500008","0.0000","0.0000","0.0000","0.0000","1460.0000","1462.0000","1460.0000","1462.0000","1460.0000","1462.0000","1460.0000","1462.0000"," ","0.0000","0.0000","30","43840","1461.3333"
"20200916","01","11","    15770","JP3047560002","19180.0000","19180.0000","19040.0000","19120.0000","19150.0000","19150.0000","19060.0000","19060.0000","19180.0000","19180.0000","19040.0000","19060.0000"," ","0.0000","0.0000","1734","33122800","19101.9608"
"20200916","01","11","    15780","JP3047570001","1865.0000","1870.0000","1864.0000","1870.0000","1871.0000","1871.0000","1867.0000","1867.0000","1865.0000","1871.0000","1864.0000","1867.0000"," ","0.0000","0.0000","103","192406","1868.0194"
"20200916","01","11","    15790","JP3047580000","22260.0000","22380.0000","22170.0000","22350.0000","22360.0000","22360.0000","22290.0000","22310.0000","22260.0000","22380.0000","22170.0000","22310.0000"," ","0.0000","0.0000","158000","3523583900","22301.1639"
"20200916","01","11","    15800","JP3047590009","3480.0000","3490.0000","3475.0000","3475.0000","3475.0000","3480.0000","3475.0000","3475.0000","3480.0000","3490.0000","3475.0000","3475.0000"," ","0.0000","0.0000","6500","22608500","3478.2308"
"20200916","01","11","    15850","JP3047620004","0.0000","0.0000","0.0000","0.0000","1291.0000","1291.0000","1290.0000","1291.0000","1291.0000","1291.0000","1290.0000","1291.0000"," ","0.0000","0.0000","300","387280","1290.9333"
"20200916","01","11","    15860","JP3047630003","1515.0000","1515.0000","1515.0000","1515.0000","1483.0000","1513.0000","1466.0000","1470.0000","1515.0000","1515.0000","1466.0000","1470.0000"," ","0.0000","0.0000","244","360625","1477.9713"
"20200916","01","11","    15910","JP3047670009","14850.0000","14890.0000","14810.0000","14890.0000","14890.0000","14890.0000","14840.0000","14850.0000","14850.0000","14890.0000","14810.0000","14850.0000"," ","0.0000","0.0000","1236","18332370","14832.0146"
"20200916","01","11","    15920","JP3047680008","1350.0000","1355.0000","1350.0000","1355.0000","1355.0000","1355.0000","1352.0000","1352.0000","1350.0000","1355.0000","1350.0000","1352.0000"," ","0.0000","0.0000","5201","7027083","1351.1023"
"20200916","01","11","    15930","JP3047690007","15120.0000","15150.0000","15090.0000","15150.0000","15150.0000","15150.0000","15120.0000","15120.0000","15120.0000","15150.0000","15090.0000","15120.0000"," ","0.0000","0.0000","135","2039130","15104.6667"
"20200916","01","11","    15950","JP3047700004","1765.0000","1767.0000","1760.0000","1767.0000","1768.0000","1783.0000","1768.0000","1774.0000","1765.0000","1783.0000","1760.0000","1774.0000"," ","0.0000","0.0000","18920","33575250","1774.5904"
"20200916","01","11","    15960","JP3047710003","0.0000","0.0000","0.0000","0.0000","0.0000","0.0000","0.0000","0.0000","0.0000","0.0000","0.0000","0.0000"," ","0.0000","0.0000","0","0","0.0000"
"20200916","01","11","    15970","JP3047720002","1755.0000","1758.0000","1749.0000","1758.0000","1761.0000","1776.0000","1761.0000","1766.0000","1755.0000","1776.0000","1749.0000","1766.0000"," ","0.0000","0.0000","6990","12291750","1758.4764"
"20200916","01","11","    15980","JP3047730001","0.0000","0.0000","0.0000","0.0000","0.0000","0.0000","0.0000","0.0000","0.0000","0.0000","0.0000","0.0000"," ","0.0000","0.0000","0","0","0.0000"
"20200916","01","11","    15990","JP3047740000","14950.0000","14990.0000","14950.0000","14990.0000","14970.0000","14970.0000","14970.0000","14970.0000","14950.0000","14990.0000","14950.0000","14970.0000"," ","0.0000","0.0000","18","269320","14962.2222"
"20200916","01","11","    16050","JP3294460005","617.8000","617.9000","608.5000","611.0000","611.1000","612.1000","605.0000","605.0000","617.8000","617.9000","605.0000","605.0000"," ","0.0000","0.0000","10016900","6101662630","609.1368"
"20200916","01","11","    16150","JP3040170007","125.0000","125.0000","123.0000","125.0000","125.0000","125.0000","123.0000","124.0000","125.0000","125.0000","123.0000","124.0000"," ","0.0000","0.0000","7846000","974623000","124.2191"
"20200916","01","11","    16170","JP3046560003","0.0000","0.0000","0.0000","0.0000","26310.0000","26310.0000","26310.0000","26310.0000","26310.0000","26310.0000","26310.0000","26310.0000"," ","0.0000","0.0000","50","1315500","26310.0000"
"20200916","01","11","    16180","JP3046570002","8260.0000","8260.0000","8190.0000","8190.0000","8210.0000","8210.0000","8190.0000","8200.0000","8260.0000","8260.0000","8190.0000","8200.0000"," ","0.0000","0.0000","182","1495010","8214.3407"
"20200916","01","11","    16190","JP3046580001","19080.0000","19080.0000","19080.0000","19080.0000","19040.0000","19040.0000","19030.0000","19030.0000","19080.0000","19080.0000","19030.0000","19030.0000"," ","0.0000","0.0000","8","152510","19063.7500"
"20200916","01","11","    16200","JP3046590000","23650.0000","23650.0000","23650.0000","23650.0000","23590.0000","23650.0000","23590.0000","23650.0000","23650.0000","23650.0000","23590.0000","23650.0000"," ","0.0000","0.0000","4","94540","23635.0000"
"20200916","01","11","    16210","JP3046600007","24900.0000","25150.0000","24900.0000","25150.0000","25150.0000","25150.0000","25070.0000","25070.0000","24900.0000","25150.0000","24900.0000","25070.0000"," ","0.0000","0.0000","150","3758430","25056.2000"
"20200916","01","11","    16220","JP3046610006","17550.0000","17550.0000","17460.0000","17500.0000","17500.0000","17500.0000","17490.0000","17490.0000","17550.0000","17550.0000","17460.0000","17490.0000"," ","0.0000","0.0000","78","1365100","17501.2821"
"20200916","01","11","    16230","JP3046620005","11660.0000","11660.0000","11530.0000","11570.0000","11560.0000","11570.0000","11560.0000","11570.0000","11660.0000","11660.0000","11530.0000","11570.0000"," ","0.0000","0.0000","95","1098280","11560.8421"
"20200916","01","11","    16240","JP3046630004","0.0000","0.0000","0.0000","0.0000","33600.0000","33600.0000","33600.0000","33600.0000","33600.0000","33600.0000","33600.0000","33600.0000"," ","0.0000","0.0000","1","33600","33600.0000"
"20200916","01","11","    16250","JP3046640003","21460.0000","21500.0000","21460.0000","21500.0000","0.0000","0.0000","0.0000","0.0000","21460.0000","21500.0000","21460.0000","21500.0000"," ","0.0000","0.0000","10","214720","21472.0000"
"20200916","01","11","    16260","JP3046650002","25320.0000","25520.0000","25280.0000","25520.0000","25580.0000","25660.0000","25530.0000","25630.0000","25320.0000","25660.0000","25280.0000","25630.0000"," ","0.0000","0.0000","253","6440010","25454.5850"
"20200916","01","11","    16270","JP3046660001","6100.0000","6100.0000","6040.0000","6080.0000","6080.0000","6080.0000","6080.0000","6080.0000","6100.0000","6100.0000","6040.0000","6080.0000"," ","0.0000","0.0000","55","333090","6056.1818"
"20200916","01","11","    16280","JP3046670000","14110.0000","14110.0000","14000.0000","14070.0000","14080.0000","14090.0000","14020.0000","14020.0000","14110.0000","14110.0000","14000.0000","14020.0000"," ","0.0000","0.0000","287","4033570","14054.2509"
"20200916","01","11","    16290","JP3046680009","32450.0000","32450.0000","32350.0000","32450.0000","32450.0000","32450.0000","32350.0000","32400.0000","32450.0000","32450.0000","32350.0000","32400.0000"," ","0.0000","0.0000","51","1652500","32401.9608"
"20200916","01","11","    16300","JP3046690008","0.0000","0.0000","0.0000","0.0000","0.0000","0.0000","0.0000","0.0000","0.0000","0.0000","0.0000","0.0000"," ","0.0000","0.0000","0","0","0.0000"
"20200916","01","11","    16310","JP3046700005","6450.0000","6450.0000","6390.0000","6430.0000","6460.0000","6460.0000","6420.0000","6420.0000","6450.0000","6460.0000","6390.0000","6420.0000"," ","0.0000","0.0000","1660","10695040","6442.7952"
"20200916","01","11","    16320","JP3046710004","11170.0000","11170.0000","11170.0000","11170.0000","11220.0000","11220.0000","11150.0000","11150.0000","11170.0000","11220.0000","11150.0000","11150.0000"," ","0.0000","0.0000","11","122940","11176.3636"
"20200916","01","11","    16330","JP3046720003","24430.0000","24430.0000","24380.0000","24380.0000","24450.0000","24450.0000","24450.0000","24450.0000","24430.0000","24450.0000","24380.0000","24450.0000"," ","0.0000","0.0000","4","97710","24427.5000"
"20200916","01","11","    16510","JP3048490001","847.0000","848.0000","842.0000","848.0000","847.0000","848.0000","845.0000","846.0000","847.0000","848.0000","842.0000","846.0000"," ","0.0000","0.0000","1470","1245540","847.3061"
"20200916","01","11","    16520","JP3048500007","0.0000","0.0000","0.0000","0.0000","0.0000","0.0000","0.0000","0.0000","0.0000","0.0000","0.0000","0.0000"," ","0.0000","0.0000","0","0","0.0000"
"20200916","01","11","    16530","JP3048510006","0.0000","0.0000","0.0000","0.0000","0.0000","0.0000","0.0000","0.0000","0.0000","0.0000","0.0000","0.0000"," ","0.0000","0.0000","0","0","0.0000"
"20200916","01","11","    16540","JP3048520005","0.0000","0.0000","0.0000","0.0000","0.0000","0.0000","0.0000","0.0000","0.0000","0.0000","0.0000","0.0000"," ","0.0000","0.0000","0","0","0.0000"
"20200916","01","11","    16550","JP3048530004","2561.0000","2567.0000","2556.0000","2567.0000","2567.0000","2569.0000","2563.0000","2567.0000","2561.0000","2569.0000","2556.0000","2567.0000"," ","0.0000","0.0000","148945","381941743","2564.3140"
"20200916","01","11","    16560","JP3048540003","2670.0000","2670.0000","2665.0000","2666.0000","2666.0000","2669.0000","2664.0000","2669.0000","2670.0000","2670.0000","2664.0000","2669.0000"," ","0.0000","0.0000","5355","14275768","2665.8764"
"20200916","01","11","    16570","JP3048550002","2300.0000","2303.0000","2290.0000","2303.0000","2303.0000","2304.0000","2298.0000","2302.0000","2300.0000","2304.0000","2290.0000","2302.0000"," ","0.0000","0.0000","729","1676510","2299.7394"
"20200916","01","11","    16580","JP3048560001","1906.0000","1906.0000","1896.0000","1903.0000","1903.0000","1905.0000","1902.0000","1905.0000","1906.0000","1906.0000","1896.0000","1905.0000"," ","0.0000","0.0000","961","1828179","1902.3715"
"20200916","01","11","    16590","JP3048570000","1815.0000","1817.0000","1811.0000","1817.0000","1818.0000","1818.0000","1813.0000","1815.0000","1815.0000","1818.0000","1811.0000","1815.0000"," ","0.0000","0.0000","1556","2824571","1815.2770"
"20200916","01","11","    16600","JP3048580009","9250.0000","9290.0000","9220.0000","9290.0000","9300.0000","9390.0000","9300.0000","9310.0000","9250.0000","9390.0000","9220.0000","9310.0000"," ","0.0000","0.0000","338","3142050","9296.0059"
"20200916","01","11","    16620","JP3421100003","1798.0000","1813.0000","1790.0000","1813.0000","1813.0000","1813.0000","1801.0000","1808.0000","1798.0000","1813.0000","1790.0000","1808.0000"," ","0.0000","0.0000","161800","292121400","1805.4475"
"20200916","01","11","    16630","JP3277020008","1518.0000","1523.0000","1512.0000","1520.0000","1523.0000","1527.0000","1520.0000","1524.0000","1518.0000","1527.0000","1512.0000","1524.0000"," ","0.0000","0.0000","10500","15986500","1522.5238"
"20200916","01","11","    16700","JP3047070002","116.0000","116.0000","115.0000","116.0000","0.0000","0.0000","0.0000","0.0000","116.0000","116.0000","115.0000","116.0000"," ","0.0000","0.0000","3300","382700","115.9697"
"20200916","01","11","    16710","JP3047080001","812.0000","820.0000","809.0000","818.0000","819.0000","823.0000","819.0000","820.0000","812.0000","823.0000","809.0000","820.0000"," ","0.0000","0.0000","4351430","3557232971","817.4860"
"20200916","01","11","    16770","JP3047090000","51500.0000","51500.0000","51500.0000","51500.0000","51500.0000","51500.0000","51300.0000","51300.0000","51500.0000","51500.0000","51300.0000","51300.0000"," ","0.0000","0.0000","140","7200000","51428.5714"
"20200916","01","11","    16780","JP3047100007","148.0000","149.0000","148.0000","148.0000","148.0000","149.0000","148.0000","148.0000","148.0000","149.0000","148.0000","148.0000"," ","0.0000","0.0000","79400","11762000","148.1360"
"20200916","01","11","    16790","JP3047110006","26400.0000","26400.0000","26370.0000","26370.0000","26490.0000","26490.0000","26460.0000","26470.0000","26400.0000","26490.0000","26370.0000","26470.0000"," ","0.0000","0.0000","170","4496500","26450.0000"
"20200916","01","11","    16800","JP3047120005","2650.0000","2658.0000","2650.0000","2658.0000","2658.0000","2669.0000","2654.0000","2662.0000","2650.0000","2669.0000","2650.0000","2662.0000"," ","0.0000","0.0000","2240","5948150","2655.4241"
"20200916","01","11","    16810","JP3047130004","1485.0000","1485.0000","1478.0000","1485.0000","1490.0000","1490.0000","1485.0000","1489.0000","1485.0000","1490.0000","1478.0000","1489.0000"," ","0.0000","0.0000","5760","8546940","1483.8438"
"20200916","01","11","    16820","JP3047140003","178.0000","179.0000","177.0000","178.0000","178.0000","180.0000","177.0000","178.0000","178.0000","180.0000","177.0000","178.0000"," ","0.0000","0.0000","233800","41663100","178.1997"
"20200916","01","11","    16980","JP3047170000","1447.0000","1447.0000","1439.0000","1442.0000","1449.0000","1449.0000","1440.0000","1440.0000","1447.0000","1449.0000","1439.0000","1440.0000"," ","0.0000","0.0000","450","650250","1445.0000"
"20200916","01","11","    16990","JP3047180009","100.0000","102.0000","99.0000","101.0000","101.0000","102.0000","101.0000","101.0000","100.0000","102.0000","99.0000","101.0000"," ","0.0000","0.0000","11736090","1181181320","100.6452"
"20200916","01","11","    17120","JP3485700003","702.0000","708.0000","696.0000","697.0000","700.0000","702.0000","696.0000","702.0000","702.0000","708.0000","696.0000","702.0000"," ","0.0000","0.0000","101700","71208600","700.1829"
"20200916","01","11","    17160","JP3473700007","2288.0000","2315.0000","2288.0000","2294.0000","2293.0000","2301.0000","2279.0000","2289.0000","2288.0000","2315.0000","2279.0000","2289.0000"," ","0.0000","0.0000","12400","28455800","2294.8226"
"20200916","01","11","    17170","JP3920400003","703.0000","715.0000","688.0000","691.0000","693.0000","705.0000","686.0000","704.0000","703.0000","715.0000","686.0000","704.0000"," ","0.0000","0.0000","98400","69058400","701.8130"
"20200916","01","11","    17190","JP3767810009","779.0000","779.0000","763.0000","764.0000","764.0000","767.0000","763.0000","765.0000","779.0000","779.0000","763.0000","765.0000"," ","0.0000","0.0000","427000","327012900","765.8382"
"20200916","01","11","    17200","JP3567410000","483.0000","483.0000","475.0000","481.0000","480.0000","481.0000","475.0000","475.0000","483.0000","483.0000","475.0000","475.0000"," ","0.0000","0.0000","410800","196137000","477.4513"
"20200916","01","11","    17210","JP3305530002","2988.0000","2990.0000","2959.0000","2962.0000","2970.0000","2973.0000","2941.0000","2965.0000","2988.0000","2990.0000","2941.0000","2965.0000"," ","0.0000","0.0000","648300","1921139200","2963.3491"
"20200916","01","11","    17260","JP3799610005","773.0000","803.0000","773.0000","798.0000","798.0000","804.0000","788.0000","794.0000","773.0000","804.0000","773.0000","794.0000"," ","0.0000","0.0000","156700","124044600","791.6056"
"20200916","01","11","    17620","JP3457900003","2251.0000","2281.0000","2240.0000","2277.0000","2283.0000","2283.0000","2260.0000","2265.0000","2251.0000","2283.0000","2240.0000","2265.0000"," ","0.0000","0.0000","30000","67988100","2266.2700"
"20200916","01","11","    17660","JP3590900001","8050.0000","8180.0000","8030.0000","8060.0000","8060.0000","8070.0000","7950.0000","7980.0000","8050.0000","8180.0000","7950.0000","7980.0000"," ","0.0000","0.0000","35700","287610000","8056.3025"
"20200916","01","11","    17680","JP3435700004","900.0000","900.0000","893.0000","897.0000","895.0000","896.0000","894.0000","896.0000","900.0000","900.0000","893.0000","896.0000"," ","0.0000","0.0000","5000","4484400","896.8800"
"20200916","01","11","    17800","JP3934300009","849.0000","850.0000","847.0000","849.0000","850.0000","855.0000","848.0000","855.0000","849.0000","855.0000","847.0000","855.0000"," ","0.0000","0.0000","11700","9958200","851.1282"
"20200916","01","11","    18010","JP3443600006","3695.0000","3695.0000","3645.0000","3665.0000","3665.0000","3695.0000","3660.0000","3675.0000","3695.0000","3695.0000","3645.0000","3675.0000"," ","0.0000","0.0000","565100","2076409000","3674.4098"
"20200916","01","11","    18020","JP3190000004","1013.0000","1013.0000","1001.0000","1006.0000","1006.0000","1007.0000","998.0000","999.0000","1013.0000","1013.0000","998.0000","999.0000"," ","0.0000","0.0000","1960900","1966210900","1002.7084"
"20200916","01","11","    18030","JP3358800005","821.0000","822.0000","806.0000","810.0000","811.0000","812.0000","807.0000","809.0000","821.0000","822.0000","806.0000","809.0000"," ","0.0000","0.0000","2067100","1674420900","810.0338"
"20200916","01","11","    18050","JP3629800008","1122.0000","1127.0000","1117.0000","1125.0000","1125.0000","1126.0000","1116.0000","1119.0000","1122.0000","1127.0000","1116.0000","1119.0000"," ","0.0000","0.0000","46500","52166700","1121.8645"
"20200916","01","11","    18080","JP3768600003","1481.0000","1498.0000","1478.0000","1490.0000","1489.0000","1493.0000","1488.0000","1489.0000","1481.0000","1498.0000","1478.0000","1489.0000"," ","0.0000","0.0000","941600","1402106100","1489.0677"
"20200916","01","11","    18100","JP3863600007","670.0000","670.0000","651.0000","653.0000","655.0000","655.0000","649.0000","654.0000","670.0000","670.0000","649.0000","654.0000"," ","0.0000","0.0000","57700","37746800","654.1906"
"20200916","01","11","    18110","JP3427800002","4065.0000","4150.0000","4065.0000","4105.0000","4105.0000","4150.0000","4105.0000","4150.0000","4065.0000","4150.0000","4065.0000","4150.0000"," ","0.0000","0.0000","3900","16093500","4126.5385"
"20200916","01","11","    18120","JP3210200006","1317.0000","1318.0000","1302.0000","1309.0000","1310.0000","1311.0000","1302.0000","1302.0000","1317.0000","1318.0000","1302.0000","1302.0000"," ","0.0000","0.0000","1437400","1877494300","1306.1739"
"20200916","01","11","    18130","JP3825600004","1540.0000","1549.0000","1531.0000","1540.0000","1536.0000","1536.0000","1510.0000","1519.0000","1540.0000","1549.0000","1510.0000","1519.0000"," ","0.0000","0.0000","79900","122173100","1529.0751"
"20200916","01","11","    18140","JP3485400000","896.0000","896.0000","883.0000","891.0000","892.0000","899.0000","892.0000","899.0000","896.0000","899.0000","883.0000","899.0000"," ","0.0000","0.0000","5500","4929600","896.2909"
"20200916","01","11","    18150","JP3545600003","2074.0000","2080.0000","2056.0000","2077.0000","2074.0000","2077.0000","2055.0000","2077.0000","2074.0000","2080.0000","2055.0000","2077.0000"," ","0.0000","0.0000","18400","38095300","2070.3967"
"20200916","01","11","    18200","JP3659200004","2073.0000","2088.0000","2057.0000","2083.0000","2080.0000","2082.0000","2064.0000","2065.0000","2073.0000","2088.0000","2057.0000","2065.0000"," ","0.0000","0.0000","199200","412783500","2072.2063"
"20200916","01","11","    18210","JP3889200006","435.0000","435.0000","431.0000","433.0000","433.0000","434.0000","431.0000","431.0000","435.0000","435.0000","431.0000","431.0000"," ","0.0000","0.0000","433700","187611300","432.5831"
"20200916","01","11","    18220","JP3498600000","2952.0000","2964.0000","2897.0000","2938.0000","2936.0000","2944.0000","2928.0000","2932.0000","2952.0000","2964.0000","2897.0000","2932.0000"," ","0.0000","0.0000","224100","657604500","2934.4244"
"20200916","01","11","    18240","JP3861200008","788.0000","792.0000","785.0000","788.0000","789.0000","792.0000","786.0000","790.0000","788.0000","792.0000","785.0000","790.0000"," ","0.0000","0.0000","385900","304681000","789.5336"
"20200916","01","11","    18260","JP3319600007","437.0000","439.0000","435.0000","439.0000","439.0000","439.0000","437.0000","437.0000","437.0000","439.0000","435.0000","437.0000"," ","0.0000","0.0000","11700","5115400","437.2137"
"20200916","01","11","    18270","JP3643600004","400.0000","400.0000","397.0000","398.0000","400.0000","400.0000","397.0000","397.0000","400.0000","400.0000","397.0000","397.0000"," ","0.0000","0.0000","12400","4938100","398.2339"
"20200916","01","11","    18330","JP3194800003","2653.0000","2653.0000","2615.0000","2615.0000","2615.0000","2639.0000","2609.0000","2627.0000","2653.0000","2653.0000","2609.0000","2627.0000"," ","0.0000","0.0000","80400","211203700","2626.9117"
"20200916","01","11","    18350","JP3595400007","2761.0000","2770.0000","2751.0000","2770.0000","2778.0000","2780.0000","2763.0000","2767.0000","2761.0000","2780.0000","2751.0000","2767.0000"," ","0.0000","0.0000","32300","89365200","2766.7245"
"20200916","01","11","    18470","JP3141400006","1544.0000","1556.0000","1536.0000","1550.0000","1550.0000","1558.0000","1544.0000","1552.0000","1544.0000","1558.0000","1536.0000","1552.0000"," ","0.0000","0.0000","12400","19206500","1548.9113"
"20200916","01","11","    18480","JP3820650004","650.0000","652.0000","636.0000","636.0000","636.0000","645.0000","636.0000","645.0000","650.0000","652.0000","636.0000","645.0000"," ","0.0000","0.0000","15600","10066100","645.2628"
"20200916","01","11","    18520","JP3110000001","4270.0000","4285.0000","4230.0000","4250.0000","4260.0000","4260.0000","4205.0000","4230.0000","4270.0000","4285.0000","4205.0000","4230.0000"," ","0.0000","0.0000","16800","71250000","4241.0714"
"20200916","01","11","    18600","JP3627000007","706.0000","707.0000","702.0000","705.0000","707.0000","707.0000","701.0000","701.0000","706.0000","707.0000","701.0000","701.0000"," ","0.0000","0.0000","263400","185284100","703.4324"
"20200916","01","11","    18610","JP3266800006","2725.0000","2742.0000","2713.0000","2733.0000","2730.0000","2735.0000","2716.0000","2716.0000","2725.0000","2742.0000","2713.0000","2716.0000"," ","0.0000","0.0000","107300","292446300","2725.5014"
"20200916","01","11","    18660","JP3240000004","2693.0000","2693.0000","2669.0000","2682.0000","2691.0000","2699.0000","2678.0000","2699.0000","2693.0000","2699.0000","2669.0000","2699.0000"," ","0.0000","0.0000","4300","11557900","2687.8837"
"20200916","01","11","    18670","JP3154400000","2704.0000","2719.0000","2704.0000","2713.0000","2713.0000","2722.0000","2713.0000","2722.0000","2704.0000","2722.0000","2704.0000","2722.0000"," ","0.0000","0.0000","5700","15451000","2710.7018"
"20200916","01","11","    18700","JP3933200002","859.0000","867.0000","858.0000","863.0000","866.0000","881.0000","863.0000","876.0000","859.0000","881.0000","858.0000","876.0000"," ","0.0000","0.0000","45400","39509000","870.2423"
"20200916","01","11","    18710","JP3801400007","603.0000","611.0000","601.0000","608.0000","609.0000","619.0000","608.0000","618.0000","603.0000","619.0000","601.0000","618.0000"," ","0.0000","0.0000","129600","79359700","612.3434"
"20200916","01","11","    18730","JP3783500006","273.0000","275.0000","270.0000","274.0000","274.0000","275.0000","272.0000","275.0000","273.0000","275.0000","270.0000","275.0000"," ","0.0000","0.0000","71300","19489500","273.3450"
"20200916","01","11","    18780","JP3486800000","9840.0000","9884.0000","9763.0000","9827.0000","9820.0000","9871.0000","9795.0000","9810.0000","9840.0000","9884.0000","9763.0000","9810.0000"," ","0.0000","0.0000","464900","4565187500","9819.7193"
"20200916","01","11","    18790","JP3380300008","871.0000","871.0000","851.0000","869.0000","871.0000","875.0000","865.0000","875.0000","871.0000","875.0000","851.0000","875.0000"," ","0.0000","0.0000","20400","17681500","866.7402"
"20200916","01","11","    18810","JP3750200002","2769.0000","2769.0000","2743.0000","2765.0000","2765.0000","2770.0000","2749.0000","2758.0000","2769.0000","2770.0000","2743.0000","2758.0000"," ","0.0000","0.0000","71400","196924300","2758.0434"
"20200916","01","11","    18820","JP3558000000","3400.0000","3440.0000","3390.0000","3425.0000","3425.0000","3445.0000","3415.0000","3445.0000","3400.0000","3445.0000","3390.0000","3445.0000"," ","0.0000","0.0000","16100","55140000","3424.8447"
"20200916","01","11","    18830","JP3861600009","1900.0000","1907.0000","1897.0000","1901.0000","1902.0000","1905.0000","1898.0000","1902.0000","1900.0000","1907.0000","1897.0000","1902.0000"," ","0.0000","0.0000","139600","265496800","1901.8395"
"20200916","01","11","    18840","JP3740200005","7510.0000","7620.0000","7470.0000","7620.0000","7630.0000","7800.0000","7630.0000","7800.0000","7510.0000","7800.0000","7470.0000","7800.0000"," ","0.0000","0.0000","11600","88934000","7666.7241"
"20200916","01","11","    18850","JP3556000002","1666.0000","1686.0000","1659.0000","1666.0000","1669.0000","1669.0000","1658.0000","1660.0000","1666.0000","1686.0000","1658.0000","1660.0000"," ","0.0000","0.0000","46800","77982500","1666.2927"
"20200916","01","11","    18870","JP3707200006","635.0000","644.0000","634.0000","642.0000","643.0000","644.0000","640.0000","644.0000","635.0000","644.0000","634.0000","644.0000"," ","0.0000","0.0000","119800","76845900","641.4516"
"20200916","01","11","    18880","JP3990800009","1237.0000","1246.0000","1227.0000","1243.0000","1246.0000","1246.0000","1223.0000","1236.0000","1237.0000","1246.0000","1223.0000","1236.0000"," ","0.0000","0.0000","31300","38707800","1236.6709"
"20200916","01","11","    18900","JP3609800002","414.0000","416.0000","411.0000","413.0000","412.0000","413.0000","410.0000","411.0000","414.0000","416.0000","410.0000","411.0000"," ","0.0000","0.0000","394000","162391800","412.1619"
"20200916","01","11","    18930","JP3309000002","680.0000","690.0000","680.0000","687.0000","687.0000","688.0000","684.0000","686.0000","680.0000","690.0000","680.0000","686.0000"," ","0.0000","0.0000","793000","544112000","686.1438"
"20200916","01","11","    18980","JP3414600001","802.0000","809.0000","801.0000","808.0000","809.0000","809.0000","800.0000","805.0000","802.0000","809.0000","800.0000","805.0000"," ","0.0000","0.0000","36300","29207400","804.6116"
"20200916","01","11","    18990","JP3805600008","5360.0000","5420.0000","5180.0000","5350.0000","5350.0000","5430.0000","5350.0000","5420.0000","5360.0000","5430.0000","5180.0000","5420.0000"," ","0.0000","0.0000","60500","323922000","5354.0826"
"20200916","01","11","    19090","JP3740800002","1600.0000","1605.0000","1585.0000","1601.0000","1593.0000","1593.0000","1548.0000","1558.0000","1600.0000","1605.0000","1548.0000","1558.0000"," ","0.0000","0.0000","26100","41193400","1578.2912"
"20200916","01","11","    19110","JP3409800004","1750.0000","1750.0000","1729.0000","1729.0000","1736.0000","1758.0000","1730.0000","1751.0000","1750.0000","1758.0000","1729.0000","1751.0000"," ","0.0000","0.0000","549600","958983200","1744.8748"
"20200916","01","11","    19140","JP3697400004","458.0000","464.0000","455.0000","464.0000","464.0000","476.0000","463.0000","472.0000","458.0000","476.0000","455.0000","472.0000"," ","0.0000","0.0000","81200","37971600","467.6305"
"20200916","01","11","    19210","JP3631400003","372.0000","372.0000","369.0000","372.0000","374.0000","376.0000","371.0000","376.0000","372.0000","376.0000","369.0000","376.0000"," ","0.0000","0.0000","21800","8147600","373.7431"
"20200916","01","11","    19250","JP3505000004","2929.0000","2929.0000","2888.5000","2902.5000","2902.5000","2913.0000","2881.0000","2884.0000","2929.0000","2929.0000","2881.0000","2884.0000"," ","0.0000","0.0000","2020800","5856220100","2897.9712"
"20200916","01","11","    19260","JP3965800000","1596.0000","1609.0000","1595.0000","1600.0000","1600.0000","1600.0000","1581.0000","1587.0000","1596.0000","1609.0000","1581.0000","1587.0000"," ","0.0000","0.0000","111000","176608300","1591.0658"
"20200916","01","11","    19280","JP3420600003","1966.0000","1967.0000","1951.0000","1955.0000","1957.0000","1963.0000","1955.5000","1956.5000","1966.0000","1967.0000","1951.0000","1956.5000"," ","0.0000","0.0000","2016800","3950740350","1958.9153"
"20200916","01","11","    19290","JP3684800000","794.0000","795.0000","788.0000","794.0000","794.0000","794.0000","786.0000","791.0000","794.0000","795.0000","786.0000","791.0000"," ","0.0000","0.0000","30300","23940700","790.1221"
"20200916","01","11","    19300","JP3845000003","1101.0000","1112.0000","1101.0000","1109.0000","1110.0000","1115.0000","1106.0000","1115.0000","1101.0000","1115.0000","1101.0000","1115.0000"," ","0.0000","0.0000","11000","12207800","1109.8000"
"20200916","01","11","    19340","JP3946200007","649.0000","650.0000","640.0000","644.0000","645.0000","645.0000","642.0000","644.0000","649.0000","650.0000","640.0000","644.0000"," ","0.0000","0.0000","58400","37639800","644.5171"
"20200916","01","11","    19380","JP3510600004","3140.0000","3270.0000","3035.0000","3050.0000","3120.0000","3160.0000","2966.0000","3030.0000","3140.0000","3270.0000","2966.0000","3030.0000"," ","0.0000","0.0000","47200","146031000","3093.8771"
"20200916","01","11","    19390","JP3962600007","2296.0000","2302.0000","2291.0000","2291.0000","2300.0000","2303.0000","2292.0000","2303.0000","2296.0000","2303.0000","2291.0000","2303.0000"," ","0.0000","0.0000","2900","6667000","2298.9655"
"20200916","01","11","    19410","JP3524000001","2316.0000","2329.0000","2316.0000","2320.0000","2320.0000","2323.0000","2310.0000","2315.0000","2316.0000","2329.0000","2310.0000","2315.0000"," ","0.0000","0.0000","42900","99461900","2318.4592"
"20200916","01","11","    19420","JP3230600003","877.0000","878.0000","868.0000","873.0000","871.0000","873.0000","865.0000","866.0000","877.0000","878.0000","865.0000","866.0000"," ","0.0000","0.0000","430600","374874200","870.5857"
"20200916","01","11","    19440","JP3263000006","1857.0000","1867.0000","1855.0000","1864.0000","1865.0000","1867.0000","1860.0000","1864.0000","1857.0000","1867.0000","1855.0000","1864.0000"," ","0.0000","0.0000","328900","612674900","1862.7999"
"20200916","01","11","    19450","JP3585400009","739.0000","741.0000","732.0000","736.0000","743.0000","749.0000","735.0000","749.0000","739.0000","749.0000","732.0000","749.0000"," ","0.0000","0.0000","68800","50856100","739.1875"
"20200916","01","11","    19460","JP3552230009","3625.0000","3645.0000","3570.0000","3595.0000","3625.0000","3630.0000","3605.0000","3620.0000","3625.0000","3645.0000","3570.0000","3620.0000"," ","0.0000","0.0000","8500","30768000","3619.7647"
"20200916","01","11","    19490","JP3407800006","2363.0000","2413.0000","2355.0000","2413.0000","2413.0000","2432.0000","2398.0000","2423.0000","2363.0000","2432.0000","2355.0000","2423.0000"," ","0.0000","0.0000","32600","78588900","2410.7025"
"20200916","01","11","    19500","JP3736200001","2198.0000","2207.0000","2173.0000","2207.0000","2202.0000","2205.0000","2169.0000","2196.0000","2198.0000","2207.0000","2169.0000","2196.0000"," ","0.0000","0.0000","121800","266982700","2191.9762"
"20200916","01","11","    19510","JP3254200003","2717.0000","2725.0000","2707.0000","2722.0000","2722.0000","2722.0000","2689.0000","2699.0000","2717.0000","2725.0000","2689.0000","2699.0000"," ","0.0000","0.0000","370400","1001420400","2703.6188"
"20200916","01","11","    19520","JP3380250005","2121.0000","2132.0000","2104.0000","2125.0000","2127.0000","2140.0000","2123.0000","2137.0000","2121.0000","2140.0000","2104.0000","2137.0000"," ","0.0000","0.0000","25400","54084300","2129.3031"
"20200916","01","11","    19540","JP3703200000","2920.0000","2925.0000","2882.0000","2917.0000","2908.0000","2918.0000","2852.0000","2879.0000","2920.0000","2925.0000","2852.0000","2879.0000"," ","0.0000","0.0000","48200","139347400","2891.0249"
"20200916","01","11","    19590","JP3247050002","3050.0000","3060.0000","3020.0000","3030.0000","3030.0000","3030.0000","2991.0000","2991.0000","3050.0000","3060.0000","2991.0000","2991.0000"," ","0.0000","0.0000","108000","324765300","3007.0861"
"20200916","01","11","    19610","JP3325600009","1216.0000","1225.0000","1206.0000","1208.0000","1210.0000","1212.0000","1201.0000","1201.0000","1216.0000","1225.0000","1201.0000","1201.0000"," ","0.0000","0.0000","341200","412752500","1209.7084"
"20200916","01","11","    19630","JP3667600005","1104.0000","1116.0000","1099.0000","1103.0000","1106.0000","1106.0000","1086.0000","1093.0000","1104.0000","1116.0000","1086.0000","1093.0000"," ","0.0000","0.0000","1767700","1938178600","1096.4409"
"20200916","01","11","    19640","JP3519800001","1522.0000","1545.0000","1519.0000","1541.0000","1541.0000","1551.0000","1474.0000","1551.0000","1522.0000","1551.0000","1474.0000","1551.0000"," ","0.0000","0.0000","12300","18792900","1527.8780"
"20200916","01","11","    19670","JP3940800000","672.0000","672.0000","663.0000","667.0000","672.0000","680.0000","665.0000","680.0000","672.0000","680.0000","663.0000","680.0000"," ","0.0000","0.0000","30400","20466000","673.2237"
"20200916","01","11","    19680","JP3447200001","2308.0000","2319.0000","2273.0000","2316.0000","2319.0000","2347.0000","2303.0000","2322.0000","2308.0000","2347.0000","2273.0000","2322.0000"," ","0.0000","0.0000","34700","80587400","2322.4035"
"20200916","01","11","    19690","JP3455200000","1546.0000","1552.0000","1533.0000","1544.0000","1546.0000","1546.0000","1530.0000","1530.0000","1546.0000","1552.0000","1530.0000","1530.0000"," ","0.0000","0.0000","143600","220658600","1536.6198"
"20200916","01","11","    19720","JP3330800008","2090.0000","2096.0000","2070.0000","2096.0000","2096.0000","2110.0000","2096.0000","2110.0000","2090.0000","2110.0000","2070.0000","2110.0000"," ","0.0000","0.0000","3400","7128100","2096.5000"
"20200916","01","11","    19730","JP3733800001","1936.0000","1960.0000","1933.0000","1959.0000","1955.0000","1969.0000","1952.0000","1969.0000","1936.0000","1969.0000","1933.0000","1969.0000"," ","0.0000","0.0000","664600","1299025800","1954.5980"
"20200916","01","11","    19750","JP3112800002","3000.0000","3050.0000","2975.0000","3050.0000","3075.0000","3195.0000","3075.0000","3150.0000","3000.0000","3195.0000","2975.0000","3150.0000"," ","0.0000","0.0000","7400","22809800","3082.4054"
"20200916","01","11","    19760","JP3918200001","790.0000","803.0000","784.0000","802.0000","802.0000","807.0000","791.0000","795.0000","790.0000","807.0000","784.0000","795.0000"," ","0.0000","0.0000","50000","39886800","797.7360"
"20200916","01","11","    19790","JP3441200007","2916.0000","2934.0000","2896.0000","2931.0000","2931.0000","2934.0000","2901.0000","2914.0000","2916.0000","2934.0000","2896.0000","2914.0000"," ","0.0000","0.0000","49500","144350000","2916.1616"
"20200916","01","11","    19800","JP3486000007","2780.0000","2846.0000","2770.0000","2839.0000","2832.0000","2838.0000","2807.0000","2812.0000","2780.0000","2846.0000","2770.0000","2812.0000"," ","0.0000","0.0000","30500","86064100","2821.7738"
"20200916","01","11","    19820","JP3793400007","1801.0000","1821.0000","1785.0000","1816.0000","1816.0000","1817.0000","1795.0000","1804.0000","1801.0000","1821.0000","1785.0000","1804.0000"," ","0.0000","0.0000","36700","66288800","1806.2343"
"20200916","01","11","    20010","JP3723000000","1690.0000","1691.0000","1680.0000","1688.0000","1695.0000","1703.0000","1687.0000","1698.0000","1690.0000","1703.0000","1680.0000","1698.0000"," ","0.0000","0.0000","126100","213630800","1694.1380"
"20200916","01","11","    20020","JP3676800000","1686.0000","1712.0000","1684.0000","1709.0000","1712.0000","1713.0000","1699.0000","1704.0000","1686.0000","1713.0000","1684.0000","1704.0000"," ","0.0000","0.0000","725700","1235030800","1701.8476"
"20200916","01","11","    20030","JP3683200004","6180.0000","6230.0000","6180.0000","6200.0000","6220.0000","6260.0000","6220.0000","6260.0000","6180.0000","6260.0000","6180.0000","6260.0000"," ","0.0000","0.0000","2800","17459000","6235.3571"
"20200916","01","11","    20040","JP3366400004","3550.0000","3565.0000","3530.0000","3560.0000","3565.0000","3590.0000","3550.0000","3560.0000","3550.0000","3590.0000","3530.0000","3560.0000"," ","0.0000","0.0000","62300","222616000","3573.2905"
"20200916","01","11","    20090","JP3636200002","993.0000","1011.0000","990.0000","1011.0000","1011.0000","1012.0000","1006.0000","1012.0000","993.0000","1012.0000","990.0000","1012.0000"," ","0.0000","0.0000","27600","27715800","1004.1957"
"20200916","01","11","    20530","JP3525400002","1636.0000","1656.0000","1622.0000","1653.0000","1659.0000","1659.0000","1619.0000","1632.0000","1636.0000","1659.0000","1619.0000","1632.0000"," ","0.0000","0.0000","40500","66310900","1637.3062"
"20200916","01","11","    20600","JP3802960009","188.0000","190.0000","188.0000","189.0000","189.0000","190.0000","188.0000","190.0000","188.0000","190.0000","188.0000","190.0000"," ","0.0000","0.0000","250600","47379800","189.0654"
"20200916","01","11","    21070","JP3614600009","1259.0000","1259.0000","1259.0000","1259.0000","1260.0000","1260.0000","1258.0000","1258.0000","1259.0000","1260.0000","1258.0000","1258.0000"," ","0.0000","0.0000","1200","1510700","1258.9167"
"20200916","01","11","    21080","JP3732600006","1800.0000","1808.0000","1783.0000","1796.0000","1802.0000","1825.0000","1790.0000","1810.0000","1800.0000","1825.0000","1783.0000","1810.0000"," ","0.0000","0.0000","12800","23120600","1806.2969"
"20200916","01","11","    21090","JP3890400009","1934.0000","1951.0000","1934.0000","1951.0000","1956.0000","1966.0000","1951.0000","1959.0000","1934.0000","1966.0000","1934.0000","1959.0000"," ","0.0000","0.0000","25900","50615800","1954.2780"
"20200916","01","11","    21120","JP3168800005","230.0000","231.0000","228.0000","231.0000","230.0000","231.0000","229.0000","231.0000","230.0000","231.0000","228.0000","231.0000"," ","0.0000","0.0000","39200","9016700","230.0179"
"20200916","01","11","    21170","JP3676600004","1899.0000","1919.0000","1893.0000","1919.0000","1919.0000","1929.0000","1917.0000","1929.0000","1899.0000","1929.0000","1893.0000","1929.0000"," ","0.0000","0.0000","11000","21095400","1917.7636"
"20200916","01","11","    21200","JP3758140002","476.0000","491.0000","476.0000","489.0000","489.0000","499.0000","489.0000","499.0000","476.0000","499.0000","476.0000","499.0000"," ","0.0000","0.0000","562000","275405300","490.0450"
"20200916","01","11","    21210","JP3882750007","2685.0000","2707.0000","2663.0000","2676.0000","2671.0000","2700.0000","2664.0000","2676.0000","2685.0000","2707.0000","2663.0000","2676.0000"," ","0.0000","0.0000","710700","1908270500","2685.0577"
"20200916","01","11","    21240","JP3386130003","1351.0000","1380.0000","1348.0000","1372.0000","1369.0000","1373.0000","1351.0000","1355.0000","1351.0000","1380.0000","1348.0000","1355.0000"," ","0.0000","0.0000","128100","174569800","1362.7619"
"20200916","01","11","    21270","JP3689050007","5220.0000","5360.0000","5220.0000","5350.0000","5370.0000","5430.0000","5360.0000","5420.0000","5220.0000","5430.0000","5220.0000","5420.0000"," ","0.0000","0.0000","492400","2641898000","5365.3493"
"20200916","01","11","    21300","JP3921700005","1769.0000","1809.0000","1769.0000","1802.0000","1803.0000","1806.0000","1788.0000","1795.0000","1769.0000","1809.0000","1769.0000","1795.0000"," ","0.0000","0.0000","108700","194861900","1792.6578"
"20200916","01","11","    21390","JP3520800008","541.0000","545.0000","541.0000","541.0000","540.0000","541.0000","533.0000","534.0000","541.0000","545.0000","533.0000","534.0000"," ","0.0000","0.0000","5500","2962200","538.5818"
"20200916","01","11","    21460","JP3949500007","3770.0000","3865.0000","3750.0000","3815.0000","3820.0000","3820.0000","3725.0000","3775.0000","3770.0000","3865.0000","3725.0000","3775.0000"," ","0.0000","0.0000","530800","2008673000","3784.2370"
"20200916","01","11","    21480","JP3104880004","2342.0000","2413.0000","2339.0000","2379.0000","2385.0000","2446.0000","2380.0000","2441.0000","2342.0000","2446.0000","2339.0000","2441.0000"," ","0.0000","0.0000","106200","255482300","2405.6714"
"20200916","01","11","    21510","JP3462680004","998.0000","1006.0000","991.0000","999.0000","1000.0000","1008.0000","997.0000","1008.0000","998.0000","1008.0000","991.0000","1008.0000"," ","0.0000","0.0000","445200","445916200","1001.6087"
"20200916","01","11","    21530","JP3130480001","2365.0000","2376.0000","2335.0000","2353.0000","2353.0000","2356.0000","2337.0000","2346.0000","2365.0000","2376.0000","2335.0000","2346.0000"," ","0.0000","0.0000","12100","28494600","2354.9256"
"20200916","01","11","    21540","JP3635580008","1138.0000","1181.0000","1136.0000","1169.0000","1176.0000","1176.0000","1154.0000","1154.0000","1138.0000","1181.0000","1136.0000","1154.0000"," ","0.0000","0.0000","199400","232290400","1164.9468"
"20200916","01","11","    21570","JP3297360004","454.0000","464.0000","454.0000","456.0000","457.0000","457.0000","448.0000","449.0000","454.0000","464.0000","448.0000","449.0000"," ","0.0000","0.0000","684500","311234000","454.6881"
"20200916","01","11","    21630","JP3126230006","880.0000","899.0000","880.0000","892.0000","897.0000","898.0000","891.0000","894.0000","880.0000","899.0000","880.0000","894.0000"," ","0.0000","0.0000","45600","40661700","891.7039"
"20200916","01","11","    21680","JP3781490002","1592.0000","1595.0000","1570.0000","1584.0000","1589.0000","1589.0000","1566.0000","1575.0000","1592.0000","1595.0000","1566.0000","1575.0000"," ","0.0000","0.0000","118500","187305100","1580.6338"
"20200916","01","11","    21690","JP3347040002","1351.0000","1356.0000","1338.0000","1338.0000","1338.0000","1341.0000","1329.0000","1336.0000","1351.0000","1356.0000","1329.0000","1336.0000"," ","0.0000","0.0000","7600","10169500","1338.0921"
"20200916","01","11","    21700","JP3977020001","410.0000","422.0000","407.0000","420.0000","420.0000","426.0000","419.0000","422.0000","410.0000","426.0000","407.0000","422.0000"," ","0.0000","0.0000","790600","331664000","419.5092"
"20200916","01","11","    21740","JP3386390003","660.0000","670.0000","658.0000","666.0000","670.0000","671.0000","664.0000","666.0000","660.0000","671.0000","658.0000","666.0000"," ","0.0000","0.0000","270100","179893700","666.0263"
"20200916","01","11","    21750","JP3162350007","2904.0000","2942.0000","2903.0000","2923.0000","2931.0000","2955.0000","2925.0000","2935.0000","2904.0000","2955.0000","2903.0000","2935.0000"," ","0.0000","0.0000","328700","963502700","2931.2525"
"20200916","01","11","    21800","JP3322500004","785.0000","788.0000","767.0000","774.0000","774.0000","786.0000","774.0000","776.0000","785.0000","788.0000","767.0000","776.0000"," ","0.0000","0.0000","35100","27270400","776.9345"
"20200916","01","11","    21810","JP3547670004","1796.0000","1807.0000","1775.0000","1802.0000","1806.0000","1806.0000","1771.0000","1777.0000","1796.0000","1807.0000","1771.0000","1777.0000"," ","0.0000","0.0000","404800","722567000","1784.9975"
"20200916","01","11","    21830","JP3974530002","802.0000","808.0000","800.0000","803.0000","801.0000","810.0000","798.0000","810.0000","802.0000","810.0000","798.0000","810.0000"," ","0.0000","0.0000","26400","21207800","803.3258"
"20200916","01","11","    21930","JP3266170004","380.0000","386.0000","378.0000","378.0000","375.0000","383.0000","375.0000","382.0000","380.0000","386.0000","375.0000","382.0000"," ","0.0000","0.0000","523500","199944300","381.9375"
"20200916","01","11","    21960","JP3162620003","368.0000","369.0000","365.0000","365.0000","365.0000","369.0000","365.0000","367.0000","368.0000","369.0000","365.0000","367.0000"," ","0.0000","0.0000","62300","22863600","366.9920"
"20200916","01","11","    21980","JP3101120008","606.0000","608.0000","604.0000","606.0000","605.0000","607.0000","602.0000","606.0000","606.0000","608.0000","602.0000","606.0000"," ","0.0000","0.0000","20600","12474800","605.5728"
"20200916","01","11","    22010","JP3926400007","4145.0000","4180.0000","4140.0000","4170.0000","4180.0000","4180.0000","4120.0000","4125.0000","4145.0000","4180.0000","4120.0000","4125.0000"," ","0.0000","0.0000","84800","351558500","4145.7370"
"20200916","01","11","    22040","JP3646000004","4120.0000","4185.0000","4095.0000","4175.0000","4180.0000","4250.0000","4180.0000","4250.0000","4120.0000","4250.0000","4095.0000","4250.0000"," ","0.0000","0.0000","8700","36362000","4179.5402"
"20200916","01","11","    22060","JP3161200005","4500.0000","4550.0000","4490.0000","4545.0000","4540.0000","4555.0000","4520.0000","4540.0000","4500.0000","4555.0000","4490.0000","4540.0000"," ","0.0000","0.0000","199600","903566000","4526.8838"
"20200916","01","11","    22070","JP3920200007","1542.0000","1551.0000","1542.0000","1551.0000","1554.0000","1558.0000","1554.0000","1556.0000","1542.0000","1558.0000","1542.0000","1556.0000"," ","0.0000","0.0000","25500","39439000","1546.6275"
"20200916","01","11","    22090","JP3149200002","2401.0000","2438.0000","2370.0000","2433.0000","2433.0000","2472.0000","2415.0000","2464.0000","2401.0000","2472.0000","2370.0000","2464.0000"," ","0.0000","0.0000","35000","85339700","2438.2771"
"20200916","01","11","    22110","JP3821200007","2327.0000","2348.0000","2321.0000","2343.0000","2345.0000","2352.0000","2335.0000","2352.0000","2327.0000","2352.0000","2321.0000","2352.0000"," ","0.0000","0.0000","25900","60657300","2341.9807"
"20200916","01","11","    22120","JP3935600001","1784.0000","1802.0000","1779.0000","1799.0000","1799.0000","1815.0000","1793.0000","1810.0000","1784.0000","1815.0000","1779.0000","1810.0000"," ","0.0000","0.0000","348300","627727800","1802.2618"
"20200916","01","11","    22150","JP3479400008","993.0000","993.0000","992.0000","992.0000","993.0000","995.0000","991.0000","995.0000","993.0000","995.0000","991.0000","995.0000"," ","0.0000","0.0000","5600","5564100","993.5893"
"20200916","01","11","    22170","JP3927600001","5850.0000","6010.0000","5850.0000","5990.0000","5990.0000","6000.0000","5930.0000","6000.0000","5850.0000","6010.0000","5850.0000","6000.0000"," ","0.0000","0.0000","9400","56003000","5957.7660"
"20200916","01","11","    22200","JP3219800004","5290.0000","5340.0000","5290.0000","5340.0000","5340.0000","5350.0000","5310.0000","5330.0000","5290.0000","5350.0000","5290.0000","5330.0000"," ","0.0000","0.0000","13300","70804000","5323.6090"
"20200916","01","11","    22220","JP3299600001","5030.0000","5120.0000","4970.0000","5090.0000","5090.0000","5100.0000","5030.0000","5060.0000","5030.0000","5120.0000","4970.0000","5060.0000"," ","0.0000","0.0000","146000","736429000","5044.0342"
"20200916","01","11","    22290","JP3220580009","3310.0000","3365.0000","3300.0000","3350.0000","3355.0000","3375.0000","3350.0000","3370.0000","3310.0000","3375.0000","3300.0000","3370.0000"," ","0.0000","0.0000","247400","830260000","3355.9418"
"20200916","01","11","    22640","JP3926800008","5270.0000","5390.0000","5250.0000","5370.0000","5370.0000","5390.0000","5340.0000","5350.0000","5270.0000","5390.0000","5250.0000","5350.0000"," ","0.0000","0.0000","133200","712223000","5347.0195"
"20200916","01","11","    22660","JP3984800007","1827.0000","1840.0000","1797.0000","1832.0000","1832.0000","1840.0000","1819.0000","1840.0000","1827.0000","1840.0000","1797.0000","1840.0000"," ","0.0000","0.0000","19000","34744500","1828.6579"
"20200916","01","11","    22670","JP3931600005","5730.0000","5800.0000","5720.0000","5780.0000","5770.0000","5780.0000","5710.0000","5780.0000","5730.0000","5800.0000","5710.0000","5780.0000"," ","0.0000","0.0000","480700","2768204000","5758.6936"
"20200916","01","11","    22690","JP3918000005","8020.0000","8070.0000","7970.0000","8030.0000","8030.0000","8050.0000","7990.0000","8020.0000","8020.0000","8070.0000","7970.0000","8020.0000"," ","0.0000","0.0000","293800","2357302000","8023.4922"
"20200916","01","11","    22700","JP3947800003","2359.0000","2389.0000","2356.0000","2383.0000","2384.0000","2403.0000","2382.0000","2397.0000","2359.0000","2403.0000","2356.0000","2397.0000"," ","0.0000","0.0000","196400","469059200","2388.2851"
"20200916","01","11","    22810","JP3833200003","2941.0000","2967.0000","2938.0000","2946.0000","2944.0000","2966.0000","2944.0000","2966.0000","2941.0000","2967.0000","2938.0000","2966.0000"," ","0.0000","0.0000","113200","334539500","2955.2959"
"20200916","01","11","    22820","JP3743000006","4675.0000","4700.0000","4650.0000","4685.0000","4680.0000","4735.0000","4680.0000","4725.0000","4675.0000","4735.0000","4650.0000","4725.0000"," ","0.0000","0.0000","315600","1483332000","4700.0380"
"20200916","01","11","    22860","JP3772200006","580.0000","585.0000","580.0000","585.0000","585.0000","585.0000","584.0000","585.0000","580.0000","585.0000","580.0000","585.0000"," ","0.0000","0.0000","3800","2219400","584.0526"
"20200916","01","11","    22880","JP3876400007","1860.0000","1893.0000","1855.0000","1887.0000","1884.0000","1893.0000","1882.0000","1885.0000","1860.0000","1893.0000","1855.0000","1885.0000"," ","0.0000","0.0000","80900","151786500","1876.2237"
"20200916","01","11","    22920","JP3399300007","2832.0000","2851.0000","2810.0000","2829.0000","2829.0000","2853.0000","2828.0000","2848.0000","2832.0000","2853.0000","2810.0000","2848.0000"," ","0.0000","0.0000","74300","210681200","2835.5478"
"20200916","01","11","    22940","JP3206500005","2640.0000","2669.0000","2640.0000","2655.0000","2640.0000","2675.0000","2640.0000","2665.0000","2640.0000","2675.0000","2640.0000","2665.0000"," ","0.0000","0.0000","10800","28693300","2656.7870"
"20200916","01","11","    22960","JP3144500000","710.0000","728.0000","709.0000","723.0000","725.0000","727.0000","723.0000","724.0000","710.0000","728.0000","709.0000","724.0000"," ","0.0000","0.0000","435400","314344500","721.9672"
"20200916","01","11","    23010","JP3234400004","1160.0000","1190.0000","1152.0000","1174.0000","1179.0000","1179.0000","1157.0000","1170.0000","1160.0000","1190.0000","1152.0000","1170.0000"," ","0.0000","0.0000","124300","145463900","1170.2647"
"20200916","01","11","    23050","JP3399240005","1690.0000","1695.0000","1669.0000","1675.0000","1683.0000","1690.0000","1676.0000","1690.0000","1690.0000","1695.0000","1669.0000","1690.0000"," ","0.0000","0.0000","31000","52208600","1684.1484"
"20200916","01","11","    23070","JP3272600002","1400.0000","1496.0000","1376.0000","1420.0000","1410.0000","1454.0000","1407.0000","1417.0000","1400.0000","1496.0000","1376.0000","1417.0000"," ","0.0000","0.0000","147300","211405800","1435.2057"
"20200916","01","11","    23090","JP3359000001","1359.0000","1377.0000","1351.0000","1377.0000","1377.0000","1379.0000","1371.0000","1379.0000","1359.0000","1379.0000","1351.0000","1379.0000"," ","0.0000","0.0000","32800","44968100","1370.9787"
"20200916","01","11","    23110","JP3167250004","1008.0000","1008.0000","993.0000","995.0000","1000.0000","1000.0000","988.0000","1000.0000","1008.0000","1008.0000","988.0000","1000.0000"," ","0.0000","0.0000","18900","18811200","995.3016"
"20200916","01","11","    23170","JP3351050004","1800.0000","1872.0000","1796.0000","1865.0000","1865.0000","1872.0000","1857.0000","1872.0000","1800.0000","1872.0000","1796.0000","1872.0000"," ","0.0000","0.0000","473100","875601800","1850.7753"
"20200916","01","11","    23250","JP3718600004","1840.0000","1840.0000","1814.0000","1818.0000","1829.0000","1848.0000","1818.0000","1848.0000","1840.0000","1848.0000","1814.0000","1848.0000"," ","0.0000","0.0000","24000","43877000","1828.2083"
"20200916","01","11","    23260","JP3549020000","7830.0000","7940.0000","7770.0000","7870.0000","7850.0000","7890.0000","7820.0000","7870.0000","7830.0000","7940.0000","7770.0000","7870.0000"," ","0.0000","0.0000","114600","899688000","7850.6806"
"20200916","01","11","    23270","JP3379900008","3015.0000","3030.0000","2988.0000","3005.0000","3020.0000","3030.0000","3010.0000","3030.0000","3015.0000","3030.0000","2988.0000","3030.0000"," ","0.0000","0.0000","153900","463264200","3010.1637"
"20200916","01","11","    23310","JP3431900004","5130.0000","5150.0000","5100.0000","5140.0000","5130.0000","5150.0000","5100.0000","5100.0000","5130.0000","5150.0000","5100.0000","5100.0000"," ","0.0000","0.0000","89800","459313000","5114.8441"
"20200916","01","11","    23350","JP3244950006","1270.0000","1270.0000","1236.0000","1239.0000","1239.0000","1254.0000","1232.0000","1252.0000","1270.0000","1270.0000","1232.0000","1252.0000"," ","0.0000","0.0000","231700","289495800","1249.4424"
"20200916","01","11","    23370","JP3120010008","303.0000","305.0000","299.0000","305.0000","305.0000","305.0000","296.0000","297.0000","303.0000","305.0000","296.0000","297.0000"," ","0.0000","0.0000","1154800","346348600","299.9209"
"20200916","01","11","    23520","JP3160770008","2238.0000","2238.0000","2172.0000","2175.0000","2176.0000","2191.0000","2160.0000","2181.0000","2238.0000","2238.0000","2160.0000","2181.0000"," ","0.0000","0.0000","99000","218402000","2206.0808"
"20200916","01","11","    23530","JP3728000005","134.0000","135.0000","133.0000","135.0000","135.0000","135.0000","133.0000","133.0000","134.0000","135.0000","133.0000","133.0000"," ","0.0000","0.0000","426200","56954700","133.6337"
"20200916","01","11","    23590","JP3284000001","1400.0000","1411.0000","1387.0000","1407.0000","1407.0000","1411.0000","1396.0000","1403.0000","1400.0000","1411.0000","1387.0000","1403.0000"," ","0.0000","0.0000","24800","34792800","1402.9355"
"20200916","01","11","    23710","JP3206000006","2600.0000","2632.0000","2584.0000","2630.0000","2632.0000","2684.0000","2632.0000","2677.0000","2600.0000","2684.0000","2584.0000","2677.0000"," ","0.0000","0.0000","712700","1883212600","2642.3637"
"20200916","01","11","    23720","JP3105170009","2050.0000","2082.0000","2040.0000","2072.0000","2070.0000","2082.0000","2056.0000","2080.0000","2050.0000","2082.0000","2040.0000","2080.0000"," ","0.0000","0.0000","123300","255090900","2068.8637"
"20200916","01","11","    23740","JP3424980005","765.0000","777.0000","753.0000","768.0000","768.0000","770.0000","735.0000","747.0000","765.0000","777.0000","735.0000","747.0000"," ","0.0000","0.0000","173300","131225500","757.2158"
"20200916","01","11","    23760","JP3311350007","884.0000","888.0000","865.0000","876.0000","878.0000","879.0000","850.0000","863.0000","884.0000","888.0000","850.0000","863.0000"," ","0.0000","0.0000","23200","20286300","874.4095"
"20200916","01","11","    23780","JP3978800005","1001.0000","1009.0000","992.0000","1000.0000","1000.0000","1006.0000","997.0000","1000.0000","1001.0000","1009.0000","992.0000","1000.0000"," ","0.0000","0.0000","109100","109129200","1000.2676"
"20200916","01","11","    23790","JP3548640006","2256.0000","2272.0000","2230.0000","2261.0000","2272.0000","2273.0000","2247.0000","2255.0000","2256.0000","2273.0000","2230.0000","2255.0000"," ","0.0000","0.0000","402000","907127300","2256.5356"
"20200916","01","11","    23840","JP3163500006","2005.0000","2030.0000","2001.0000","2026.0000","2021.0000","2033.0000","2014.0000","2019.0000","2005.0000","2033.0000","2001.0000","2019.0000"," ","0.0000","0.0000","85700","172949100","2018.0758"
"20200916","01","11","    23890","JP3197730009","1342.0000","1357.0000","1335.0000","1346.0000","1349.0000","1355.0000","1336.0000","1345.0000","1342.0000","1357.0000","1335.0000","1345.0000"," ","0.0000","0.0000","91100","122590700","1345.6718"
"20200916","01","11","    23950","JP3379950003","716.0000","855.0000","716.0000","855.0000","840.0000","855.0000","789.0000","849.0000","716.0000","855.0000","716.0000","849.0000"," ","0.0000","0.0000","15687100","12826626900","817.6544"
"20200916","01","11","    23980","JP3532800004","613.0000","623.0000","609.0000","618.0000","615.0000","616.0000","608.0000","615.0000","613.0000","623.0000","608.0000","615.0000"," ","0.0000","0.0000","319700","196538100","614.7579"
"20200916","01","11","    24100","JP3244450007","1075.0000","1108.0000","1075.0000","1106.0000","1109.0000","1135.0000","1101.0000","1107.0000","1075.0000","1135.0000","1075.0000","1107.0000"," ","0.0000","0.0000","59200","65699200","1109.7838"
"20200916","01","11","    24120","JP3835630009","2540.0000","2556.0000","2527.0000","2532.0000","2534.0000","2541.0000","2528.0000","2541.0000","2540.0000","2556.0000","2527.0000","2541.0000"," ","0.0000","0.0000","179000","454627600","2539.8190"
"20200916","01","11","    24130","JP3435750009","6200.0000","6420.0000","6200.0000","6400.0000","6420.0000","6500.0000","6410.0000","6500.0000","6200.0000","6500.0000","6200.0000","6500.0000"," ","0.0000","0.0000","3459800","22109726000","6390.4636"
"20200916","01","11","    24180","JP3835670005","294.0000","295.0000","289.0000","294.0000","294.0000","298.0000","293.0000","298.0000","294.0000","298.0000","289.0000","298.0000"," ","0.0000","0.0000","111200","32659800","293.7032"
"20200916","01","11","    24240","JP3830600007","462.0000","464.0000","457.0000","460.0000","458.0000","471.0000","458.0000","471.0000","462.0000","471.0000","457.0000","471.0000"," ","0.0000","0.0000","7100","3291600","463.6056"
"20200916","01","11","    24270","JP3105270007","964.0000","964.0000","948.0000","951.0000","949.0000","951.0000","931.0000","936.0000","964.0000","964.0000","931.0000","936.0000"," ","0.0000","0.0000","1649000","1555527300","943.3155"
"20200916","01","11","    24280","JP3155370004","613.0000","625.0000","613.0000","621.0000","621.0000","624.0000","618.0000","623.0000","613.0000","625.0000","613.0000","623.0000"," ","0.0000","0.0000","64100","39818000","621.1856"
"20200916","01","11","    24290","JP3990220000","1913.0000","2018.0000","1902.0000","2004.0000","1998.0000","2004.0000","1973.0000","1990.0000","1913.0000","2018.0000","1902.0000","1990.0000"," ","0.0000","0.0000","125000","248036800","1984.2944"
"20200916","01","11","    24320","JP3548610009","1850.0000","1857.0000","1830.0000","1838.0000","1838.0000","1848.0000","1833.0000","1837.0000","1850.0000","1857.0000","1830.0000","1837.0000"," ","0.0000","0.0000","617600","1137098100","1841.1563"
"20200916","01","11","    24330","JP3766550002","1469.0000","1469.0000","1446.0000","1458.0000","1464.0000","1466.0000","1443.0000","1447.0000","1469.0000","1469.0000","1443.0000","1447.0000"," ","0.0000","0.0000","692300","1006019600","1453.1556"
"20200916","01","11","    24400","JP3274180003","753.0000","755.0000","703.0000","745.0000","740.0000","747.0000","736.0000","740.0000","753.0000","755.0000","703.0000","740.0000"," ","0.0000","0.0000","2151900","1575507500","732.1472"
"20200916","01","11","    24450","JP3161560002","549.0000","554.0000","548.0000","554.0000","554.0000","558.0000","551.0000","558.0000","549.0000","558.0000","548.0000","558.0000"," ","0.0000","0.0000","30700","17000600","553.7655"
"20200916","01","11","    24530","JP3389670005","1008.0000","1047.0000","1003.0000","1043.0000","1043.0000","1060.0000","1031.0000","1058.0000","1008.0000","1060.0000","1003.0000","1058.0000"," ","0.0000","0.0000","103100","107263300","1040.3812"
"20200916","01","11","    24610","JP3802840003","482.0000","485.0000","479.0000","484.0000","486.0000","486.0000","475.0000","477.0000","482.0000","486.0000","475.0000","477.0000"," ","0.0000","0.0000","115700","55557000","480.1815"
"20200916","01","11","    24620","JP3386120004","1782.0000","1825.0000","1781.0000","1811.0000","1811.0000","1830.0000","1805.0000","1827.0000","1782.0000","1830.0000","1781.0000","1827.0000"," ","0.0000","0.0000","32200","58381600","1813.0932"
"20200916","01","11","    24640","JP3800290003","400.0000","400.0000","398.0000","400.0000","401.0000","401.0000","397.0000","399.0000","400.0000","401.0000","397.0000","399.0000"," ","0.0000","0.0000","6800","2712700","398.9265"
"20200916","01","11","    24710","JP3163900008","758.0000","778.0000","757.0000","775.0000","775.0000","778.0000","772.0000","776.0000","758.0000","778.0000","757.0000","776.0000"," ","0.0000","0.0000","492300","380580900","773.0670"
"20200916","01","11","    24750","JP3505940001","2968.0000","2985.0000","2936.0000","2980.0000","2963.0000","3060.0000","2963.0000","3060.0000","2968.0000","3060.0000","2936.0000","3060.0000"," ","0.0000","0.0000","19700","59247000","3007.4619"
"20200916","01","11","    24770","JP3783300001","5470.0000","5620.0000","5370.0000","5560.0000","5590.0000","5630.0000","5540.0000","5620.0000","5470.0000","5630.0000","5370.0000","5620.0000"," ","0.0000","0.0000","75800","422220000","5570.1847"
"20200916","01","11","    24850","JP3539150007","452.0000","454.0000","445.0000","447.0000","450.0000","450.0000","444.0000","446.0000","452.0000","454.0000","444.0000","446.0000"," ","0.0000","0.0000","48700","21784300","447.3162"
"20200916","01","11","    24870","JP3347020004","1769.0000","1769.0000","1758.0000","1758.0000","1763.0000","1763.0000","1757.0000","1759.0000","1769.0000","1769.0000","1757.0000","1759.0000"," ","0.0000","0.0000","5100","8981500","1761.0784"
"20200916","01","11","    24910","JP3778390009","3390.0000","3515.0000","3390.0000","3495.0000","3525.0000","3540.0000","3500.0000","3540.0000","3390.0000","3540.0000","3390.0000","3540.0000"," ","0.0000","0.0000","372800","1302230000","3493.1062"
"20200916","01","11","    24920","JP3153480003","911.0000","919.0000","889.0000","900.0000","904.0000","915.0000","892.0000","912.0000","911.0000","919.0000","889.0000","912.0000"," ","0.0000","0.0000","1819500","1643715200","903.3884"
"20200916","01","11","    25010","JP3320800000","1922.0000","1945.0000","1917.0000","1940.0000","1942.0000","1953.0000","1941.0000","1953.0000","1922.0000","1953.0000","1917.0000","1953.0000"," ","0.0000","0.0000","256900","498577100","1940.7439"
"20200916","01","11","    25020","JP3116000005","3818.0000","3864.0000","3790.0000","3849.0000","3860.0000","3860.0000","3806.0000","3825.0000","3818.0000","3864.0000","3790.0000","3825.0000"," ","0.0000","0.0000","3822800","14633594200","3827.9780"
"20200916","01","11","    25030","JP3258000003","1970.0000","2003.5000","1965.0000","2000.0000","2001.0000","2003.5000","1990.5000","1994.0000","1970.0000","2003.5000","1965.0000","1994.0000"," ","0.0000","0.0000","2010600","4005702850","1992.2923"
"20200916","01","11","    25100","JP3048610004","998.0000","999.0000","998.0000","999.0000","998.0000","999.0000","998.0000","999.0000","998.0000","999.0000","998.0000","999.0000"," ","0.0000","0.0000","2330","2326770","998.6137"
"20200916","01","11","    25110","JP3048620003","1000.0000","1001.0000","998.0000","1000.0000","1000.0000","1000.0000","1000.0000","1000.0000","1000.0000","1001.0000","998.0000","1000.0000"," ","0.0000","0.0000","6020","6019380","999.8970"
"20200916","01","11","    25120","JP3048630002","1055.0000","1056.0000","1055.0000","1056.0000","1056.0000","1056.0000","1055.0000","1055.0000","1055.0000","1056.0000","1055.0000","1055.0000"," ","0.0000","0.0000","280","295470","1055.2500"
"20200916","01","11","    25130","JP3048640001","1129.0000","1129.0000","1125.0000","1129.0000","1129.0000","1129.0000","1129.0000","1129.0000","1129.0000","1129.0000","1125.0000","1129.0000"," ","0.0000","0.0000","2530","2855830","1128.7866"
"20200916","01","11","    25140","JP3048650000","1170.0000","1173.0000","1170.0000","1173.0000","1175.0000","1175.0000","1172.0000","1172.0000","1170.0000","1175.0000","1170.0000","1172.0000"," ","0.0000","0.0000","1130","1325060","1172.6195"
"20200916","01","11","    25150","JP3048660009","858.0000","860.0000","856.0000","859.0000","859.0000","862.0000","858.0000","860.0000","858.0000","862.0000","856.0000","860.0000"," ","0.0000","0.0000","10300","8844610","858.7000"
"20200916","01","11","    25160","JP3048700003","878.0000","903.0000","878.0000","901.0000","902.0000","910.0000","897.0000","910.0000","878.0000","910.0000","878.0000","910.0000"," ","0.0000","0.0000","624090","560294070","897.7777"
"20200916","01","11","    25170","JP3048710002","997.0000","1001.0000","997.0000","1001.0000","1006.0000","1011.0000","1006.0000","1006.0000","997.0000","1011.0000","997.0000","1006.0000"," ","0.0000","0.0000","19050","19164060","1005.9874"
"20200916","01","11","    25180","JP3048720001","955.0000","957.0000","953.0000","957.0000","960.0000","960.0000","959.0000","959.0000","955.0000","960.0000","953.0000","959.0000"," ","0.0000","0.0000","428","409138","955.9299"
"20200916","01","11","    25190","JP3048730000","1027.0000","1027.0000","1025.0000","1026.0000","1026.0000","1026.0000","1025.0000","1025.0000","1027.0000","1027.0000","1025.0000","1025.0000"," ","0.0000","0.0000","1750","1795090","1025.7657"
"20200916","01","11","    25200","JP3048740009","1008.0000","1008.0000","1003.0000","1003.0000","1008.0000","1008.0000","1008.0000","1008.0000","1008.0000","1008.0000","1003.0000","1008.0000"," ","0.0000","0.0000","180","181340","1007.4444"
"20200916","01","11","    25210","JP3048760007","1193.0000","1198.0000","1191.0000","1198.0000","1197.0000","1197.0000","1193.0000","1194.0000","1193.0000","1198.0000","1191.0000","1194.0000"," ","0.0000","0.0000","121320","145043350","1195.5436"
"20200916","01","11","    25220","JP3048790004","2710.0000","2715.0000","2698.0000","2715.0000","2718.0000","2718.0000","2710.0000","2712.0000","2710.0000","2718.0000","2698.0000","2712.0000"," ","0.0000","0.0000","656","1776724","2708.4207"
"20200916","01","11","    25230","JP3048800001","0.0000","0.0000","0.0000","0.0000","0.0000","0.0000","0.0000","0.0000","0.0000","0.0000","0.0000","0.0000"," ","0.0000","0.0000","0","0","0.0000"
"20200916","01","11","    25240","JP3048830008","0.0000","0.0000","0.0000","0.0000","0.0000","0.0000","0.0000","0.0000","0.0000","0.0000","0.0000","0.0000"," ","0.0000","0.0000","0","0","0.0000"
"20200916","01","11","    25250","JP3048840007","0.0000","0.0000","0.0000","0.0000","0.0000","0.0000","0.0000","0.0000","0.0000","0.0000","0.0000","0.0000"," ","0.0000","0.0000","0","0","0.0000"
"20200916","01","11","    25260","JP3048850006","14860.0000","14900.0000","14840.0000","14900.0000","14890.0000","14890.0000","14870.0000","14870.0000","14860.0000","14900.0000","14840.0000","14870.0000"," ","0.0000","0.0000","26068","387369820","14859.9747"
"20200916","01","11","    25270","JP3048860005","1002.0000","1002.0000","1002.0000","1002.0000","0.0000","0.0000","0.0000","0.0000","1002.0000","1002.0000","1002.0000","1002.0000"," ","0.0000","0.0000","10","10020","1002.0000"
"20200916","01","11","    25280","JP3048870004","990.0000","995.0000","990.0000","994.0000","995.0000","1001.0000","995.0000","1000.0000","990.0000","1001.0000","990.0000","1000.0000"," ","0.0000","0.0000","890","888880","998.7416"
"20200916","01","11","    25290","JP3048890002","900.0000","900.0000","894.0000","898.0000","900.0000","900.0000","895.0000","897.0000","900.0000","900.0000","894.0000","897.0000"," ","0.0000","0.0000","7580","6789624","895.7288"
"20200916","01","11","    25300","JP3048900009","11840.0000","11840.0000","11840.0000","11840.0000","11760.0000","11830.0000","11760.0000","11830.0000","11840.0000","11840.0000","11760.0000","11830.0000"," ","0.0000","0.0000","20","235740","11787.0000"
"20200916","01","11","    25310","JP3459600007","1096.0000","1102.0000","1088.0000","1099.0000","1101.0000","1101.0000","1093.0000","1098.0000","1096.0000","1102.0000","1088.0000","1098.0000"," ","0.0000","0.0000","488400","536079200","1097.6233"
"20200916","01","11","    25330","JP3307400006","424.0000","428.0000","424.0000","427.0000","428.0000","430.0000","424.0000","430.0000","424.0000","430.0000","424.0000","430.0000"," ","0.0000","0.0000","56100","24018200","428.1319"
"20200916","01","11","    25400","JP3953800004","1862.0000","1871.0000","1855.0000","1864.0000","1872.0000","1873.0000","1863.0000","1873.0000","1862.0000","1873.0000","1855.0000","1873.0000"," ","0.0000","0.0000","17600","32829900","1865.3352"
"20200916","01","11","    25520","JP3048910008","1837.0000","1846.0000","1832.0000","1842.0000","1850.0000","1858.0000","1845.0000","1847.0000","1837.0000","1858.0000","1832.0000","1847.0000"," ","0.0000","0.0000","81","149385","1844.2593"
"20200916","01","11","    25530","JP3048920007","1338.0000","1338.0000","1338.0000","1338.0000","1338.0000","1338.0000","1338.0000","1338.0000","1338.0000","1338.0000","1338.0000","1338.0000"," ","0.0000","0.0000","30","40140","1338.0000"
"20200916","01","11","    25540","JP3048930006","1024.0000","1025.0000","1024.0000","1025.0000","1025.0000","1025.0000","1025.0000","1025.0000","1024.0000","1025.0000","1024.0000","1025.0000"," ","0.0000","0.0000","110","112720","1024.7273"
"20200916","01","11","    25550","JP3048940005","1768.0000","1768.0000","1760.0000","1766.0000","1781.0000","1781.0000","1781.0000","1781.0000","1768.0000","1781.0000","1760.0000","1781.0000"," ","0.0000","0.0000","130","230190","1770.6923"
"20200916","01","11","    25560","JP3048950004","1760.0000","1763.0000","1750.0000","1761.0000","1760.0000","1777.0000","1760.0000","1771.0000","1760.0000","1777.0000","1750.0000","1771.0000"," ","0.0000","0.0000","3530","6221710","1762.5241"
"20200916","01","11","    25570","JP3048970002","1641.0000","1642.0000","1640.0000","1642.0000","1646.0000","1646.0000","1645.0000","1645.0000","1641.0000","1646.0000","1640.0000","1645.0000"," ","0.0000","0.0000","340","558030","1641.2647"
"20200916","01","11","    25580","JP3048980001","10270.0000","10290.0000","10230.0000","10290.0000","10290.0000","10290.0000","10260.0000","10280.0000","10270.0000","10290.0000","10230.0000","10280.0000"," ","0.0000","0.0000","12940","132614060","10248.3818"
"20200916","01","11","    25590","JP3048990000","10020.0000","10030.0000","9990.0000","10010.0000","10010.0000","10040.0000","10000.0000","10020.0000","10020.0000","10040.0000","9990.0000","10020.0000"," ","0.0000","0.0000","1266","12681900","10017.2986"
"20200916","01","11","    25600","JP3049010006","0.0000","0.0000","0.0000","0.0000","21690.0000","21690.0000","21690.0000","21690.0000","21690.0000","21690.0000","21690.0000","21690.0000"," ","0.0000","0.0000","284","6159960","21690.0000"
"20200916","01","11","    25610","JP3049020005","2739.0000","2739.0000","2739.0000","2739.0000","2739.0000","2739.0000","2739.0000","2739.0000","2739.0000","2739.0000","2739.0000","2739.0000"," ","0.0000","0.0000","417","1142163","2739.0000"
"20200916","01","11","    25620","JP3049030004","2422.0000","2422.0000","2421.0000","2422.0000","2429.0000","2429.0000","2425.0000","2426.0000","2422.0000","2429.0000","2421.0000","2426.0000"," ","0.0000","0.0000","30440","73846540","2425.9704"
"20200916","01","11","    25630","JP3049040003","2201.0000","2207.0000","2199.0000","2206.0000","2208.0000","2210.0000","2203.0000","2203.0000","2201.0000","2210.0000","2199.0000","2203.0000"," ","0.0000","0.0000","22399","49410645","2205.9308"
"20200916","01","11","    25640","JP3049050002","1586.0000","1586.0000","1575.0000","1583.0000","1583.0000","1583.0000","1580.0000","1580.0000","1586.0000","1586.0000","1575.0000","1580.0000"," ","0.0000","0.0000","188","297481","1582.3457"
"20200916","01","11","    25650","JP3049060001","1058.0000","1060.0000","1054.0000","1057.0000","1059.0000","1068.0000","1059.0000","1063.0000","1058.0000","1068.0000","1054.0000","1063.0000"," ","0.0000","0.0000","1684","1782826","1058.6853"
"20200916","01","11","    25660","JP3049070000","965.0000","965.0000","965.0000","965.0000","968.0000","976.0000","967.0000","967.0000","965.0000","976.0000","965.0000","967.0000"," ","0.0000","0.0000","700","677940","968.4857"
"20200916","01","11","    25670","JP3049080009","215.0000","217.0000","213.0000","216.0000","216.0000","217.0000","214.0000","216.0000","215.0000","217.0000","213.0000","216.0000"," ","0.0000","0.0000","84630","18217060","215.2553"
"20200916","01","11","    25790","JP3293200006","1775.0000","1795.0000","1762.0000","1794.0000","1799.0000","1799.0000","1785.0000","1791.0000","1775.0000","1799.0000","1762.0000","1791.0000"," ","0.0000","0.0000","399400","713121100","1785.4810"
"20200916","01","11","    25870","JP3336560002","3980.0000","3995.0000","3945.0000","3990.0000","4000.0000","4000.0000","3985.0000","3990.0000","3980.0000","4000.0000","3945.0000","3990.0000"," ","0.0000","0.0000","310100","1235387000","3983.8342"
"20200916","01","11","    25900","JP3488400007","5340.0000","5400.0000","5340.0000","5380.0000","5380.0000","5400.0000","5380.0000","5400.0000","5340.0000","5400.0000","5340.0000","5400.0000"," ","0.0000","0.0000","28600","154023000","5385.4196"
"20200916","01","11","    25930","JP3143000002","7000.0000","7130.0000","6970.0000","7050.0000","7060.0000","7140.0000","7050.0000","7120.0000","7000.0000","7140.0000","6970.0000","7120.0000"," ","0.0000","0.0000","232400","1645350000","7079.8193"
"20200916","01","11","    25935","JP3143000101","2107.0000","2108.0000","2101.0000","2108.0000","2108.0000","2119.0000","2105.0000","2110.0000","2107.0000","2119.0000","2101.0000","2110.0000"," ","0.0000","0.0000","5900","12447100","2109.6780"
"20200916","01","11","    25940","JP3236300004","2298.0000","2314.0000","2288.0000","2311.0000","2311.0000","2315.0000","2304.0000","2314.0000","2298.0000","2315.0000","2288.0000","2314.0000"," ","0.0000","0.0000","61500","141844700","2306.4179"
"20200916","01","11","    25970","JP3950820005","1009.0000","1010.0000","1006.0000","1010.0000","1010.0000","1018.0000","1009.0000","1018.0000","1009.0000","1018.0000","1006.0000","1018.0000"," ","0.0000","0.0000","10500","10625900","1011.9905"
"20200916","01","11","    25990","JP3389650007","1268.0000","1268.0000","1257.0000","1260.0000","1265.0000","1270.0000","1262.0000","1270.0000","1268.0000","1270.0000","1257.0000","1270.0000"," ","0.0000","0.0000","3300","4175100","1265.1818"
"20200916","01","11","    26020","JP3677200002","3175.0000","3200.0000","3160.0000","3190.0000","3190.0000","3205.0000","3175.0000","3205.0000","3175.0000","3205.0000","3160.0000","3205.0000"," ","0.0000","0.0000","62200","198440500","3190.3617"
"20200916","01","11","    26070","JP3816400000","3220.0000","3270.0000","3210.0000","3260.0000","3255.0000","3260.0000","3230.0000","3240.0000","3220.0000","3270.0000","3210.0000","3240.0000"," ","0.0000","0.0000","143900","466817500","3244.0410"
"20200916","01","11","    26120","JP3214400008","3735.0000","3740.0000","3710.0000","3740.0000","3740.0000","3795.0000","3715.0000","3795.0000","3735.0000","3795.0000","3710.0000","3795.0000"," ","0.0000","0.0000","3100","11609000","3744.8387"
"20200916","01","11","    26130","JP3840000008","3895.0000","3970.0000","3875.0000","3960.0000","3960.0000","3975.0000","3930.0000","3945.0000","3895.0000","3975.0000","3875.0000","3945.0000"," ","0.0000","0.0000","31300","123431500","3943.4984"
"20200916","01","11","    26510","JP3982100004","5100.0000","5120.0000","5060.0000","5110.0000","5120.0000","5140.0000","5100.0000","5120.0000","5100.0000","5140.0000","5060.0000","5120.0000"," ","0.0000","0.0000","213400","1090362000","5109.4752"
"20200916","01","11","    26590","JP3324500002","4575.0000","4665.0000","4570.0000","4645.0000","4665.0000","4675.0000","4625.0000","4665.0000","4575.0000","4675.0000","4570.0000","4665.0000"," ","0.0000","0.0000","42200","196219500","4649.7512"
"20200916","01","11","    26640","JP3226450009","2846.0000","2879.0000","2836.0000","2868.0000","2868.0000","2884.0000","2857.0000","2881.0000","2846.0000","2884.0000","2836.0000","2881.0000"," ","0.0000","0.0000","51300","147214700","2869.6823"
"20200916","01","11","    26700","JP3152740001","5430.0000","5450.0000","5390.0000","5440.0000","5460.0000","5460.0000","5410.0000","5410.0000","5430.0000","5460.0000","5390.0000","5410.0000"," ","0.0000","0.0000","145400","788134000","5420.4539"
"20200916","01","11","    26740","JP3765120005","668.0000","668.0000","656.0000","661.0000","662.0000","665.0000","659.0000","662.0000","668.0000","668.0000","656.0000","662.0000"," ","0.0000","0.0000","20600","13624000","661.3592"
"20200916","01","11","    26760","JP3457710006","993.0000","993.0000","989.0000","990.0000","990.0000","992.0000","988.0000","992.0000","993.0000","993.0000","988.0000","992.0000"," ","0.0000","0.0000","7800","7731400","991.2051"
"20200916","01","11","    26780","JP3119920001","3605.0000","3695.0000","3600.0000","3655.0000","3655.0000","3665.0000","3630.0000","3665.0000","3605.0000","3695.0000","3600.0000","3665.0000"," ","0.0000","0.0000","277000","1012432000","3654.9892"
"20200916","01","11","    26810","JP3282400005","1684.0000","1713.0000","1684.0000","1710.0000","1714.0000","1724.0000","1712.0000","1722.0000","1684.0000","1724.0000","1684.0000","1722.0000"," ","0.0000","0.0000","120400","205981300","1710.8081"
"20200916","01","11","    26850","JP3856000009","1645.0000","1655.0000","1624.0000","1637.0000","1637.0000","1640.0000","1622.0000","1627.0000","1645.0000","1655.0000","1622.0000","1627.0000"," ","0.0000","0.0000","173600","283251800","1631.6348"
"20200916","01","11","    26860","JP3536900008","514.0000","514.0000","512.0000","512.0000","513.0000","515.0000","510.0000","515.0000","514.0000","515.0000","510.0000","515.0000"," ","0.0000","0.0000","8400","4315100","513.7024"
"20200916","01","11","    26870","JP3346250008","487.0000","487.0000","476.0000","477.0000","480.0000","480.0000","474.0000","474.0000","487.0000","487.0000","474.0000","474.0000"," ","0.0000","0.0000","2900","1385400","477.7241"
"20200916","01","11","    26890","JP3226700007","1408.0000","1409.0000","1396.0000","1396.0000","1408.0000","1410.0000","1406.0000","1410.0000","1408.0000","1410.0000","1396.0000","1410.0000"," ","0.0000","0.0000","3600","5067100","1407.5278"
"20200916","01","11","    26920","JP3143700007","5480.0000","5570.0000","5430.0000","5560.0000","5560.0000","5770.0000","5520.0000","5600.0000","5480.0000","5770.0000","5430.0000","5600.0000"," ","0.0000","0.0000","11700","65630000","5609.4017"
"20200916","01","11","    26950","JP3268200007","5460.0000","5530.0000","5390.0000","5400.0000","5420.0000","5500.0000","5410.0000","5500.0000","5460.0000","5530.0000","5390.0000","5500.0000"," ","0.0000","0.0000","174700","956512000","5475.1689"
"20200916","01","11","    26980","JP3244550004","2112.0000","2147.0000","2112.0000","2121.0000","2120.0000","2149.0000","2120.0000","2149.0000","2112.0000","2149.0000","2112.0000","2149.0000"," ","0.0000","0.0000","41000","87460600","2133.1854"
"20200916","01","11","    27150","JP3457690000","957.0000","990.0000","957.0000","985.0000","989.0000","997.0000","978.0000","997.0000","957.0000","997.0000","957.0000","997.0000"," ","0.0000","0.0000","34700","34110000","982.9971"
"20200916","01","11","    27260","JP3781650001","1169.0000","1179.0000","1158.0000","1167.0000","1166.0000","1174.0000","1160.0000","1173.0000","1169.0000","1179.0000","1158.0000","1173.0000"," ","0.0000","0.0000","86300","100905200","1169.2375"
"20200916","01","11","    27290","JP3390250003","1632.0000","1640.0000","1615.0000","1621.0000","1621.0000","1623.0000","1590.0000","1609.0000","1632.0000","1640.0000","1590.0000","1609.0000"," ","0.0000","0.0000","37900","61199100","1614.7520"
"20200916","01","11","    27300","JP3164470001","1067.0000","1087.0000","1063.0000","1087.0000","1089.0000","1091.0000","1081.0000","1085.0000","1067.0000","1091.0000","1063.0000","1085.0000"," ","0.0000","0.0000","430600","465918000","1082.0204"
"20200916","01","11","    27330","JP3125100002","5090.0000","5180.0000","5090.0000","5140.0000","5170.0000","5170.0000","5130.0000","5150.0000","5090.0000","5180.0000","5090.0000","5150.0000"," ","0.0000","0.0000","22400","115189000","5142.3661"
"20200916","01","11","    27340","JP3310350008","574.0000","580.0000","571.0000","578.0000","579.0000","579.0000","574.0000","576.0000","574.0000","580.0000","571.0000","576.0000"," ","0.0000","0.0000","55300","31838600","575.7432"
"20200916","01","11","    27350","JP3993950009","914.0000","927.0000","914.0000","920.0000","920.0000","930.0000","916.0000","930.0000","914.0000","930.0000","914.0000","930.0000"," ","0.0000","0.0000","47900","44190900","922.5658"
"20200916","01","11","    27370","JP3553900006","3965.0000","4020.0000","3930.0000","4020.0000","4020.0000","4110.0000","4000.0000","4075.0000","3965.0000","4110.0000","3930.0000","4075.0000"," ","0.0000","0.0000","13900","55951000","4025.2518"
"20200916","01","11","    27420","JP3773750009","4390.0000","4545.0000","4360.0000","4530.0000","4530.0000","4645.0000","4505.0000","4605.0000","4390.0000","4645.0000","4360.0000","4605.0000"," ","0.0000","0.0000","34400","155771500","4528.2413"
"20200916","01","11","    27490","JP3386190007","318.0000","329.0000","318.0000","327.0000","326.0000","328.0000","323.0000","325.0000","318.0000","329.0000","318.0000","325.0000"," ","0.0000","0.0000","313900","101722500","324.0602"
"20200916","01","11","    27520","JP3807770007","1382.0000","1402.0000","1380.0000","1395.0000","1396.0000","1396.0000","1381.0000","1387.0000","1382.0000","1402.0000","1380.0000","1387.0000"," ","0.0000","0.0000","34000","47221500","1388.8676"
"20200916","01","11","    27530","JP3124450002","2970.0000","2970.0000","2941.0000","2951.0000","2951.0000","2971.0000","2951.0000","2971.0000","2970.0000","2971.0000","2941.0000","2971.0000"," ","0.0000","0.0000","7100","21020100","2960.5775"
"20200916","01","11","    27600","JP3571600000","2993.0000","3110.0000","2993.0000","3100.0000","3120.0000","3120.0000","3080.0000","3105.0000","2993.0000","3120.0000","2993.0000","3105.0000"," ","0.0000","0.0000","87300","269098300","3082.4548"
"20200916","01","11","    27640","JP3796000002","250.0000","265.0000","247.0000","253.0000","250.0000","252.0000","249.0000","250.0000","250.0000","265.0000","247.0000","250.0000"," ","0.0000","0.0000","335000","85026300","253.8099"
"20200916","01","11","    27670","JP3802680003","347.0000","348.0000","343.0000","346.0000","345.0000","347.0000","344.0000","347.0000","347.0000","348.0000","343.0000","347.0000"," ","0.0000","0.0000","116500","40238500","345.3948"
"20200916","01","11","    27680","JP3663900003","248.0000","248.0000","246.0000","247.0000","248.0000","249.0000","246.0000","247.0000","248.0000","249.0000","246.0000","247.0000"," ","0.0000","0.0000","4287100","1060312500","247.3263"
"20200916","01","11","    27840","JP3126340003","2299.0000","2305.0000","2262.0000","2283.0000","2282.0000","2286.0000","2267.0000","2269.0000","2299.0000","2305.0000","2262.0000","2269.0000"," ","0.0000","0.0000","252600","574517800","2274.4173"
"20200916","01","11","    27910","JP3483050005","5450.0000","5650.0000","5450.0000","5610.0000","5580.0000","5670.0000","5580.0000","5670.0000","5450.0000","5670.0000","5450.0000","5670.0000"," ","0.0000","0.0000","40900","228874000","5595.9413"
"20200916","01","11","    27920","JP3770080004","1021.0000","1022.0000","997.0000","1002.0000","1002.0000","1003.0000","998.0000","1003.0000","1021.0000","1022.0000","997.0000","1003.0000"," ","0.0000","0.0000","247700","248456300","1003.0533"
"20200916","01","11","    27960","JP3802320006","764.0000","776.0000","760.0000","772.0000","774.0000","779.0000","764.0000","779.0000","764.0000","779.0000","760.0000","779.0000"," ","0.0000","0.0000","12400","9566800","771.5161"
"20200916","01","11","    28010","JP3240400006","5730.0000","5780.0000","5710.0000","5780.0000","5770.0000","5780.0000","5740.0000","5770.0000","5730.0000","5780.0000","5710.0000","5770.0000"," ","0.0000","0.0000","284700","1639688000","5759.3537"
"20200916","01","11","    28020","JP3119600009","2030.0000","2056.0000","2020.0000","2056.0000","2056.5000","2087.5000","2056.0000","2087.5000","2030.0000","2087.5000","2020.0000","2087.5000"," ","0.0000","0.0000","2280000","4698009250","2060.5304"
"20200916","01","11","    28090","JP3244800003","2065.0000","2083.0000","2059.0000","2078.0000","2083.0000","2091.0000","2076.0000","2090.0000","2065.0000","2091.0000","2059.0000","2090.0000"," ","0.0000","0.0000","238300","495653000","2079.9538"
"20200916","01","11","    28100","JP3765400001","3540.0000","3595.0000","3535.0000","3595.0000","3590.0000","3620.0000","3590.0000","3615.0000","3540.0000","3620.0000","3535.0000","3615.0000"," ","0.0000","0.0000","151600","544990500","3594.9241"
"20200916","01","11","    28110","JP3208200000","3410.0000","3470.0000","3405.0000","3465.0000","3470.0000","3475.0000","3455.0000","3470.0000","3410.0000","3475.0000","3405.0000","3470.0000"," ","0.0000","0.0000","163200","564189000","3457.0404"
"20200916","01","11","    28120","JP3930100007","947.0000","951.0000","944.0000","947.0000","948.0000","960.0000","948.0000","960.0000","947.0000","960.0000","944.0000","960.0000"," ","0.0000","0.0000","8500","8104300","953.4471"
"20200916","01","11","    28150","JP3125800007","7540.0000","7550.0000","7440.0000","7550.0000","7570.0000","7570.0000","7460.0000","7460.0000","7540.0000","7570.0000","7440.0000","7460.0000"," ","0.0000","0.0000","70700","529927000","7495.4314"
"20200916","01","11","    28180","JP3801590005","1728.0000","1735.0000","1727.0000","1735.0000","1735.0000","1738.0000","1725.0000","1737.0000","1728.0000","1738.0000","1725.0000","1737.0000"," ","0.0000","0.0000","5500","9524300","1731.6909"
"20200916","01","11","    28190","JP3165930003","2290.0000","2300.0000","2285.0000","2291.0000","2295.0000","2300.0000","2260.0000","2289.0000","2290.0000","2300.0000","2260.0000","2289.0000"," ","0.0000","0.0000","9000","20567200","2285.2444"
"20200916","01","11","    28200","JP3943100002","2107.0000","2173.0000","2099.0000","2173.0000","2181.0000","2181.0000","2116.0000","2144.0000","2107.0000","2181.0000","2099.0000","2144.0000"," ","0.0000","0.0000","6600","14161500","2145.6818"
"20200916","01","11","    28710","JP3665200006","2756.0000","2770.0000","2734.0000","2753.0000","2757.0000","2766.0000","2751.0000","2765.0000","2756.0000","2770.0000","2734.0000","2765.0000"," ","0.0000","0.0000","326700","901116000","2758.2369"
"20200916","01","11","    28740","JP3957000007","919.0000","925.0000","914.0000","924.0000","922.0000","923.0000","919.0000","921.0000","919.0000","925.0000","914.0000","921.0000"," ","0.0000","0.0000","116900","107535600","919.8939"
"20200916","01","11","    28750","JP3613000003","5560.0000","5620.0000","5520.0000","5590.0000","5610.0000","5650.0000","5590.0000","5640.0000","5560.0000","5650.0000","5520.0000","5640.0000"," ","0.0000","0.0000","385300","2157915000","5600.6099"
"20200916","01","11","    28820","JP3130740008","1950.0000","1960.0000","1949.0000","1954.0000","1954.0000","1963.0000","1950.0000","1963.0000","1950.0000","1963.0000","1949.0000","1963.0000"," ","0.0000","0.0000","21300","41666300","1956.1643"
"20200916","01","11","    28830","JP3500150002","2310.0000","2325.0000","2300.0000","2325.0000","2327.0000","2346.0000","2327.0000","2346.0000","2310.0000","2346.0000","2300.0000","2346.0000"," ","0.0000","0.0000","11800","27372900","2319.7373"
"20200916","01","11","    28840","JP3958400008","945.0000","979.0000","942.0000","979.0000","976.0000","980.0000","965.0000","973.0000","945.0000","980.0000","942.0000","973.0000"," ","0.0000","0.0000","227600","219682100","965.2113"
"20200916","01","11","    28970","JP3675600005","9750.0000","9870.0000","9750.0000","9850.0000","9850.0000","9860.0000","9780.0000","9860.0000","9750.0000","9870.0000","9750.0000","9860.0000"," ","0.0000","0.0000","151500","1489643000","9832.6271"
"20200916","01","11","    28990","JP3648200008","2312.0000","2343.0000","2312.0000","2319.0000","2329.0000","2343.0000","2326.0000","2343.0000","2312.0000","2343.0000","2312.0000","2343.0000"," ","0.0000","0.0000","11500","26810800","2331.3739"
"20200916","01","11","    29040","JP3142200009","1047.0000","1049.0000","1042.0000","1049.0000","1049.0000","1050.0000","1047.0000","1047.0000","1047.0000","1050.0000","1042.0000","1047.0000"," ","0.0000","0.0000","4900","5132300","1047.4082"
"20200916","01","11","    29080","JP3818700001","2045.0000","2080.0000","2045.0000","2077.0000","2069.0000","2085.0000","2062.0000","2068.0000","2045.0000","2085.0000","2045.0000","2068.0000"," ","0.0000","0.0000","40600","84101700","2071.4704"
"20200916","01","11","    29100","JP3984200000","1417.0000","1428.0000","1415.0000","1420.0000","1417.0000","1435.0000","1417.0000","1435.0000","1417.0000","1435.0000","1415.0000","1435.0000"," ","0.0000","0.0000","46500","66314400","1426.1161"
"20200916","01","11","    29140","JP3726800000","1986.0000","1987.0000","1976.5000","1980.0000","1980.5000","1982.0000","1977.0000","1979.5000","1986.0000","1987.0000","1976.5000","1979.5000"," ","0.0000","0.0000","3211300","6358776900","1980.1255"
"20200916","01","11","    29150","JP3281850002","1880.0000","1895.0000","1870.0000","1888.0000","1878.0000","1896.0000","1878.0000","1890.0000","1880.0000","1896.0000","1870.0000","1890.0000"," ","0.0000","0.0000","12500","23599100","1887.9280"
"20200916","01","11","    29180","JP3994400004","1535.0000","1547.0000","1531.0000","1544.0000","1536.0000","1545.0000","1536.0000","1542.0000","1535.0000","1547.0000","1531.0000","1542.0000"," ","0.0000","0.0000","37200","57284800","1539.9140"
"20200916","01","11","    29220","JP3651060000","1971.0000","1988.0000","1963.0000","1980.0000","1980.0000","1980.0000","1964.0000","1974.0000","1971.0000","1988.0000","1963.0000","1974.0000"," ","0.0000","0.0000","20000","39510800","1975.5400"
"20200916","01","11","    29240","JP3148950003","940.0000","962.0000","940.0000","961.0000","962.0000","995.0000","960.0000","995.0000","940.0000","995.0000","940.0000","995.0000"," ","0.0000","0.0000","12100","11748900","970.9835"
"20200916","01","11","    29250","JP3801800008","2709.0000","2740.0000","2694.0000","2723.0000","2737.0000","2737.0000","2696.0000","2705.0000","2709.0000","2740.0000","2694.0000","2705.0000"," ","0.0000","0.0000","30700","83376900","2715.8599"
"20200916","01","11","    29300","JP3240100002","575.0000","580.0000","573.0000","580.0000","580.0000","588.0000","577.0000","579.0000","575.0000","588.0000","573.0000","579.0000"," ","0.0000","0.0000","985600","571159000","579.5039"
"20200916","01","11","    29310","JP3944370000","895.0000","924.0000","889.0000","910.0000","910.0000","911.0000","896.0000","898.0000","895.0000","924.0000","889.0000","898.0000"," ","0.0000","0.0000","903000","821281600","909.5034"
"20200916","01","11","    29710","JP3048810000","102600.0000","103500.0000","101900.0000","103400.0000","103200.0000","104000.0000","102500.0000","102900.0000","102600.0000","104000.0000","101900.0000","102900.0000"," ","0.0000","0.0000","1270","130751800","102954.1732"
"20200916","01","11","    29720","JP3048880003","93400.0000","95400.0000","93000.0000","95300.0000","95300.0000","96700.0000","94200.0000","95200.0000","93400.0000","96700.0000","93000.0000","95200.0000"," ","0.0000","0.0000","1296","123009000","94914.3519"
"20200916","01","11","    29750","JP3399340003","1317.0000","1365.0000","1313.0000","1344.0000","1341.0000","1363.0000","1341.0000","1355.0000","1317.0000","1365.0000","1313.0000","1355.0000"," ","0.0000","0.0000","45400","61242000","1348.9427"
"20200916","01","11","    29790","JP3048960003","136300.0000","138500.0000","135600.0000","138200.0000","139000.0000","141900.0000","137400.0000","138100.0000","136300.0000","141900.0000","135600.0000","138100.0000"," ","0.0000","0.0000","2018","280264700","138882.4083"
"20200916","01","11","    29820","JP3160560003","158.0000","158.0000","157.0000","157.0000","158.0000","158.0000","156.0000","157.0000","158.0000","158.0000","156.0000","157.0000"," ","0.0000","0.0000","74300","11685100","157.2692"
"20200916","01","11","    30010","JP3211400001","1217.0000","1243.0000","1217.0000","1238.0000","1245.0000","1245.0000","1231.0000","1240.0000","1217.0000","1245.0000","1217.0000","1240.0000"," ","0.0000","0.0000","64200","79318500","1235.4907"
"20200916","01","11","    30020","JP3275200008","4110.0000","4155.0000","4090.0000","4150.0000","4165.0000","4210.0000","4145.0000","4170.0000","4110.0000","4210.0000","4090.0000","4170.0000"," ","0.0000","0.0000","44900","186751000","4159.2650"
"20200916","01","11","    30030","JP3360800001","989.0000","990.0000","977.0000","988.0000","991.0000","994.0000","989.0000","989.0000","989.0000","994.0000","977.0000","989.0000"," ","0.0000","0.0000","916600","905064800","987.4152"
"20200916","01","11","    30040","JP3370400008","533.0000","539.0000","532.0000","537.0000","544.0000","544.0000","544.0000","544.0000","533.0000","544.0000","532.0000","544.0000"," ","0.0000","0.0000","1300","700600","538.9231"
"20200916","01","11","    30230","JP3967450002","970.0000","970.0000","965.0000","969.0000","970.0000","981.0000","970.0000","981.0000","970.0000","981.0000","965.0000","981.0000"," ","0.0000","0.0000","15100","14720800","974.8874"
"20200916","01","11","    30280","JP3126470008","1928.0000","1970.0000","1928.0000","1969.0000","1969.0000","1977.0000","1961.0000","1970.0000","1928.0000","1977.0000","1928.0000","1970.0000"," ","0.0000","0.0000","116300","228179300","1961.9888"
"20200916","01","11","    30300","JP3770350001","695.0000","701.0000","683.0000","689.0000","695.0000","700.0000","691.0000","699.0000","695.0000","701.0000","683.0000","699.0000"," ","0.0000","0.0000","17700","12260400","692.6780"
"20200916","01","11","    30310","JP3967050000","2100.0000","2123.0000","2020.0000","2030.0000","2028.0000","2088.0000","2010.0000","2068.0000","2100.0000","2123.0000","2010.0000","2068.0000"," ","0.0000","0.0000","3181700","6572155100","2065.6112"
"20200916","01","11","    30340","JP3266160005","1233.0000","1241.0000","1213.0000","1239.0000","1237.0000","1240.0000","1232.0000","1238.0000","1233.0000","1241.0000","1213.0000","1238.0000"," ","0.0000","0.0000","101000","124573900","1233.4050"
"20200916","01","11","    30360","JP3126210008","1515.0000","1539.0000","1509.0000","1539.0000","1539.0000","1546.0000","1532.0000","1535.0000","1515.0000","1546.0000","1509.0000","1535.0000"," ","0.0000","0.0000","46300","71108000","1535.8099"
"20200916","01","11","    30380","JP3291200008","5380.0000","5540.0000","5380.0000","5480.0000","5490.0000","5570.0000","5460.0000","5560.0000","5380.0000","5570.0000","5380.0000","5560.0000"," ","0.0000","0.0000","2125200","11659448000","5486.2827"
"20200916","01","11","    30400","JP3436300002","1899.0000","1992.0000","1885.0000","1969.0000","1969.0000","1976.0000","1942.0000","1960.0000","1899.0000","1992.0000","1885.0000","1960.0000"," ","0.0000","0.0000","342000","669151200","1956.5825"
"20200916","01","11","    30460","JP3386110005","8210.0000","8360.0000","8170.0000","8250.0000","8270.0000","8360.0000","8230.0000","8330.0000","8210.0000","8360.0000","8170.0000","8330.0000"," ","0.0000","0.0000","66000","546808000","8284.9697"
"20200916","01","11","    30480","JP3800390001","1076.0000","1088.0000","1076.0000","1087.0000","1087.0000","1089.0000","1079.0000","1083.0000","1076.0000","1089.0000","1076.0000","1083.0000"," ","0.0000","0.0000","294800","319328900","1083.2052"
"20200916","01","11","    30500","JP3548660004","1281.0000","1296.0000","1273.0000","1289.0000","1295.0000","1295.0000","1283.0000","1288.0000","1281.0000","1296.0000","1273.0000","1288.0000"," ","0.0000","0.0000","864600","1111999500","1286.1433"
"20200916","01","11","    30530","JP3836400006","404.0000","407.0000","400.0000","402.0000","402.0000","404.0000","400.0000","404.0000","404.0000","407.0000","400.0000","404.0000"," ","0.0000","0.0000","184900","74420800","402.4922"
"20200916","01","11","    30540","JP3765220003","562.0000","568.0000","558.0000","560.0000","566.0000","571.0000","558.0000","559.0000","562.0000","571.0000","558.0000","559.0000"," ","0.0000","0.0000","44900","25237900","562.0913"
"20200916","01","11","    30640","JP3922950005","4555.0000","4645.0000","4540.0000","4620.0000","4610.0000","4675.0000","4605.0000","4675.0000","4555.0000","4675.0000","4540.0000","4675.0000"," ","0.0000","0.0000","844700","3900847500","4618.0271"
"20200916","01","11","    30670","JP3570800007","600.0000","600.0000","600.0000","600.0000","603.0000","604.0000","600.0000","604.0000","600.0000","604.0000","600.0000","604.0000"," ","0.0000","0.0000","3700","2227400","602.0000"
"20200916","01","11","    30730","JP3499650004","827.0000","831.0000","818.0000","823.0000","820.0000","823.0000","806.0000","810.0000","827.0000","831.0000","806.0000","810.0000"," ","0.0000","0.0000","123600","101027600","817.3754"
"20200916","01","11","    30760","JP3105090009","1881.0000","1907.0000","1878.0000","1901.0000","1896.0000","1920.0000","1889.0000","1909.0000","1881.0000","1920.0000","1878.0000","1909.0000"," ","0.0000","0.0000","131900","250986000","1902.8506"
"20200916","01","11","    30790","JP3548710007","990.0000","1052.0000","978.0000","1029.0000","1025.0000","1033.0000","1011.0000","1016.0000","990.0000","1052.0000","978.0000","1016.0000"," ","0.0000","0.0000","146700","149314500","1017.8221"
"20200916","01","11","    30820","JP3240300008","663.0000","664.0000","658.0000","658.0000","659.0000","664.0000","657.0000","664.0000","663.0000","664.0000","657.0000","664.0000"," ","0.0000","0.0000","7900","5220100","660.7722"
"20200916","01","11","    30850","JP3100090004","2120.0000","2128.0000","2110.0000","2115.0000","2111.0000","2118.0000","2106.0000","2118.0000","2120.0000","2128.0000","2106.0000","2118.0000"," ","0.0000","0.0000","90900","192344500","2116.0011"
"20200916","01","11","    30860","JP3386380004","741.0000","742.0000","725.0000","733.0000","732.0000","733.0000","723.0000","724.0000","741.0000","742.0000","723.0000","724.0000"," ","0.0000","0.0000","1908900","1390522100","728.4416"
"20200916","01","11","    30870","JP3639100001","1675.0000","1682.0000","1667.0000","1673.0000","1673.0000","1676.0000","1668.0000","1668.0000","1675.0000","1682.0000","1667.0000","1668.0000"," ","0.0000","0.0000","77500","129605700","1672.3316"
"20200916","01","11","    30880","JP3869010003","3535.0000","3555.0000","3520.0000","3550.0000","3545.0000","3580.0000","3540.0000","3570.0000","3535.0000","3580.0000","3520.0000","3570.0000"," ","0.0000","0.0000","341300","1211871500","3550.7515"
"20200916","01","11","    30910","JP3831550003","2378.0000","2393.0000","2367.0000","2372.0000","2379.0000","2390.0000","2370.0000","2390.0000","2378.0000","2393.0000","2367.0000","2390.0000"," ","0.0000","0.0000","27200","64717900","2379.3346"
"20200916","01","11","    30920","JP3399310006","2754.0000","2789.0000","2747.0000","2779.0000","2782.0000","2787.0000","2770.0000","2783.0000","2754.0000","2789.0000","2747.0000","2783.0000"," ","0.0000","0.0000","611700","1697579400","2775.1829"
"20200916","01","11","    30930","JP3637270004","781.0000","788.0000","774.0000","783.0000","787.0000","790.0000","782.0000","786.0000","781.0000","790.0000","774.0000","786.0000"," ","0.0000","0.0000","20100","15762000","784.1791"
"20200916","01","11","    30970","JP3922930007","9930.0000","10140.0000","9700.0000","9930.0000","9910.0000","9950.0000","9750.0000","9840.0000","9930.0000","10140.0000","9700.0000","9840.0000"," ","0.0000","0.0000","157700","1560565000","9895.7831"
"20200916","01","11","    30980","JP3297330007","6380.0000","6440.0000","6360.0000","6430.0000","6460.0000","6480.0000","6420.0000","6430.0000","6380.0000","6480.0000","6360.0000","6430.0000"," ","0.0000","0.0000","33700","216570000","6426.4095"
"20200916","01","11","    30990","JP3894900004","577.0000","577.0000","570.0000","571.0000","573.0000","573.0000","565.0000","567.0000","577.0000","577.0000","565.0000","567.0000"," ","0.0000","0.0000","2171400","1237430200","569.8767"
"20200916","01","11","    31010","JP3619800000","1625.0000","1642.0000","1612.0000","1621.0000","1616.0000","1620.0000","1610.0000","1613.0000","1625.0000","1642.0000","1610.0000","1613.0000"," ","0.0000","0.0000","509100","824910100","1620.3302"
"20200916","01","11","    31030","JP3951200009","382.0000","384.0000","377.0000","382.0000","382.0000","382.0000","376.0000","376.0000","382.0000","384.0000","376.0000","376.0000"," ","0.0000","0.0000","451800","171473200","379.5334"
"20200916","01","11","    31040","JP3820800005","3650.0000","3650.0000","3595.0000","3610.0000","3620.0000","3625.0000","3600.0000","3625.0000","3650.0000","3650.0000","3595.0000","3625.0000"," ","0.0000","0.0000","15600","56472000","3620.0000"
"20200916","01","11","    31050","JP3678000005","768.0000","768.0000","756.0000","758.0000","760.0000","760.0000","749.0000","752.0000","768.0000","768.0000","749.0000","752.0000"," ","0.0000","0.0000","439300","332044000","755.8479"
"20200916","01","11","    31060","JP3268800004","1965.0000","1972.0000","1945.0000","1965.0000","1962.0000","1970.0000","1958.0000","1970.0000","1965.0000","1972.0000","1945.0000","1970.0000"," ","0.0000","0.0000","32700","64138900","1961.4343"
"20200916","01","11","    31070","JP3505400006","6350.0000","6420.0000","6330.0000","6370.0000","6360.0000","6390.0000","6330.0000","6380.0000","6350.0000","6420.0000","6330.0000","6380.0000"," ","0.0000","0.0000","54700","348282000","6367.1298"
"20200916","01","11","    31090","JP3348400007","971.0000","976.0000","968.0000","968.0000","972.0000","978.0000","969.0000","978.0000","971.0000","978.0000","968.0000","978.0000"," ","0.0000","0.0000","25100","24423300","973.0398"
"20200916","01","11","    31100","JP3684400009","4345.0000","4390.0000","4345.0000","4370.0000","4370.0000","4440.0000","4360.0000","4405.0000","4345.0000","4440.0000","4345.0000","4405.0000"," ","0.0000","0.0000","172500","757603000","4391.9014"
"20200916","01","11","    31160","JP3635400009","1531.0000","1540.0000","1514.0000","1536.0000","1535.0000","1537.0000","1521.0000","1521.0000","1531.0000","1540.0000","1514.0000","1521.0000"," ","0.0000","0.0000","293800","449037400","1528.3778"
"20200916","01","11","    31320","JP3862960006","1900.0000","1933.0000","1894.0000","1929.0000","1927.0000","1928.0000","1911.0000","1913.0000","1900.0000","1933.0000","1894.0000","1913.0000"," ","0.0000","0.0000","138100","265003000","1918.9211"
"20200916","01","11","    31340","JP3772000000","2087.0000","2136.0000","2022.0000","2129.0000","2130.0000","2147.0000","2087.0000","2125.0000","2087.0000","2147.0000","2022.0000","2125.0000"," ","0.0000","0.0000","1017100","2131873300","2096.0312"
"20200916","01","11","    31390","JP3967250006","3730.0000","3815.0000","3730.0000","3785.0000","3810.0000","3825.0000","3770.0000","3780.0000","3730.0000","3825.0000","3730.0000","3780.0000"," ","0.0000","0.0000","32800","124204000","3786.7073"
"20200916","01","11","    31410","JP3274280001","4215.0000","4290.0000","4200.0000","4270.0000","4290.0000","4360.0000","4280.0000","4335.0000","4215.0000","4360.0000","4200.0000","4335.0000"," ","0.0000","0.0000","532600","2291304500","4302.1113"
"20200916","01","11","    31480","JP3269940007","3615.0000","3670.0000","3615.0000","3650.0000","3655.0000","3680.0000","3635.0000","3680.0000","3615.0000","3680.0000","3615.0000","3680.0000"," ","0.0000","0.0000","40900","149610000","3657.9462"
"20200916","01","11","    31510","JP3778280002","1087.0000","1092.0000","1084.0000","1092.0000","1097.0000","1099.0000","1093.0000","1094.0000","1087.0000","1099.0000","1084.0000","1094.0000"," ","0.0000","0.0000","73200","79841800","1090.7350"
"20200916","01","11","    31530","JP3931700003","982.0000","985.0000","978.0000","984.0000","987.0000","993.0000","984.0000","993.0000","982.0000","993.0000","978.0000","993.0000"," ","0.0000","0.0000","23400","23066800","985.7607"
"20200916","01","11","    31540","JP3254190006","877.0000","889.0000","875.0000","881.0000","886.0000","893.0000","882.0000","889.0000","877.0000","893.0000","875.0000","889.0000"," ","0.0000","0.0000","20200","17884000","885.3465"
"20200916","01","11","    31560","JP3944360001","2170.0000","2189.0000","2155.0000","2180.0000","2175.0000","2195.0000","2167.0000","2173.0000","2170.0000","2195.0000","2155.0000","2173.0000"," ","0.0000","0.0000","64900","141231600","2176.1418"
"20200916","01","11","    31570","JP3390360000","1015.0000","1015.0000","1014.0000","1014.0000","1014.0000","1015.0000","1011.0000","1011.0000","1015.0000","1015.0000","1011.0000","1011.0000"," ","0.0000","0.0000","1700","1721000","1012.3529"
"20200916","01","11","    31590","JP3346330008","376.0000","378.0000","375.0000","378.0000","380.0000","380.0000","377.0000","378.0000","376.0000","380.0000","375.0000","378.0000"," ","0.0000","0.0000","22400","8466100","377.9509"
"20200916","01","11","    31600","JP3190430003","685.0000","685.0000","682.0000","684.0000","685.0000","696.0000","685.0000","696.0000","685.0000","696.0000","682.0000","696.0000"," ","0.0000","0.0000","10900","7520800","689.9817"
"20200916","01","11","    31660","JP3196630002","1538.0000","1541.0000","1521.0000","1541.0000","1542.0000","1550.0000","1542.0000","1550.0000","1538.0000","1550.0000","1521.0000","1550.0000"," ","0.0000","0.0000","2700","4166000","1542.9630"
"20200916","01","11","    31670","JP3552260006","1040.0000","1067.0000","1039.0000","1065.0000","1067.0000","1068.0000","1053.0000","1055.0000","1040.0000","1068.0000","1039.0000","1055.0000"," ","0.0000","0.0000","353200","372407500","1054.3814"
"20200916","01","11","    31680","JP3272780002","534.0000","534.0000","529.0000","530.0000","529.0000","530.0000","523.0000","529.0000","534.0000","534.0000","523.0000","529.0000"," ","0.0000","0.0000","17500","9256800","528.9600"
"20200916","01","11","    31690","JP3883750006","752.0000","775.0000","747.0000","758.0000","757.0000","758.0000","732.0000","732.0000","752.0000","775.0000","732.0000","732.0000"," ","0.0000","0.0000","89300","66734900","747.3113"
"20200916","01","11","    31720","JP3539050009","1302.0000","1319.0000","1295.0000","1297.0000","1298.0000","1298.0000","1279.0000","1293.0000","1302.0000","1319.0000","1279.0000","1293.0000"," ","0.0000","0.0000","22800","29508500","1294.2325"
"20200916","01","11","    31730","JP3181400007","716.0000","724.0000","716.0000","724.0000","719.0000","724.0000","719.0000","724.0000","716.0000","724.0000","716.0000","724.0000"," ","0.0000","0.0000","1100","793800","721.6364"
"20200916","01","11","    31750","JP3160620005","435.0000","436.0000","434.0000","436.0000","436.0000","439.0000","436.0000","439.0000","435.0000","439.0000","434.0000","439.0000"," ","0.0000","0.0000","2900","1267200","436.9655"
"20200916","01","11","    31760","JP3342500000","1027.0000","1027.0000","999.0000","1004.0000","1004.0000","1012.0000","1002.0000","1007.0000","1027.0000","1027.0000","999.0000","1007.0000"," ","0.0000","0.0000","64400","64722300","1005.0047"
"20200916","01","11","    31780","JP3512720008","1473.0000","1478.0000","1453.0000","1461.0000","1461.0000","1469.0000","1456.0000","1460.0000","1473.0000","1478.0000","1453.0000","1460.0000"," ","0.0000","0.0000","47400","69562500","1467.5633"
"20200916","01","11","    31790","JP3359940008","871.0000","889.0000","869.0000","880.0000","884.0000","884.0000","873.0000","884.0000","871.0000","889.0000","869.0000","884.0000"," ","0.0000","0.0000","78800","69449500","881.3388"
"20200916","01","11","    31800","JP3800480000","2669.0000","2684.0000","2589.0000","2621.0000","2610.0000","2670.0000","2598.0000","2628.0000","2669.0000","2684.0000","2589.0000","2628.0000"," ","0.0000","0.0000","148600","390719100","2629.3345"
"20200916","01","11","    31820","JP3174190003","2990.0000","3050.0000","2972.0000","3030.0000","3045.0000","3050.0000","2999.0000","3040.0000","2990.0000","3050.0000","2972.0000","3040.0000"," ","0.0000","0.0000","353900","1069391200","3021.7327"
"20200916","01","11","    31830","JP3154390003","995.0000","1000.0000","992.0000","999.0000","999.0000","999.0000","990.0000","994.0000","995.0000","1000.0000","990.0000","994.0000"," ","0.0000","0.0000","21400","21323100","996.4065"
"20200916","01","11","    31860","JP3758210003","1168.0000","1188.0000","1159.0000","1172.0000","1171.0000","1177.0000","1164.0000","1167.0000","1168.0000","1188.0000","1159.0000","1167.0000"," ","0.0000","0.0000","452000","528787000","1169.8827"
"20200916","01","11","    31910","JP3392920009","1516.0000","1561.0000","1515.0000","1555.0000","1551.0000","1556.0000","1536.0000","1549.0000","1516.0000","1561.0000","1515.0000","1549.0000"," ","0.0000","0.0000","162300","250727300","1544.8386"
"20200916","01","11","    31930","JP3635900008","1475.0000","1478.0000","1458.0000","1464.0000","1462.0000","1480.0000","1457.0000","1479.0000","1475.0000","1480.0000","1457.0000","1479.0000"," ","0.0000","0.0000","129400","190053900","1468.7318"
"20200916","01","11","    31940","JP3257900005","3525.0000","3550.0000","3520.0000","3545.0000","3540.0000","3545.0000","3510.0000","3520.0000","3525.0000","3550.0000","3510.0000","3520.0000"," ","0.0000","0.0000","314700","1110926500","3530.1128"
"20200916","01","11","    31960","JP3851950000","1193.0000","1209.0000","1190.0000","1207.0000","1207.0000","1210.0000","1199.0000","1210.0000","1193.0000","1210.0000","1190.0000","1210.0000"," ","0.0000","0.0000","55400","66651200","1203.0903"
"20200916","01","11","    31970","JP3396210001","1502.0000","1514.0000","1496.0000","1513.0000","1515.0000","1523.0000","1513.0000","1520.0000","1502.0000","1523.0000","1496.0000","1520.0000"," ","0.0000","0.0000","1727300","2610971000","1511.5909"
"20200916","01","11","    31980","JP3162250009","1418.0000","1439.0000","1413.0000","1434.0000","1434.0000","1437.0000","1423.0000","1435.0000","1418.0000","1439.0000","1413.0000","1435.0000"," ","0.0000","0.0000","29500","42175700","1429.6847"
"20200916","01","11","    31990","JP3993830003","2870.0000","2988.0000","2865.0000","2925.0000","2925.0000","3000.0000","2924.0000","3000.0000","2870.0000","3000.0000","2865.0000","3000.0000"," ","0.0000","0.0000","115600","341625500","2955.2379"
"20200916","01","11","    32010","JP3700800000","1004.0000","1015.0000","1001.0000","1013.0000","1009.0000","1010.0000","1002.0000","1002.0000","1004.0000","1015.0000","1001.0000","1002.0000"," ","0.0000","0.0000","115200","115867900","1005.7977"
"20200916","01","11","    32020","JP3487400008","114.0000","117.0000","114.0000","115.0000","115.0000","115.0000","114.0000","114.0000","114.0000","117.0000","114.0000","114.0000"," ","0.0000","0.0000","176000","20235900","114.9767"
"20200916","01","11","    32040","JP3552170007","500.0000","500.0000","489.0000","497.0000","497.0000","500.0000","494.0000","500.0000","500.0000","500.0000","489.0000","500.0000"," ","0.0000","0.0000","16100","7993100","496.4658"
"20200916","01","11","    32050","JP3488600002","200.0000","200.0000","199.0000","200.0000","200.0000","200.0000","199.0000","200.0000","200.0000","200.0000","199.0000","200.0000"," ","0.0000","0.0000","35600","7109900","199.7163"
"20200916","01","11","    32210","JP3957600004","1838.0000","1875.0000","1822.0000","1858.0000","1858.0000","1862.0000","1829.0000","1854.0000","1838.0000","1875.0000","1822.0000","1854.0000"," ","0.0000","0.0000","36100","66727600","1848.4100"
"20200916","01","11","    32220","JP3949450005","1199.0000","1227.0000","1195.0000","1206.0000","1210.0000","1219.0000","1199.0000","1218.0000","1199.0000","1227.0000","1195.0000","1218.0000"," ","0.0000","0.0000","445500","539278200","1210.5010"
"20200916","01","11","    32260","JP3046440008","615000.0000","623000.0000","613000.0000","623000.0000","624000.0000","628000.0000","621000.0000","626000.0000","615000.0000","628000.0000","613000.0000","626000.0000"," ","0.0000","0.0000","1440","894725000","621336.8056"
"20200916","01","11","    32270","JP3046450007","77500.0000","77900.0000","77100.0000","77600.0000","77600.0000","78700.0000","77500.0000","78000.0000","77500.0000","78700.0000","77100.0000","78000.0000"," ","0.0000","0.0000","11485","893794800","77822.7949"
"20200916","01","11","    32280","JP3324700008","1431.0000","1457.0000","1430.0000","1447.0000","1445.0000","1448.0000","1428.0000","1429.0000","1431.0000","1457.0000","1428.0000","1429.0000"," ","0.0000","0.0000","26700","38425100","1439.1423"
"20200916","01","11","    32310","JP3762900003","2113.0000","2115.0000","2094.0000","2107.0000","2107.0000","2107.0000","2091.0000","2091.0000","2113.0000","2115.0000","2091.0000","2091.0000"," ","0.0000","0.0000","382800","803340700","2098.5912"
"20200916","01","11","    32320","JP3332510001","473.0000","476.0000","469.0000","475.0000","477.0000","477.0000","470.0000","474.0000","473.0000","477.0000","469.0000","474.0000"," ","0.0000","0.0000","70200","33228500","473.3405"
"20200916","01","11","    32340","JP3046470005","135500.0000","137100.0000","134600.0000","136900.0000","137100.0000","137400.0000","135100.0000","135900.0000","135500.0000","137400.0000","134600.0000","135900.0000"," ","0.0000","0.0000","5953","810392000","136131.6983"
"20200916","01","11","    32440","JP3322970009","1472.0000","1477.0000","1454.0000","1463.0000","1464.0000","1471.0000","1461.0000","1462.0000","1472.0000","1477.0000","1454.0000","1462.0000"," ","0.0000","0.0000","475100","695342400","1463.5706"
"20200916","01","11","    32450","JP3548720006","0.0000","0.0000","0.0000","0.0000","482.0000","482.0000","482.0000","482.0000","482.0000","482.0000","482.0000","482.0000"," ","0.0000","0.0000","141400","68154800","482.0000"
"20200916","01","11","    32460","JP3283670002","573.0000","573.0000","569.0000","570.0000","573.0000","575.0000","570.0000","575.0000","573.0000","575.0000","569.0000","575.0000"," ","0.0000","0.0000","8600","4921400","572.2558"
"20200916","01","11","    32490","JP3046500009","183500.0000","184300.0000","182100.0000","184100.0000","184300.0000","186300.0000","183900.0000","185300.0000","183500.0000","186300.0000","182100.0000","185300.0000"," ","0.0000","0.0000","5757","1063839200","184790.5506"
"20200916","01","11","    32520","JP3714200007","1706.0000","1721.0000","1696.0000","1710.0000","1707.0000","1720.0000","1706.0000","1715.0000","1706.0000","1721.0000","1696.0000","1715.0000"," ","0.0000","0.0000","60600","103767200","1712.3300"
"20200916","01","11","    32540","JP3833300001","1415.0000","1437.0000","1407.0000","1437.0000","1437.0000","1438.0000","1426.0000","1427.0000","1415.0000","1438.0000","1407.0000","1427.0000"," ","0.0000","0.0000","143900","205571000","1428.5685"
"20200916","01","11","    32670","JP3802930002","1961.0000","1962.0000","1931.0000","1937.0000","1933.0000","1940.0000","1916.0000","1934.0000","1961.0000","1962.0000","1916.0000","1934.0000"," ","0.0000","0.0000","39500","76476100","1936.1038"
"20200916","01","11","    32690","JP3047160001","311500.0000","313000.0000","310000.0000","312500.0000","312000.0000","315000.0000","310500.0000","313000.0000","311500.0000","315000.0000","310000.0000","313000.0000"," ","0.0000","0.0000","2912","909039000","312169.9863"
"20200916","01","11","    32710","JP3345720001","193.0000","195.0000","192.0000","192.0000","192.0000","194.0000","192.0000","192.0000","193.0000","195.0000","192.0000","192.0000"," ","0.0000","0.0000","63100","12179100","193.0127"
"20200916","01","11","    32750","JP3765350008","1320.0000","1336.0000","1320.0000","1334.0000","1335.0000","1335.0000","1325.0000","1326.0000","1320.0000","1336.0000","1320.0000","1326.0000"," ","0.0000","0.0000","7500","9935900","1324.7867"
"20200916","01","11","    32760","JP3695050009","1279.0000","1287.0000","1262.0000","1264.0000","1256.0000","1266.0000","1250.0000","1259.0000","1279.0000","1287.0000","1250.0000","1259.0000"," ","0.0000","0.0000","34900","44147000","1264.9570"
"20200916","01","11","    32770","JP3335000000","746.0000","750.0000","743.0000","750.0000","750.0000","755.0000","747.0000","755.0000","746.0000","755.0000","743.0000","755.0000"," ","0.0000","0.0000","13100","9830000","750.3817"
"20200916","01","11","    32780","JP3047480003","188100.0000","189000.0000","186800.0000","187800.0000","188700.0000","188800.0000","185200.0000","186400.0000","188100.0000","189000.0000","185200.0000","186400.0000"," ","0.0000","0.0000","3399","634860800","186778.6996"
"20200916","01","11","    32790","JP3047490002","398500.0000","398500.0000","394000.0000","395500.0000","398500.0000","404500.0000","397500.0000","401000.0000","398500.0000","404500.0000","394000.0000","401000.0000"," ","0.0000","0.0000","2138","853370000","399144.0599"
"20200916","01","11","    32800","JP3163350006","674.0000","674.0000","674.0000","674.0000","674.0000","674.0000","674.0000","674.0000","674.0000","674.0000","674.0000","674.0000"," ","0.0000","0.0000","500","337000","674.0000"
"20200916","01","11","    32810","JP3047510007","167700.0000","167800.0000","166100.0000","166400.0000","166500.0000","168000.0000","166300.0000","167900.0000","167700.0000","168000.0000","166100.0000","167900.0000"," ","0.0000","0.0000","9380","1566954200","167052.6866"
"20200916","01","11","    32820","JP3047540004","313000.0000","314500.0000","310000.0000","312500.0000","311000.0000","312500.0000","309000.0000","311500.0000","313000.0000","314500.0000","309000.0000","311500.0000"," ","0.0000","0.0000","2304","716473500","310969.4010"
"20200916","01","11","    32830","JP3047550003","351000.0000","352500.0000","348500.0000","350500.0000","351000.0000","354000.0000","349000.0000","351000.0000","351000.0000","354000.0000","348500.0000","351000.0000"," ","0.0000","0.0000","5906","2072653500","350940.3149"
"20200916","01","11","    32840","JP3802060008","651.0000","664.0000","650.0000","661.0000","660.0000","662.0000","656.0000","656.0000","651.0000","664.0000","650.0000","656.0000"," ","0.0000","0.0000","126200","83058300","658.1482"
"20200916","01","11","    32870","JP3047610005","515000.0000","520000.0000","512000.0000","517000.0000","518000.0000","519000.0000","513000.0000","517000.0000","515000.0000","520000.0000","512000.0000","517000.0000"," ","0.0000","0.0000","1299","671497000","516933.7952"
"20200916","01","11","    32880","JP3173540000","3755.0000","3805.0000","3705.0000","3790.0000","3795.0000","3820.0000","3785.0000","3810.0000","3755.0000","3820.0000","3705.0000","3810.0000"," ","0.0000","0.0000","453300","1718093000","3790.1897"
"20200916","01","11","    32890","JP3569200003","488.0000","488.0000","481.0000","486.0000","486.0000","488.0000","482.0000","482.0000","488.0000","488.0000","481.0000","482.0000"," ","0.0000","0.0000","2588400","1253486500","484.2708"
"20200916","01","11","    32900","JP3047640002","244200.0000","246100.0000","243400.0000","246100.0000","246100.0000","248800.0000","246100.0000","247300.0000","244200.0000","248800.0000","243400.0000","247300.0000"," ","0.0000","0.0000","602","148491200","246663.1229"
"20200916","01","11","    32910","JP3131090007","2196.0000","2224.0000","2175.0000","2219.0000","2220.0000","2223.0000","2207.0000","2208.0000","2196.0000","2224.0000","2175.0000","2208.0000"," ","0.0000","0.0000","987900","2181618800","2208.3397"
"20200916","01","11","    32920","JP3047650001","117800.0000","118700.0000","117800.0000","118500.0000","118600.0000","120700.0000","118500.0000","120100.0000","117800.0000","120700.0000","117800.0000","120100.0000"," ","0.0000","0.0000","6413","766236600","119481.7714"
"20200916","01","11","    32940","JP3130350006","805.0000","806.0000","797.0000","804.0000","801.0000","803.0000","799.0000","799.0000","805.0000","806.0000","797.0000","799.0000"," ","0.0000","0.0000","11300","9050900","800.9646"
"20200916","01","11","    32950","JP3047660000","135500.0000","136900.0000","135300.0000","136700.0000","136400.0000","137600.0000","136000.0000","136500.0000","135500.0000","137600.0000","135300.0000","136500.0000"," ","0.0000","0.0000","2672","364636700","136465.8308"
"20200916","01","11","    32960","JP3047750009","343000.0000","349500.0000","342500.0000","349500.0000","349500.0000","352500.0000","348500.0000","352500.0000","343000.0000","352500.0000","342500.0000","352500.0000"," ","0.0000","0.0000","1276","446294000","349760.1881"
"20200916","01","11","    32980","JP3047760008","13970.0000","14120.0000","13960.0000","14090.0000","14080.0000","14320.0000","14080.0000","14140.0000","13970.0000","14320.0000","13960.0000","14140.0000"," ","0.0000","0.0000","24181","342031880","14144.6541"
"20200916","01","11","    32990","JP3912500000","489.0000","493.0000","486.0000","493.0000","493.0000","498.0000","492.0000","497.0000","489.0000","498.0000","486.0000","497.0000"," ","0.0000","0.0000","47000","23166200","492.8979"
"20200916","01","11","    33020","JP3540800004","2629.0000","2710.0000","2628.0000","2693.0000","2699.0000","2716.0000","2675.0000","2698.0000","2629.0000","2716.0000","2628.0000","2698.0000"," ","0.0000","0.0000","53800","144559700","2686.9833"
"20200916","01","11","    33090","JP3047820000","72400.0000","73500.0000","72300.0000","73300.0000","73400.0000","74600.0000","73400.0000","74100.0000","72400.0000","74600.0000","72300.0000","74100.0000"," ","0.0000","0.0000","13967","1029186100","73686.9836"
"20200916","01","11","    33150","JP3889610006","62.0000","63.0000","62.0000","62.0000","62.0000","63.0000","62.0000","62.0000","62.0000","63.0000","62.0000","62.0000"," ","0.0000","0.0000","117400","7280800","62.0170"
"20200916","01","11","    33190","JP3309050007","630.0000","649.0000","629.0000","644.0000","647.0000","656.0000","640.0000","653.0000","630.0000","656.0000","629.0000","653.0000"," ","0.0000","0.0000","60700","39171500","645.3295"
"20200916","01","11","    33210","JP3886200009","605.0000","607.0000","603.0000","607.0000","607.0000","608.0000","601.0000","603.0000","605.0000","608.0000","601.0000","603.0000"," ","0.0000","0.0000","6400","3868700","604.4844"
"20200916","01","11","    33280","JP3758110005","1745.0000","1756.0000","1715.0000","1732.0000","1725.0000","1745.0000","1724.0000","1739.0000","1745.0000","1756.0000","1715.0000","1739.0000"," ","0.0000","0.0000","199500","346284700","1735.7629"
"20200916","01","11","    33330","JP3110500000","1807.0000","1832.0000","1795.0000","1825.0000","1831.0000","1843.0000","1827.0000","1841.0000","1807.0000","1843.0000","1795.0000","1841.0000"," ","0.0000","0.0000","140400","256498000","1826.9088"
"20200916","01","11","    33410","JP3729200000","1675.0000","1686.0000","1659.0000","1684.0000","1677.0000","1681.0000","1660.0000","1669.0000","1675.0000","1686.0000","1659.0000","1669.0000"," ","0.0000","0.0000","34400","57515700","1671.9680"
"20200916","01","11","    33490","JP3298400007","17420.0000","17790.0000","17420.0000","17690.0000","17690.0000","17940.0000","17670.0000","17870.0000","17420.0000","17940.0000","17420.0000","17870.0000"," ","0.0000","0.0000","113400","2013057000","17751.8254"
"20200916","01","11","    33600","JP3274150006","5060.0000","5100.0000","5050.0000","5100.0000","5100.0000","5100.0000","5080.0000","5100.0000","5060.0000","5100.0000","5050.0000","5100.0000"," ","0.0000","0.0000","83500","424896000","5088.5749"
"20200916","01","11","    33610","JP3552240008","809.0000","810.0000","800.0000","809.0000","810.0000","826.0000","805.0000","826.0000","809.0000","826.0000","800.0000","826.0000"," ","0.0000","0.0000","14300","11637300","813.7972"
"20200916","01","11","    33710","JP3436040004","2723.0000","2792.0000","2690.0000","2690.0000","2688.0000","2711.0000","2680.0000","2704.0000","2723.0000","2792.0000","2680.0000","2704.0000"," ","0.0000","0.0000","54900","149370400","2720.7723"
"20200916","01","11","    33760","JP3203200005","509.0000","513.0000","509.0000","510.0000","511.0000","513.0000","511.0000","511.0000","509.0000","513.0000","509.0000","511.0000"," ","0.0000","0.0000","3900","1992300","510.8462"
"20200916","01","11","    33820","JP3422950000","3350.0000","3366.0000","3331.0000","3345.0000","3349.0000","3349.0000","3336.0000","3336.0000","3350.0000","3366.0000","3331.0000","3336.0000"," ","0.0000","0.0000","1535400","5131720200","3342.2692"
"20200916","01","11","    33870","JP3269930008","635.0000","651.0000","635.0000","647.0000","648.0000","652.0000","642.0000","650.0000","635.0000","652.0000","635.0000","650.0000"," ","0.0000","0.0000","839400","542084800","645.8003"
"20200916","01","11","    33880","JP3917600003","1415.0000","1419.0000","1415.0000","1419.0000","1418.0000","1420.0000","1418.0000","1420.0000","1415.0000","1420.0000","1415.0000","1420.0000"," ","0.0000","0.0000","5200","7371900","1417.6731"
"20200916","01","11","    33910","JP3536150000","14350.0000","14480.0000","14350.0000","14450.0000","14470.0000","14510.0000","14440.0000","14480.0000","14350.0000","14510.0000","14350.0000","14480.0000"," ","0.0000","0.0000","207300","2996988000","14457.2504"
"20200916","01","11","    33920","JP3549350001","685.0000","687.0000","683.0000","683.0000","684.0000","684.0000","681.0000","682.0000","685.0000","687.0000","681.0000","682.0000"," ","0.0000","0.0000","16800","11492500","684.0774"
"20200916","01","11","    33930","JP3399270002","635.0000","642.0000","629.0000","640.0000","641.0000","641.0000","630.0000","638.0000","635.0000","642.0000","629.0000","638.0000"," ","0.0000","0.0000","24400","15497600","635.1475"
"20200916","01","11","    33950","JP3337070001","1643.0000","1655.0000","1630.0000","1644.0000","1640.0000","1641.0000","1624.0000","1625.0000","1643.0000","1655.0000","1624.0000","1625.0000"," ","0.0000","0.0000","73400","119924600","1633.8501"
"20200916","01","11","    33960","JP3802860001","1046.0000","1051.0000","1045.0000","1050.0000","1049.0000","1050.0000","1045.0000","1049.0000","1046.0000","1051.0000","1045.0000","1049.0000"," ","0.0000","0.0000","4500","4719700","1048.8222"
"20200916","01","11","    33970","JP3636650008","1505.0000","1525.0000","1503.0000","1517.0000","1518.0000","1525.0000","1513.0000","1525.0000","1505.0000","1525.0000","1503.0000","1525.0000"," ","0.0000","0.0000","529500","802831800","1516.2074"
"20200916","01","11","    34010","JP3544000007","1689.0000","1689.0000","1667.0000","1676.0000","1678.0000","1679.0000","1666.0000","1667.0000","1689.0000","1689.0000","1666.0000","1667.0000"," ","0.0000","0.0000","684400","1144940800","1672.9117"
"20200916","01","11","    34020","JP3621000003","500.0000","500.1000","491.7000","492.3000","493.7000","494.0000","491.2000","491.5000","500.0000","500.1000","491.2000","491.5000"," ","0.0000","0.0000","7167700","3534221370","493.0761"
"20200916","01","11","    34050","JP3269600007","1131.0000","1131.0000","1118.0000","1126.0000","1129.0000","1129.0000","1116.0000","1117.0000","1131.0000","1131.0000","1116.0000","1117.0000"," ","0.0000","0.0000","726900","814917200","1121.0857"
"20200916","01","11","    34070","JP3111200006","957.5000","957.5000","939.5000","945.1000","945.1000","945.5000","937.6000","938.1000","957.5000","957.5000","937.6000","938.1000"," ","0.0000","0.0000","3355900","3162798590","942.4591"
"20200916","01","11","    34080","JP3312600004","1991.0000","2003.0000","1977.0000","2003.0000","2004.0000","2030.0000","2004.0000","2014.0000","1991.0000","2030.0000","1977.0000","2014.0000"," ","0.0000","0.0000","6800","13607500","2001.1029"
"20200916","01","11","    34150","JP3399710007","400.0000","418.0000","399.0000","409.0000","405.0000","409.0000","403.0000","405.0000","400.0000","418.0000","399.0000","405.0000"," ","0.0000","0.0000","1006500","411021500","408.3671"
"20200916","01","11","    34210","JP3145800003","1367.0000","1367.0000","1346.0000","1358.0000","1362.0000","1362.0000","1348.0000","1357.0000","1367.0000","1367.0000","1346.0000","1357.0000"," ","0.0000","0.0000","15200","20606000","1355.6579"
"20200916","01","11","    34310","JP3908700002","1625.0000","1640.0000","1611.0000","1640.0000","1639.0000","1639.0000","1620.0000","1636.0000","1625.0000","1640.0000","1611.0000","1636.0000"," ","0.0000","0.0000","25900","42216400","1629.9768"
"20200916","01","11","    34330","JP3552290003","1073.0000","1088.0000","1070.0000","1086.0000","1090.0000","1090.0000","1076.0000","1080.0000","1073.0000","1090.0000","1070.0000","1080.0000"," ","0.0000","0.0000","234200","253062100","1080.5384"
"20200916","01","11","    34340","JP3126360001","945.0000","964.0000","945.0000","964.0000","960.0000","965.0000","959.0000","964.0000","945.0000","965.0000","945.0000","964.0000"," ","0.0000","0.0000","8200","7848300","957.1098"
"20200916","01","11","    34360","JP3322930003","1453.0000","1458.0000","1449.0000","1457.0000","1459.0000","1469.0000","1458.0000","1465.0000","1453.0000","1469.0000","1449.0000","1465.0000"," ","0.0000","0.0000","3389500","4945050500","1458.9321"
"20200916","01","11","    34430","JP3226300006","5050.0000","5070.0000","5040.0000","5050.0000","5050.0000","5060.0000","5020.0000","5050.0000","5050.0000","5070.0000","5020.0000","5050.0000"," ","0.0000","0.0000","8500","42881000","5044.8235"
"20200916","01","11","    34450","JP3100350002","3460.0000","3515.0000","3420.0000","3515.0000","3530.0000","3570.0000","3520.0000","3535.0000","3460.0000","3570.0000","3420.0000","3535.0000"," ","0.0000","0.0000","88100","308933000","3506.6175"
"20200916","01","11","    34470","JP3384730002","716.0000","718.0000","710.0000","718.0000","719.0000","724.0000","719.0000","724.0000","716.0000","724.0000","710.0000","724.0000"," ","0.0000","0.0000","23300","16710800","717.2017"
"20200916","01","11","    34510","JP3047830009","107100.0000","107800.0000","106700.0000","107600.0000","107600.0000","108400.0000","107300.0000","107600.0000","107100.0000","108400.0000","106700.0000","107600.0000"," ","0.0000","0.0000","1047","112508400","107457.8797"
"20200916","01","11","    34520","JP3799770007","711.0000","713.0000","704.0000","708.0000","710.0000","710.0000","702.0000","710.0000","711.0000","713.0000","702.0000","710.0000"," ","0.0000","0.0000","45200","31988500","707.7102"
"20200916","01","11","    34530","JP3047900000","215700.0000","216700.0000","215000.0000","216500.0000","216500.0000","218600.0000","216400.0000","217400.0000","215700.0000","218600.0000","215000.0000","217400.0000"," ","0.0000","0.0000","2174","471576500","216916.5133"
"20200916","01","11","    34540","JP3802290001","905.0000","916.0000","904.0000","915.0000","913.0000","915.0000","899.0000","903.0000","905.0000","916.0000","899.0000","903.0000"," ","0.0000","0.0000","48900","44441500","908.8241"
"20200916","01","11","    34550","JP3047910009","124600.0000","124600.0000","123600.0000","124500.0000","124600.0000","125600.0000","123700.0000","124200.0000","124600.0000","125600.0000","123600.0000","124200.0000"," ","0.0000","0.0000","976","121750700","124744.5697"
"20200916","01","11","    34570","JP3765420009","1122.0000","1127.0000","1104.0000","1118.0000","1119.0000","1128.0000","1111.0000","1123.0000","1122.0000","1128.0000","1104.0000","1123.0000"," ","0.0000","0.0000","119000","132902200","1116.8252"
"20200916","01","11","    34580","JP3346080009","1497.0000","1535.0000","1486.0000","1519.0000","1524.0000","1524.0000","1504.0000","1520.0000","1497.0000","1535.0000","1486.0000","1520.0000"," ","0.0000","0.0000","129600","196432800","1515.6852"
"20200916","01","11","    34590","JP3047960004","98200.0000","98500.0000","97600.0000","97900.0000","98100.0000","98700.0000","97800.0000","97900.0000","98200.0000","98700.0000","97600.0000","97900.0000"," ","0.0000","0.0000","1334","131061900","98247.3013"
"20200916","01","11","    34620","JP3048110005","130100.0000","131500.0000","130100.0000","131300.0000","131300.0000","134200.0000","131300.0000","134000.0000","130100.0000","134200.0000","130100.0000","134000.0000"," ","0.0000","0.0000","21717","2873214500","132302.5510"
"20200916","01","11","    34630","JP3048160000","69400.0000","70800.0000","68600.0000","70100.0000","70100.0000","71000.0000","70100.0000","70700.0000","69400.0000","71000.0000","68600.0000","70700.0000"," ","0.0000","0.0000","1230","86362300","70213.2520"
"20200916","01","11","    34640","JP3833810009","1318.0000","1345.0000","1313.0000","1345.0000","1345.0000","1345.0000","1331.0000","1340.0000","1318.0000","1345.0000","1313.0000","1340.0000"," ","0.0000","0.0000","37900","50335900","1328.1240"
"20200916","01","11","    34650","JP3277620005","2453.0000","2530.0000","2417.0000","2519.0000","2516.0000","2560.0000","2507.0000","2558.0000","2453.0000","2560.0000","2417.0000","2558.0000"," ","0.0000","0.0000","100100","252096000","2518.4416"
"20200916","01","11","    34660","JP3048180008","177900.0000","178200.0000","175600.0000","177100.0000","177100.0000","178400.0000","176300.0000","178200.0000","177900.0000","178400.0000","175600.0000","178200.0000"," ","0.0000","0.0000","7399","1311284700","177224.5844"
"20200916","01","11","    34670","JP3108170006","590.0000","591.0000","561.0000","585.0000","585.0000","593.0000","578.0000","593.0000","590.0000","593.0000","561.0000","593.0000"," ","0.0000","0.0000","33500","19496000","581.9701"
"20200916","01","11","    34680","JP3048200004","42800.0000","43950.0000","42700.0000","43750.0000","43600.0000","44200.0000","43450.0000","43600.0000","42800.0000","44200.0000","42700.0000","43600.0000"," ","0.0000","0.0000","8406","366301550","43576.2015"
"20200916","01","11","    34700","JP3048290005","102700.0000","103100.0000","102500.0000","102900.0000","103100.0000","103800.0000","102900.0000","103400.0000","102700.0000","103800.0000","102500.0000","103400.0000"," ","0.0000","0.0000","236","24350800","103181.3559"
"20200916","01","11","    34710","JP3048300002","534000.0000","536000.0000","530000.0000","532000.0000","532000.0000","540000.0000","529000.0000","540000.0000","534000.0000","540000.0000","529000.0000","540000.0000"," ","0.0000","0.0000","1736","929000000","535138.2488"
"20200916","01","11","    34720","JP3048310001","65400.0000","65400.0000","64800.0000","65400.0000","65400.0000","65700.0000","65000.0000","65400.0000","65400.0000","65700.0000","64800.0000","65400.0000"," ","0.0000","0.0000","854","55731900","65259.8361"
"20200916","01","11","    34750","JP3273750004","2239.0000","2298.0000","2229.0000","2241.0000","2246.0000","2266.0000","2231.0000","2266.0000","2239.0000","2298.0000","2229.0000","2266.0000"," ","0.0000","0.0000","87600","197387300","2253.2797"
"20200916","01","11","    34760","JP3048370005","37800.0000","38900.0000","37750.0000","38900.0000","38850.0000","39200.0000","38850.0000","39050.0000","37800.0000","39200.0000","37750.0000","39050.0000"," ","0.0000","0.0000","13232","512291400","38716.0973"
"20200916","01","11","    34780","JP3048380004","109000.0000","110500.0000","108700.0000","109700.0000","109800.0000","110100.0000","107900.0000","108500.0000","109000.0000","110500.0000","107900.0000","108500.0000"," ","0.0000","0.0000","2328","254403200","109279.7251"
"20200916","01","11","    34800","JP3386630002","3020.0000","3065.0000","3005.0000","3040.0000","3025.0000","3040.0000","3000.0000","3005.0000","3020.0000","3065.0000","3000.0000","3005.0000"," ","0.0000","0.0000","36300","109681000","3021.5152"
"20200916","01","11","    34810","JP3048480002","431000.0000","434000.0000","427500.0000","433500.0000","433000.0000","436500.0000","432000.0000","436000.0000","431000.0000","436500.0000","427500.0000","436000.0000"," ","0.0000","0.0000","1450","628851000","433690.3448"
"20200916","01","11","    34840","JP3547690002","779.0000","788.0000","761.0000","780.0000","778.0000","780.0000","758.0000","770.0000","779.0000","788.0000","758.0000","770.0000"," ","0.0000","0.0000","132600","102326100","771.6900"
"20200916","01","11","    34860","JP3274380009","640.0000","649.0000","640.0000","649.0000","648.0000","649.0000","643.0000","649.0000","640.0000","649.0000","640.0000","649.0000"," ","0.0000","0.0000","18200","11763600","646.3516"
"20200916","01","11","    34870","JP3048680007","147600.0000","149600.0000","147600.0000","148700.0000","148500.0000","149900.0000","147700.0000","149800.0000","147600.0000","149900.0000","147600.0000","149800.0000"," ","0.0000","0.0000","2067","308011700","149013.8849"
"20200916","01","11","    34880","JP3048690006","87100.0000","87400.0000","86500.0000","87400.0000","87400.0000","88100.0000","87300.0000","87600.0000","87100.0000","88100.0000","86500.0000","87600.0000"," ","0.0000","0.0000","1274","111245400","87319.7802"
"20200916","01","11","    34920","JP3048750008","83700.0000","84500.0000","83600.0000","84400.0000","84500.0000","85600.0000","84400.0000","85400.0000","83700.0000","85600.0000","83600.0000","85400.0000"," ","0.0000","0.0000","3336","282887400","84798.3813"
"20200916","01","11","    34930","JP3048770006","137300.0000","140400.0000","136500.0000","140000.0000","139700.0000","142300.0000","139700.0000","142300.0000","137300.0000","142300.0000","136500.0000","142300.0000"," ","0.0000","0.0000","1995","280474700","140588.8221"
"20200916","01","11","    35010","JP3410200004","1851.0000","1899.0000","1851.0000","1890.0000","1889.0000","1900.0000","1882.0000","1893.0000","1851.0000","1900.0000","1851.0000","1893.0000"," ","0.0000","0.0000","6100","11478500","1881.7213"
"20200916","01","11","    35120","JP3749000000","469.0000","470.0000","469.0000","469.0000","470.0000","470.0000","468.0000","470.0000","469.0000","470.0000","468.0000","470.0000"," ","0.0000","0.0000","8700","4085100","469.5517"
"20200916","01","11","    35130","JP3141200000","1298.0000","1317.0000","1296.0000","1317.0000","1312.0000","1312.0000","1309.0000","1309.0000","1298.0000","1317.0000","1296.0000","1309.0000"," ","0.0000","0.0000","1300","1697500","1305.7692"
"20200916","01","11","    35210","JP3755800004","97.0000","97.0000","96.0000","97.0000","97.0000","97.0000","95.0000","96.0000","97.0000","97.0000","95.0000","96.0000"," ","0.0000","0.0000","168400","16243600","96.4584"
"20200916","01","11","    35240","JP3683600005","1512.0000","1548.0000","1474.0000","1500.0000","1509.0000","1512.0000","1500.0000","1510.0000","1512.0000","1548.0000","1474.0000","1510.0000"," ","0.0000","0.0000","37000","55969600","1512.6919"
"20200916","01","11","    35260","JP3118400005","915.0000","915.0000","901.0000","907.0000","913.0000","913.0000","900.0000","903.0000","915.0000","915.0000","900.0000","903.0000"," ","0.0000","0.0000","4900","4430600","904.2041"
"20200916","01","11","    35290","JP3120200005","542.0000","542.0000","530.0000","533.0000","539.0000","539.0000","535.0000","539.0000","542.0000","542.0000","530.0000","539.0000"," ","0.0000","0.0000","35700","19161900","536.7479"
"20200916","01","11","    35380","JP3154270007","559.0000","565.0000","554.0000","560.0000","561.0000","562.0000","556.0000","561.0000","559.0000","565.0000","554.0000","561.0000"," ","0.0000","0.0000","31000","17337200","559.2645"
"20200916","01","11","    35390","JP3389690003","3120.0000","3195.0000","3120.0000","3135.0000","3135.0000","3165.0000","3135.0000","3155.0000","3120.0000","3195.0000","3120.0000","3155.0000"," ","0.0000","0.0000","76400","240865500","3152.6898"
"20200916","01","11","    35430","JP3305580007","1879.0000","1901.0000","1878.0000","1894.0000","1894.0000","1895.0000","1883.0000","1887.0000","1879.0000","1901.0000","1878.0000","1887.0000"," ","0.0000","0.0000","146500","276868700","1889.8887"
"20200916","01","11","    35440","JP3319750000","2024.0000","2050.0000","1996.0000","2048.0000","2050.0000","2070.0000","2008.0000","2069.0000","2024.0000","2070.0000","1996.0000","2069.0000"," ","0.0000","0.0000","10100","20674700","2047.0000"
"20200916","01","11","    35460","JP3500050004","1479.0000","1548.0000","1470.0000","1525.0000","1519.0000","1521.0000","1481.0000","1495.0000","1479.0000","1548.0000","1470.0000","1495.0000"," ","0.0000","0.0000","166400","250780400","1507.0938"
"20200916","01","11","    35470","JP3266180003","1785.0000","1803.0000","1767.0000","1774.0000","1774.0000","1779.0000","1763.0000","1773.0000","1785.0000","1803.0000","1763.0000","1773.0000"," ","0.0000","0.0000","93600","166587100","1779.7767"
"20200916","01","11","    35480","JP3778450001","623.0000","626.0000","615.0000","622.0000","625.0000","628.0000","623.0000","628.0000","623.0000","628.0000","615.0000","628.0000"," ","0.0000","0.0000","37600","23472400","624.2660"
"20200916","01","11","    35490","JP3266190002","9250.0000","9430.0000","9210.0000","9420.0000","9410.0000","9500.0000","9370.0000","9490.0000","9250.0000","9500.0000","9210.0000","9490.0000"," ","0.0000","0.0000","149900","1408808000","9398.3189"
"20200916","01","11","    35510","JP3493000008","795.0000","804.0000","794.0000","804.0000","808.0000","810.0000","805.0000","810.0000","795.0000","810.0000","794.0000","810.0000"," ","0.0000","0.0000","3700","2976600","804.4865"
"20200916","01","11","    35530","JP3256400007","637.0000","637.0000","628.0000","628.0000","628.0000","630.0000","626.0000","629.0000","637.0000","637.0000","626.0000","629.0000"," ","0.0000","0.0000","6800","4283400","629.9118"
"20200916","01","11","    35590","JP3801640008","991.0000","991.0000","968.0000","977.0000","977.0000","987.0000","966.0000","970.0000","991.0000","991.0000","966.0000","970.0000"," ","0.0000","0.0000","38500","37736300","980.1636"
"20200916","01","11","    35610","JP3507780009","702.0000","717.0000","698.0000","715.0000","717.0000","720.0000","714.0000","720.0000","702.0000","720.0000","698.0000","720.0000"," ","0.0000","0.0000","59300","42295700","713.2496"
"20200916","01","11","    35630","JP3397150008","2621.0000","2682.0000","2603.0000","2675.0000","2671.0000","2684.0000","2666.0000","2679.0000","2621.0000","2684.0000","2603.0000","2679.0000"," ","0.0000","0.0000","795800","2119863200","2663.8140"
"20200916","01","11","    35640","JP3970100008","2592.0000","2595.0000","2591.0000","2591.0000","2591.0000","2592.0000","2590.0000","2591.0000","2592.0000","2595.0000","2590.0000","2591.0000"," ","0.0000","0.0000","15400","39908500","2591.4610"
"20200916","01","11","    35650","JP3120110006","1998.0000","2056.0000","1998.0000","2030.0000","2035.0000","2060.0000","2027.0000","2037.0000","1998.0000","2060.0000","1998.0000","2037.0000"," ","0.0000","0.0000","398800","812115500","2036.3979"
"20200916","01","11","    35690","JP3413800008","1539.0000","1549.0000","1530.0000","1539.0000","1544.0000","1546.0000","1528.0000","1538.0000","1539.0000","1549.0000","1528.0000","1538.0000"," ","0.0000","0.0000","161700","248590800","1537.3581"
"20200916","01","11","    35710","JP3434600007","958.0000","960.0000","958.0000","959.0000","959.0000","961.0000","958.0000","961.0000","958.0000","961.0000","958.0000","961.0000"," ","0.0000","0.0000","3500","3360200","960.0571"
"20200916","01","11","    35770","JP3564600009","1139.0000","1139.0000","1127.0000","1134.0000","1139.0000","1140.0000","1131.0000","1140.0000","1139.0000","1140.0000","1127.0000","1140.0000"," ","0.0000","0.0000","3800","4308600","1133.8421"
"20200916","01","11","    35800","JP3304600004","873.0000","907.0000","860.0000","907.0000","907.0000","914.0000","882.0000","894.0000","873.0000","914.0000","860.0000","894.0000"," ","0.0000","0.0000","83100","74115000","891.8773"
"20200916","01","11","    35910","JP3992400006","1955.0000","1963.0000","1942.0000","1945.0000","1951.0000","1951.0000","1932.0000","1938.0000","1955.0000","1963.0000","1932.0000","1938.0000"," ","0.0000","0.0000","107300","208689900","1944.9199"
"20200916","01","11","    35930","JP3840800001","3600.0000","3645.0000","3595.0000","3640.0000","3630.0000","3645.0000","3625.0000","3630.0000","3600.0000","3645.0000","3595.0000","3630.0000"," ","0.0000","0.0000","63700","230977500","3626.0204"
"20200916","01","11","    36070","JP3267800005","314.0000","316.0000","313.0000","313.0000","311.0000","313.0000","311.0000","312.0000","314.0000","316.0000","311.0000","312.0000"," ","0.0000","0.0000","7000","2187300","312.4714"
"20200916","01","11","    36080","JP3538690003","329.0000","329.0000","323.0000","329.0000","329.0000","329.0000","325.0000","327.0000","329.0000","329.0000","323.0000","327.0000"," ","0.0000","0.0000","128600","42015000","326.7107"
"20200916","01","11","    36110","JP3863900001","2119.0000","2150.0000","2119.0000","2138.0000","2146.0000","2157.0000","2126.0000","2148.0000","2119.0000","2157.0000","2119.0000","2148.0000"," ","0.0000","0.0000","10700","22887900","2139.0561"
"20200916","01","11","    36120","JP3990210001","1449.0000","1474.0000","1437.0000","1466.0000","1470.0000","1479.0000","1463.0000","1470.0000","1449.0000","1479.0000","1437.0000","1470.0000"," ","0.0000","0.0000","162900","238544100","1464.3591"
"20200916","01","11","    36260","JP3104890003","2055.0000","2084.0000","2055.0000","2082.0000","2085.0000","2091.0000","2077.0000","2085.0000","2055.0000","2091.0000","2055.0000","2085.0000"," ","0.0000","0.0000","954400","1983834000","2078.6190"
"20200916","01","11","    36270","JP3832370005","690.0000","704.0000","681.0000","700.0000","700.0000","703.0000","694.0000","703.0000","690.0000","704.0000","681.0000","703.0000"," ","0.0000","0.0000","83600","58364000","698.1340"
"20200916","01","11","    36300","JP3551420007","3640.0000","3650.0000","3575.0000","3630.0000","3630.0000","3665.0000","3610.0000","3665.0000","3640.0000","3665.0000","3575.0000","3665.0000"," ","0.0000","0.0000","65200","236675500","3629.9923"
"20200916","01","11","    36320","JP3274070006","468.0000","479.0000","467.0000","479.0000","479.0000","479.0000","473.0000","474.0000","468.0000","479.0000","467.0000","474.0000"," ","0.0000","0.0000","646900","307041100","474.6346"
"20200916","01","11","    36350","JP3283460008","4455.0000","4605.0000","4420.0000","4595.0000","4615.0000","4680.0000","4605.0000","4680.0000","4455.0000","4680.0000","4420.0000","4680.0000"," ","0.0000","0.0000","563600","2593490500","4601.6510"
"20200916","01","11","    36360","JP3902200009","4140.0000","4280.0000","4140.0000","4225.0000","4210.0000","4255.0000","4170.0000","4255.0000","4140.0000","4280.0000","4140.0000","4255.0000"," ","0.0000","0.0000","47700","201060000","4215.0943"
"20200916","01","11","    36390","JP3855700005","571.0000","579.0000","551.0000","559.0000","559.0000","563.0000","550.0000","562.0000","571.0000","579.0000","550.0000","562.0000"," ","0.0000","0.0000","1480000","831309300","561.6955"
"20200916","01","11","    36400","JP3551410008","2378.0000","2378.0000","2335.0000","2345.0000","2345.0000","2348.0000","2333.0000","2348.0000","2378.0000","2378.0000","2333.0000","2348.0000"," ","0.0000","0.0000","20400","48139000","2359.7549"
"20200916","01","11","    36480","JP3160460006","859.0000","863.0000","854.0000","863.0000","863.0000","877.0000","863.0000","877.0000","859.0000","877.0000","854.0000","877.0000"," ","0.0000","0.0000","18800","16300400","867.0426"
"20200916","01","11","    36490","JP3801450002","1279.0000","1340.0000","1279.0000","1333.0000","1329.0000","1335.0000","1316.0000","1334.0000","1279.0000","1340.0000","1279.0000","1334.0000"," ","0.0000","0.0000","171800","227375500","1323.4895"
"20200916","01","11","    36550","JP3831460005","4135.0000","4400.0000","4120.0000","4375.0000","4380.0000","4390.0000","4320.0000","4325.0000","4135.0000","4400.0000","4120.0000","4325.0000"," ","0.0000","0.0000","195900","845671000","4316.8504"
"20200916","01","11","    36560","JP3268870007","928.0000","962.0000","920.0000","946.0000","945.0000","945.0000","932.0000","937.0000","928.0000","962.0000","920.0000","937.0000"," ","0.0000","0.0000","978200","924687100","945.2945"
"20200916","01","11","    36570","JP3855950006","962.0000","985.0000","962.0000","968.0000","966.0000","969.0000","955.0000","958.0000","962.0000","985.0000","955.0000","958.0000"," ","0.0000","0.0000","144100","139578200","968.6204"
"20200916","01","11","    36580","JP3130820008","3265.0000","3300.0000","3175.0000","3210.0000","3210.0000","3225.0000","3170.0000","3200.0000","3265.0000","3300.0000","3170.0000","3200.0000"," ","0.0000","0.0000","143400","461603500","3218.9923"
"20200916","01","11","    36590","JP3758190007","2594.0000","2669.0000","2587.0000","2653.0000","2652.0000","2689.0000","2651.0000","2685.0000","2594.0000","2689.0000","2587.0000","2685.0000"," ","0.0000","0.0000","1587100","4226817200","2663.2331"
"20200916","01","11","    36600","JP3102320003","317.0000","328.0000","317.0000","321.0000","320.0000","321.0000","317.0000","318.0000","317.0000","328.0000","317.0000","318.0000"," ","0.0000","0.0000","1365500","438058400","320.8044"
"20200916","01","11","    36610","JP3167310006","3240.0000","3345.0000","3230.0000","3260.0000","3280.0000","3320.0000","3270.0000","3305.0000","3240.0000","3345.0000","3230.0000","3305.0000"," ","0.0000","0.0000","303600","998090000","3287.5165"
"20200916","01","11","    36620","JP3160890004","926.0000","926.0000","886.0000","905.0000","902.0000","908.0000","868.0000","868.0000","926.0000","926.0000","868.0000","868.0000"," ","0.0000","0.0000","424200","377234600","889.2848"
"20200916","01","11","    36650","JP3164590006","1629.0000","1708.0000","1621.0000","1687.0000","1688.0000","1708.0000","1658.0000","1708.0000","1629.0000","1708.0000","1621.0000","1708.0000"," ","0.0000","0.0000","1094200","1837971100","1679.7396"
"20200916","01","11","    36660","JP3545230009","945.0000","998.0000","918.0000","974.0000","975.0000","976.0000","934.0000","939.0000","945.0000","998.0000","918.0000","939.0000"," ","0.0000","0.0000","1419400","1359289400","957.6507"
"20200916","01","11","    36670","JP3164580007","666.0000","676.0000","660.0000","668.0000","670.0000","677.0000","669.0000","674.0000","666.0000","677.0000","660.0000","674.0000"," ","0.0000","0.0000","710900","476983200","670.9568"
"20200916","01","11","    36680","JP3305960001","939.0000","951.0000","936.0000","944.0000","944.0000","962.0000","941.0000","962.0000","939.0000","962.0000","936.0000","962.0000"," ","0.0000","0.0000","896300","850187100","948.5519"
"20200916","01","11","    36720","JP3201800004","556.0000","580.0000","546.0000","578.0000","575.0000","577.0000","561.0000","564.0000","556.0000","580.0000","546.0000","564.0000"," ","0.0000","0.0000","840400","471800900","561.4004"
"20200916","01","11","    36730","JP3831490002","520.0000","524.0000","519.0000","524.0000","525.0000","526.0000","521.0000","524.0000","520.0000","526.0000","519.0000","524.0000"," ","0.0000","0.0000","335100","175151500","522.6843"
"20200916","01","11","    36750","JP3272760004","350.0000","355.0000","349.0000","354.0000","354.0000","358.0000","351.0000","354.0000","350.0000","358.0000","349.0000","354.0000"," ","0.0000","0.0000","62900","22215100","353.1812"
"20200916","01","11","    36760","JP3765110006","1104.0000","1140.0000","1099.0000","1110.0000","1110.0000","1114.0000","1103.0000","1108.0000","1104.0000","1140.0000","1099.0000","1108.0000"," ","0.0000","0.0000","173800","194472800","1118.9459"
"20200916","01","11","    36770","JP3350940007","1327.0000","1339.0000","1307.0000","1312.0000","1315.0000","1322.0000","1307.0000","1314.0000","1327.0000","1339.0000","1307.0000","1314.0000"," ","0.0000","0.0000","297900","392258400","1316.7452"
"20200916","01","11","    36780","JP3921230003","7130.0000","7200.0000","6990.0000","7000.0000","7000.0000","7130.0000","6980.0000","7130.0000","7130.0000","7200.0000","6980.0000","7130.0000"," ","0.0000","0.0000","131300","927227000","7061.8964"
"20200916","01","11","    36790","JP3386490001","352.0000","359.0000","351.0000","359.0000","359.0000","360.0000","355.0000","357.0000","352.0000","360.0000","351.0000","357.0000"," ","0.0000","0.0000","757100","269928800","356.5299"
"20200916","01","11","    36810","JP3829750003","1616.0000","1635.0000","1570.0000","1630.0000","1637.0000","1662.0000","1626.0000","1635.0000","1616.0000","1662.0000","1570.0000","1635.0000"," ","0.0000","0.0000","1831900","2978644500","1625.9864"
"20200916","01","11","    36820","JP3168300006","851.0000","867.0000","851.0000","861.0000","862.0000","868.0000","859.0000","868.0000","851.0000","868.0000","851.0000","868.0000"," ","0.0000","0.0000","29500","25385300","860.5186"
"20200916","01","11","    36830","JP3311540003","2222.0000","2224.0000","2114.0000","2151.0000","2166.0000","2218.0000","2148.0000","2196.0000","2222.0000","2224.0000","2114.0000","2196.0000"," ","0.0000","0.0000","173300","377044200","2175.6734"
"20200916","01","11","    36860","JP3548760002","456.0000","467.0000","454.0000","458.0000","455.0000","458.0000","452.0000","453.0000","456.0000","467.0000","452.0000","453.0000"," ","0.0000","0.0000","436800","200131700","458.1770"
"20200916","01","11","    36870","JP3802950000","1047.0000","1059.0000","1043.0000","1054.0000","1055.0000","1065.0000","1054.0000","1065.0000","1047.0000","1065.0000","1043.0000","1065.0000"," ","0.0000","0.0000","130900","138200000","1055.7678"
"20200916","01","11","    36880","JP3855650002","1202.0000","1272.0000","1200.0000","1259.0000","1260.0000","1274.0000","1235.0000","1249.0000","1202.0000","1274.0000","1200.0000","1249.0000"," ","0.0000","0.0000","219100","273785000","1249.5892"
"20200916","01","11","    36940","JP3197690005","3090.0000","3155.0000","3075.0000","3150.0000","3150.0000","3185.0000","3140.0000","3180.0000","3090.0000","3185.0000","3075.0000","3180.0000"," ","0.0000","0.0000","443400","1392139500","3139.6922"
"20200916","01","11","    36960","JP3423570005","2200.0000","2235.0000","2142.0000","2156.0000","2163.0000","2193.0000","2148.0000","2166.0000","2200.0000","2235.0000","2142.0000","2166.0000"," ","0.0000","0.0000","574800","1256119900","2185.3165"
"20200916","01","11","    36970","JP3355400007","12510.0000","13030.0000","12510.0000","13000.0000","13060.0000","13230.0000","13050.0000","13220.0000","12510.0000","13230.0000","12510.0000","13220.0000"," ","0.0000","0.0000","217700","2834213000","13018.8930"
"20200916","01","11","    37080","JP3624900001","4595.0000","4595.0000","4550.0000","4580.0000","4580.0000","4625.0000","4560.0000","4595.0000","4595.0000","4625.0000","4550.0000","4595.0000"," ","0.0000","0.0000","11700","53662500","4586.5385"
"20200916","01","11","    37380","JP3893700009","2068.0000","2080.0000","2034.0000","2047.0000","2045.0000","2046.0000","2030.0000","2039.0000","2068.0000","2080.0000","2030.0000","2039.0000"," ","0.0000","0.0000","73600","150630200","2046.6060"
"20200916","01","11","    37410","JP3422190003","3130.0000","3180.0000","3130.0000","3165.0000","3165.0000","3185.0000","3165.0000","3185.0000","3130.0000","3185.0000","3130.0000","3185.0000"," ","0.0000","0.0000","7400","23453500","3169.3919"
"20200916","01","11","    37510","JP3385840008","299.0000","317.0000","299.0000","314.0000","314.0000","322.0000","308.0000","321.0000","299.0000","322.0000","299.0000","321.0000"," ","0.0000","0.0000","405300","126995800","313.3378"
"20200916","01","11","    37620","JP3545130001","2080.0000","2144.0000","2080.0000","2124.0000","2124.0000","2141.0000","2118.0000","2136.0000","2080.0000","2144.0000","2080.0000","2136.0000"," ","0.0000","0.0000","399300","848622000","2125.2742"
"20200916","01","11","    37630","JP3833730009","1545.0000","1550.0000","1525.0000","1525.0000","1545.0000","1545.0000","1526.0000","1545.0000","1545.0000","1550.0000","1525.0000","1545.0000"," ","0.0000","0.0000","12500","19233700","1538.6960"
"20200916","01","11","    37650","JP3235900002","2317.0000","2343.0000","2290.0000","2328.0000","2324.0000","2329.0000","2304.0000","2312.0000","2317.0000","2343.0000","2290.0000","2312.0000"," ","0.0000","0.0000","825500","1914218400","2318.8594"
"20200916","01","11","    37690","JP3385890003","10670.0000","10800.0000","10620.0000","10720.0000","10750.0000","10790.0000","10680.0000","10790.0000","10670.0000","10800.0000","10620.0000","10790.0000"," ","0.0000","0.0000","228100","2448179000","10732.9198"
"20200916","01","11","    37700","JP3345770006","445.0000","456.0000","438.0000","450.0000","450.0000","453.0000","446.0000","453.0000","445.0000","456.0000","438.0000","453.0000"," ","0.0000","0.0000","55200","24764000","448.6232"
"20200916","01","11","    37710","JP3351070002","1804.0000","1818.0000","1797.0000","1809.0000","1803.0000","1815.0000","1792.0000","1805.0000","1804.0000","1818.0000","1792.0000","1805.0000"," ","0.0000","0.0000","25600","46213900","1805.2305"
"20200916","01","11","    37740","JP3152820001","4265.0000","4355.0000","4260.0000","4330.0000","4350.0000","4395.0000","4335.0000","4380.0000","4265.0000","4395.0000","4260.0000","4380.0000"," ","0.0000","0.0000","188400","817113500","4337.1205"
"20200916","01","11","    37780","JP3317300006","787.0000","815.0000","765.0000","785.0000","783.0000","787.0000","754.0000","772.0000","787.0000","815.0000","754.0000","772.0000"," ","0.0000","0.0000","1537300","1203058300","782.5787"
"20200916","01","11","    37840","JP3159980006","1268.0000","1283.0000","1260.0000","1265.0000","1265.0000","1270.0000","1256.0000","1270.0000","1268.0000","1283.0000","1256.0000","1270.0000"," ","0.0000","0.0000","30000","38107500","1270.2500"
"20200916","01","11","    37880","JP3386040004","8680.0000","8850.0000","8630.0000","8840.0000","8830.0000","8950.0000","8800.0000","8890.0000","8680.0000","8950.0000","8630.0000","8890.0000"," ","0.0000","0.0000","307700","2711903000","8813.4644"
"20200916","01","11","    38170","JP3161450006","2348.0000","2373.0000","2338.0000","2348.0000","2348.0000","2365.0000","2329.0000","2365.0000","2348.0000","2373.0000","2329.0000","2365.0000"," ","0.0000","0.0000","32100","75441400","2350.1994"
"20200916","01","11","    38260","JP3350930008","740.0000","747.0000","740.0000","744.0000","744.0000","756.0000","744.0000","755.0000","740.0000","756.0000","740.0000","755.0000"," ","0.0000","0.0000","83400","62339800","747.4796"
"20200916","01","11","    38340","JP3115800009","930.0000","944.0000","927.0000","941.0000","942.0000","964.0000","942.0000","961.0000","930.0000","964.0000","927.0000","961.0000"," ","0.0000","0.0000","316700","300554500","949.0196"
"20200916","01","11","    38350","JP3130790003","1329.0000","1349.0000","1305.0000","1345.0000","1345.0000","1352.0000","1325.0000","1331.0000","1329.0000","1352.0000","1305.0000","1331.0000"," ","0.0000","0.0000","408500","544950300","1334.0277"
"20200916","01","11","    38360","JP3548680002","1002.0000","1023.0000","1002.0000","1020.0000","1015.0000","1022.0000","1012.0000","1018.0000","1002.0000","1023.0000","1002.0000","1018.0000"," ","0.0000","0.0000","57300","58251700","1016.6091"
"20200916","01","11","    38370","JP3122030004","2477.0000","2510.0000","2476.0000","2486.0000","2499.0000","2515.0000","2492.0000","2515.0000","2477.0000","2515.0000","2476.0000","2515.0000"," ","0.0000","0.0000","23000","57536300","2501.5783"
"20200916","01","11","    38430","JP3826720009","979.0000","1026.0000","972.0000","1010.0000","1008.0000","1029.0000","1005.0000","1015.0000","979.0000","1029.0000","972.0000","1015.0000"," ","0.0000","0.0000","1008200","1016028700","1007.7650"
"20200916","01","11","    38440","JP3305560009","2620.0000","2654.0000","2604.0000","2645.0000","2640.0000","2652.0000","2620.0000","2636.0000","2620.0000","2654.0000","2604.0000","2636.0000"," ","0.0000","0.0000","154700","407628500","2634.9612"
"20200916","01","11","    38520","JP3311510006","1866.0000","1898.0000","1860.0000","1895.0000","1895.0000","1903.0000","1885.0000","1900.0000","1866.0000","1903.0000","1860.0000","1900.0000"," ","0.0000","0.0000","18300","34607500","1891.1202"
"20200916","01","11","    38530","JP3153470004","736.0000","753.0000","726.0000","746.0000","746.0000","751.0000","738.0000","742.0000","736.0000","753.0000","726.0000","742.0000"," ","0.0000","0.0000","344000","255353400","742.3064"
"20200916","01","11","    38540","JP3105180008","1411.0000","1435.0000","1381.0000","1388.0000","1392.0000","1412.0000","1384.0000","1411.0000","1411.0000","1435.0000","1381.0000","1411.0000"," ","0.0000","0.0000","266200","373189000","1401.9121"
"20200916","01","11","    38610","JP3174410005","493.0000","498.0000","489.0000","496.0000","495.0000","497.0000","493.0000","494.0000","493.0000","498.0000","489.0000","494.0000"," ","0.0000","0.0000","2269000","1121918000","494.4548"
"20200916","01","11","    38630","JP3721600009","1329.0000","1333.0000","1321.0000","1331.0000","1335.0000","1335.0000","1330.0000","1333.0000","1329.0000","1335.0000","1321.0000","1333.0000"," ","0.0000","0.0000","288000","382855500","1329.3594"
"20200916","01","11","    38640","JP3901200000","360.0000","364.0000","360.0000","363.0000","361.0000","367.0000","361.0000","365.0000","360.0000","367.0000","360.0000","365.0000"," ","0.0000","0.0000","36900","13417200","363.6098"
"20200916","01","11","    38650","JP3841800000","377.0000","377.0000","370.0000","371.0000","371.0000","372.0000","368.0000","371.0000","377.0000","377.0000","368.0000","371.0000"," ","0.0000","0.0000","505000","187661300","371.6065"
"20200916","01","11","    38770","JP3513400006","1503.0000","1504.0000","1476.0000","1498.0000","1505.0000","1517.0000","1496.0000","1517.0000","1503.0000","1517.0000","1476.0000","1517.0000"," ","0.0000","0.0000","7900","11887400","1504.7342"
"20200916","01","11","    38780","JP3631000001","949.0000","959.0000","890.0000","913.0000","938.0000","944.0000","928.0000","944.0000","949.0000","959.0000","890.0000","944.0000"," ","0.0000","0.0000","14400","13316100","924.7292"
"20200916","01","11","    38800","JP3440400004","1388.0000","1390.0000","1375.0000","1379.0000","1381.0000","1384.0000","1377.0000","1380.0000","1388.0000","1390.0000","1375.0000","1380.0000"," ","0.0000","0.0000","376700","520276000","1381.1415"
"20200916","01","11","    38960","JP3127000002","473.0000","478.0000","473.0000","476.0000","478.0000","480.0000","476.0000","476.0000","473.0000","480.0000","473.0000","476.0000"," ","0.0000","0.0000","4200","2001500","476.5476"
"20200916","01","11","    39010","JP3860210008","2165.0000","2246.0000","2165.0000","2240.0000","2228.0000","2255.0000","2225.0000","2228.0000","2165.0000","2255.0000","2165.0000","2228.0000"," ","0.0000","0.0000","58100","129477800","2228.5336"
"20200916","01","11","    39020","JP3921250001","1912.0000","1956.0000","1905.0000","1956.0000","1960.0000","1980.0000","1945.0000","1955.0000","1912.0000","1980.0000","1905.0000","1955.0000"," ","0.0000","0.0000","1534100","2986907500","1947.0096"
"20200916","01","11","    39030","JP3273810006","1098.0000","1109.0000","1083.0000","1094.0000","1098.0000","1098.0000","1087.0000","1094.0000","1098.0000","1109.0000","1083.0000","1094.0000"," ","0.0000","0.0000","808400","884902300","1094.6342"
"20200916","01","11","    39090","JP3360120004","1225.0000","1245.0000","1152.0000","1183.0000","1189.0000","1189.0000","1125.0000","1134.0000","1225.0000","1245.0000","1125.0000","1134.0000"," ","0.0000","0.0000","1681600","1997498100","1187.8557"
"20200916","01","11","    39120","JP3922980002","1265.0000","1318.0000","1257.0000","1300.0000","1298.0000","1300.0000","1275.0000","1293.0000","1265.0000","1318.0000","1257.0000","1293.0000"," ","0.0000","0.0000","175400","226114500","1289.1363"
"20200916","01","11","    39150","JP3546300009","4485.0000","4560.0000","4390.0000","4530.0000","4575.0000","4595.0000","4500.0000","4570.0000","4485.0000","4595.0000","4390.0000","4570.0000"," ","0.0000","0.0000","442600","2000158500","4519.1109"
"20200916","01","11","    39160","JP3549060006","1348.0000","1366.0000","1337.0000","1358.0000","1362.0000","1362.0000","1335.0000","1343.0000","1348.0000","1366.0000","1335.0000","1343.0000"," ","0.0000","0.0000","258700","348997900","1349.0448"
"20200916","01","11","    39180","JP3801470000","1250.0000","1287.0000","1249.0000","1267.0000","1269.0000","1280.0000","1254.0000","1279.0000","1250.0000","1287.0000","1249.0000","1279.0000"," ","0.0000","0.0000","81400","103348400","1269.6364"
"20200916","01","11","    39190","JP3780550004","1768.0000","1780.0000","1751.0000","1759.0000","1758.0000","1766.0000","1740.0000","1760.0000","1768.0000","1780.0000","1740.0000","1760.0000"," ","0.0000","0.0000","105900","186723900","1763.2096"
"20200916","01","11","    39200","JP3104940006","1020.0000","1044.0000","1019.0000","1030.0000","1036.0000","1046.0000","1031.0000","1046.0000","1020.0000","1046.0000","1019.0000","1046.0000"," ","0.0000","0.0000","40000","41380700","1034.5175"
"20200916","01","11","    39210","JP3758230001","2350.0000","2353.0000","2270.0000","2308.0000","2300.0000","2311.0000","2274.0000","2291.0000","2350.0000","2353.0000","2270.0000","2291.0000"," ","0.0000","0.0000","138700","319015600","2300.0404"
"20200916","01","11","    39220","JP3801050000","2490.0000","2537.0000","2407.0000","2413.0000","2428.0000","2465.0000","2411.0000","2457.0000","2490.0000","2537.0000","2407.0000","2457.0000"," ","0.0000","0.0000","183600","449934400","2450.6231"
"20200916","01","11","    39240","JP3968840003","1033.0000","1036.0000","1030.0000","1030.0000","1036.0000","1038.0000","1033.0000","1035.0000","1033.0000","1038.0000","1030.0000","1035.0000"," ","0.0000","0.0000","4600","4756000","1033.9130"
"20200916","01","11","    39250","JP3505980007","4720.0000","4770.0000","4675.0000","4770.0000","4765.0000","4800.0000","4750.0000","4780.0000","4720.0000","4800.0000","4675.0000","4780.0000"," ","0.0000","0.0000","72600","344394500","4743.7259"
"20200916","01","11","    39260","JP3173560008","1395.0000","1453.0000","1388.0000","1447.0000","1450.0000","1455.0000","1417.0000","1438.0000","1395.0000","1455.0000","1388.0000","1438.0000"," ","0.0000","0.0000","362100","519146300","1433.7097"
"20200916","01","11","    39280","JP3860330004","1300.0000","1323.0000","1286.0000","1299.0000","1307.0000","1310.0000","1293.0000","1302.0000","1300.0000","1323.0000","1286.0000","1302.0000"," ","0.0000","0.0000","246900","321811100","1303.4066"
"20200916","01","11","    39320","JP3107000006","4340.0000","4410.0000","4250.0000","4390.0000","4390.0000","4485.0000","4390.0000","4420.0000","4340.0000","4485.0000","4250.0000","4420.0000"," ","0.0000","0.0000","214700","945902500","4405.6940"
"20200916","01","11","    39340","JP3835680004","1948.0000","2039.0000","1948.0000","2005.0000","1986.0000","2000.0000","1920.0000","1946.0000","1948.0000","2039.0000","1920.0000","1946.0000"," ","0.0000","0.0000","135500","268664200","1982.7616"
"20200916","01","11","    39370","JP3160910000","1967.0000","2041.0000","1952.0000","2039.0000","2040.0000","2069.0000","2029.0000","2069.0000","1967.0000","2069.0000","1952.0000","2069.0000"," ","0.0000","0.0000","205400","416922400","2029.8072"
"20200916","01","11","    39380","JP3966750006","5380.0000","5380.0000","5370.0000","5380.0000","5380.0000","5380.0000","5370.0000","5370.0000","5380.0000","5380.0000","5370.0000","5370.0000"," ","0.0000","0.0000","148800","799271000","5371.4449"
"20200916","01","11","    39390","JP3215100003","786.0000","798.0000","783.0000","790.0000","791.0000","800.0000","785.0000","796.0000","786.0000","800.0000","783.0000","796.0000"," ","0.0000","0.0000","331700","263155300","793.3533"
"20200916","01","11","    39400","JP3762500001","414.0000","424.0000","409.0000","420.0000","420.0000","421.0000","408.0000","413.0000","414.0000","424.0000","408.0000","413.0000"," ","0.0000","0.0000","299600","124849200","416.7196"
"20200916","01","11","    39410","JP3981400009","799.0000","801.0000","792.0000","797.0000","796.0000","800.0000","796.0000","797.0000","799.0000","801.0000","792.0000","797.0000"," ","0.0000","0.0000","876600","698840100","797.2166"
"20200916","01","11","    39460","JP3554000004","1693.0000","1715.0000","1684.0000","1703.0000","1704.0000","1712.0000","1694.0000","1701.0000","1693.0000","1715.0000","1684.0000","1701.0000"," ","0.0000","0.0000","11200","19064200","1702.1607"
"20200916","01","11","    39500","JP3345900009","3100.0000","3120.0000","3075.0000","3105.0000","3105.0000","3115.0000","3070.0000","3090.0000","3100.0000","3120.0000","3070.0000","3090.0000"," ","0.0000","0.0000","30900","95700000","3097.0874"
"20200916","01","11","    39620","JP3507750002","9520.0000","10030.0000","9500.0000","9970.0000","10050.0000","10490.0000","10040.0000","10390.0000","9520.0000","10490.0000","9500.0000","10390.0000"," ","0.0000","0.0000","3046300","30671543000","10068.4578"
"20200916","01","11","    39630","JP3372300008","366.0000","377.0000","363.0000","367.0000","366.0000","367.0000","363.0000","365.0000","366.0000","377.0000","363.0000","365.0000"," ","0.0000","0.0000","173800","64087600","368.7434"
"20200916","01","11","    39640","JP3172060000","1290.0000","1297.0000","1282.0000","1292.0000","1292.0000","1299.0000","1277.0000","1290.0000","1290.0000","1299.0000","1277.0000","1290.0000"," ","0.0000","0.0000","13200","17034200","1290.4697"
"20200916","01","11","    39680","JP3421350004","1295.0000","1358.0000","1289.0000","1320.0000","1327.0000","1338.0000","1303.0000","1314.0000","1295.0000","1358.0000","1289.0000","1314.0000"," ","0.0000","0.0000","206200","274023300","1328.9200"
"20200916","01","11","    39690","JP3160930008","2125.0000","2170.0000","2109.0000","2156.0000","2160.0000","2166.0000","2140.0000","2152.0000","2125.0000","2170.0000","2109.0000","2152.0000"," ","0.0000","0.0000","51000","109666800","2150.3294"
"20200916","01","11","    39750","JP3105330009","422.0000","427.0000","421.0000","425.0000","425.0000","427.0000","424.0000","425.0000","422.0000","427.0000","421.0000","425.0000"," ","0.0000","0.0000","50400","21395800","424.5198"
"20200916","01","11","    39780","JP3863030007","811.0000","822.0000","798.0000","813.0000","811.0000","818.0000","805.0000","808.0000","811.0000","822.0000","798.0000","808.0000"," ","0.0000","0.0000","475000","384011800","808.4459"
"20200916","01","11","    39810","JP3799710003","1590.0000","1617.0000","1565.0000","1608.0000","1610.0000","1622.0000","1597.0000","1622.0000","1590.0000","1622.0000","1565.0000","1622.0000"," ","0.0000","0.0000","386500","619364300","1602.4950"
"20200916","01","11","    39830","JP3201900002","3330.0000","3430.0000","3310.0000","3345.0000","3355.0000","3410.0000","3330.0000","3410.0000","3330.0000","3430.0000","3310.0000","3410.0000"," ","0.0000","0.0000","98000","330542000","3372.8776"
"20200916","01","11","    39840","JP3944410004","4460.0000","4620.0000","4455.0000","4590.0000","4600.0000","4600.0000","4505.0000","4535.0000","4460.0000","4620.0000","4455.0000","4535.0000"," ","0.0000","0.0000","53800","245252500","4558.5967"
"20200916","01","11","    39850","JP3545850004","1376.0000","1440.0000","1365.0000","1394.0000","1397.0000","1419.0000","1385.0000","1416.0000","1376.0000","1440.0000","1365.0000","1416.0000"," ","0.0000","0.0000","169200","237960400","1406.3853"
"20200916","01","11","    39920","JP3654100001","765.0000","775.0000","760.0000","770.0000","774.0000","776.0000","765.0000","766.0000","765.0000","776.0000","760.0000","766.0000"," ","0.0000","0.0000","51100","39287900","768.8434"
"20200916","01","11","    39960","JP3312170008","1360.0000","1407.0000","1360.0000","1397.0000","1397.0000","1413.0000","1387.0000","1398.0000","1360.0000","1413.0000","1360.0000","1398.0000"," ","0.0000","0.0000","44600","62206300","1394.7601"
"20200916","01","11","    40040","JP3368000000","2099.0000","2106.0000","2083.0000","2094.0000","2096.0000","2096.0000","2076.0000","2095.0000","2099.0000","2106.0000","2076.0000","2095.0000"," ","0.0000","0.0000","1407000","2942960600","2091.6564"
"20200916","01","11","    40050","JP3401400001","372.0000","373.0000","368.0000","371.0000","372.0000","372.0000","368.0000","368.0000","372.0000","373.0000","368.0000","368.0000"," ","0.0000","0.0000","6982300","2583420300","369.9956"
"20200916","01","11","    40080","JP3405600002","3410.0000","3455.0000","3400.0000","3455.0000","3445.0000","3445.0000","3390.0000","3395.0000","3410.0000","3455.0000","3390.0000","3395.0000"," ","0.0000","0.0000","16300","55745500","3419.9693"
"20200916","01","11","    40210","JP3670800006","5390.0000","5430.0000","5380.0000","5420.0000","5440.0000","5440.0000","5380.0000","5390.0000","5390.0000","5440.0000","5380.0000","5390.0000"," ","0.0000","0.0000","291900","1575416000","5397.1086"
"20200916","01","11","    40220","JP3967400007","1771.0000","1816.0000","1767.0000","1797.0000","1800.0000","1846.0000","1799.0000","1844.0000","1771.0000","1846.0000","1767.0000","1844.0000"," ","0.0000","0.0000","245100","445081100","1815.9164"
"20200916","01","11","    40230","JP3271600003","5100.0000","5110.0000","5010.0000","5080.0000","5110.0000","5110.0000","5010.0000","5010.0000","5100.0000","5110.0000","5010.0000","5010.0000"," ","0.0000","0.0000","59000","298666000","5062.1356"
"20200916","01","11","    40250","JP3461000006","6320.0000","6560.0000","6300.0000","6560.0000","6550.0000","6590.0000","6520.0000","6560.0000","6320.0000","6590.0000","6300.0000","6560.0000"," ","0.0000","0.0000","24900","162124000","6511.0040"
"20200916","01","11","    40270","JP3539300008","1401.0000","1429.0000","1398.0000","1427.0000","1427.0000","1448.0000","1427.0000","1447.0000","1401.0000","1448.0000","1398.0000","1447.0000"," ","0.0000","0.0000","27600","39493000","1430.9058"
"20200916","01","11","    40280","JP3136800004","765.0000","770.0000","759.0000","766.0000","768.0000","768.0000","760.0000","764.0000","765.0000","770.0000","759.0000","764.0000"," ","0.0000","0.0000","67600","51610800","763.4734"
"20200916","01","11","    40310","JP3211800002","1243.0000","1253.0000","1243.0000","1251.0000","1256.0000","1256.0000","1243.0000","1243.0000","1243.0000","1256.0000","1243.0000","1243.0000"," ","0.0000","0.0000","10300","12854400","1248.0000"
"20200916","01","11","    40410","JP3726200003","3145.0000","3145.0000","3110.0000","3140.0000","3145.0000","3145.0000","3120.0000","3120.0000","3145.0000","3145.0000","3110.0000","3120.0000"," ","0.0000","0.0000","75900","237271000","3126.1001"
"20200916","01","11","    40420","JP3595200001","1781.0000","1793.0000","1768.0000","1780.0000","1781.0000","1782.0000","1758.0000","1758.0000","1781.0000","1793.0000","1758.0000","1758.0000"," ","0.0000","0.0000","1474100","2609604400","1770.3035"
"20200916","01","11","    40430","JP3625000009","2734.0000","2740.0000","2710.0000","2725.0000","2720.0000","2721.0000","2704.0000","2710.0000","2734.0000","2740.0000","2704.0000","2710.0000"," ","0.0000","0.0000","321800","874543400","2717.6613"
"20200916","01","11","    40440","JP3425000001","2208.0000","2210.0000","2195.0000","2198.0000","2201.0000","2202.0000","2190.0000","2194.0000","2208.0000","2210.0000","2190.0000","2194.0000"," ","0.0000","0.0000","97900","215209500","2198.2584"
"20200916","01","11","    40450","JP3556400004","1167.0000","1173.0000","1165.0000","1172.0000","1179.0000","1179.0000","1169.0000","1170.0000","1167.0000","1179.0000","1165.0000","1170.0000"," ","0.0000","0.0000","167400","196038900","1171.0806"
"20200916","01","11","    40460","JP3485900009","2641.0000","2650.0000","2610.0000","2650.0000","2644.0000","2649.0000","2630.0000","2644.0000","2641.0000","2650.0000","2610.0000","2644.0000"," ","0.0000","0.0000","33200","87614600","2638.9940"
"20200916","01","11","    40470","JP3232600001","766.0000","772.0000","763.0000","770.0000","770.0000","770.0000","767.0000","768.0000","766.0000","772.0000","763.0000","768.0000"," ","0.0000","0.0000","184500","141740300","768.2401"
"20200916","01","11","    40610","JP3549600009","3205.0000","3205.0000","3145.0000","3175.0000","3170.0000","3170.0000","3130.0000","3135.0000","3205.0000","3205.0000","3130.0000","3135.0000"," ","0.0000","0.0000","529100","1668519000","3153.5041"
"20200916","01","11","    40620","JP3148800000","3560.0000","3640.0000","3550.0000","3620.0000","3630.0000","3630.0000","3585.0000","3600.0000","3560.0000","3640.0000","3550.0000","3600.0000"," ","0.0000","0.0000","688000","2481630500","3607.0211"
"20200916","01","11","    40630","JP3371200001","14210.0000","14305.0000","14130.0000","14140.0000","14125.0000","14155.0000","14045.0000","14065.0000","14210.0000","14305.0000","14045.0000","14065.0000"," ","0.0000","0.0000","718800","10155291500","14128.1184"
"20200916","01","11","    40640","JP3690000009","1268.0000","1287.0000","1252.0000","1282.0000","1283.0000","1283.0000","1268.0000","1272.0000","1268.0000","1287.0000","1252.0000","1272.0000"," ","0.0000","0.0000","32900","41982700","1276.0699"
"20200916","01","11","    40780","JP3312800000","2078.0000","2102.0000","2071.0000","2102.0000","2114.0000","2118.0000","2087.0000","2104.0000","2078.0000","2118.0000","2071.0000","2104.0000"," ","0.0000","0.0000","13500","28315100","2097.4148"
"20200916","01","11","    40820","JP3474350000","840.0000","845.0000","829.0000","840.0000","842.0000","843.0000","832.0000","840.0000","840.0000","845.0000","829.0000","840.0000"," ","0.0000","0.0000","43400","36396200","838.6221"
"20200916","01","11","    40880","JP3160670000","1496.0000","1499.0000","1477.0000","1483.0000","1484.0000","1485.0000","1472.0000","1473.0000","1496.0000","1499.0000","1472.0000","1473.0000"," ","0.0000","0.0000","470600","696064300","1479.0997"
"20200916","01","11","    40910","JP3711600001","1733.0000","1737.0000","1711.0000","1716.0000","1718.0000","1723.0000","1707.0000","1715.0000","1733.0000","1737.0000","1707.0000","1715.0000"," ","0.0000","0.0000","842500","1445809100","1716.0939"
"20200916","01","11","    40920","JP3691600005","2409.0000","2471.0000","2394.0000","2460.0000","2460.0000","2462.0000","2423.0000","2446.0000","2409.0000","2471.0000","2394.0000","2446.0000"," ","0.0000","0.0000","56100","137185900","2445.3815"
"20200916","01","11","    40930","JP3599400003","1260.0000","1260.0000","1260.0000","1260.0000","1259.0000","1259.0000","1254.0000","1256.0000","1260.0000","1260.0000","1254.0000","1256.0000"," ","0.0000","0.0000","1100","1382900","1257.1818"
"20200916","01","11","    40950","JP3744600002","1024.0000","1030.0000","1012.0000","1028.0000","1038.0000","1038.0000","1031.0000","1035.0000","1024.0000","1038.0000","1012.0000","1035.0000"," ","0.0000","0.0000","105100","108434000","1031.7222"
"20200916","01","11","    40970","JP3285800003","854.0000","855.0000","844.0000","850.0000","858.0000","867.0000","845.0000","861.0000","854.0000","867.0000","844.0000","861.0000"," ","0.0000","0.0000","45400","38771300","853.9934"
"20200916","01","11","    40980","JP3509000000","1749.0000","1750.0000","1726.0000","1746.0000","1749.0000","1751.0000","1741.0000","1751.0000","1749.0000","1751.0000","1726.0000","1751.0000"," ","0.0000","0.0000","4400","7688600","1747.4091"
"20200916","01","11","    40990","JP3349600001","1122.0000","1127.0000","1106.0000","1127.0000","1129.0000","1129.0000","1117.0000","1118.0000","1122.0000","1129.0000","1106.0000","1118.0000"," ","0.0000","0.0000","48600","54460100","1120.5782"
"20200916","01","11","    41000","JP3627400009","2470.0000","2538.0000","2470.0000","2519.0000","2520.0000","2520.0000","2501.0000","2516.0000","2470.0000","2538.0000","2470.0000","2516.0000"," ","0.0000","0.0000","16200","40624500","2507.6852"
"20200916","01","11","    41090","JP3399720006","3105.0000","3145.0000","3075.0000","3140.0000","3150.0000","3150.0000","3125.0000","3125.0000","3105.0000","3150.0000","3075.0000","3125.0000"," ","0.0000","0.0000","71800","224730000","3129.9443"
"20200916","01","11","    41120","JP3852600000","4820.0000","4935.0000","4815.0000","4875.0000","4875.0000","4890.0000","4860.0000","4875.0000","4820.0000","4935.0000","4815.0000","4875.0000"," ","0.0000","0.0000","55700","271905000","4881.5978"
"20200916","01","11","    41140","JP3715200006","5840.0000","5860.0000","5820.0000","5850.0000","5860.0000","5860.0000","5820.0000","5850.0000","5840.0000","5860.0000","5820.0000","5850.0000"," ","0.0000","0.0000","51800","302804000","5845.6371"
"20200916","01","11","    41160","JP3492200005","2301.0000","2311.0000","2267.0000","2299.0000","2308.0000","2316.0000","2288.0000","2312.0000","2301.0000","2316.0000","2267.0000","2312.0000"," ","0.0000","0.0000","17000","39125300","2301.4882"
"20200916","01","11","    41180","JP3215800008","2998.0000","3015.0000","2955.0000","2962.0000","2960.0000","2963.0000","2939.0000","2939.0000","2998.0000","3015.0000","2939.0000","2939.0000"," ","0.0000","0.0000","264700","785451000","2967.3253"
"20200916","01","11","    41510","JP3256000005","2823.0000","2915.0000","2823.0000","2906.0000","2906.0000","2910.0000","2870.0000","2875.0000","2823.0000","2915.0000","2823.0000","2875.0000"," ","0.0000","0.0000","520200","1499740300","2883.0071"
"20200916","01","11","    41820","JP3896800004","2021.0000","2024.0000","2009.0000","2012.0000","2015.0000","2016.0000","1995.0000","2001.0000","2021.0000","2024.0000","1995.0000","2001.0000"," ","0.0000","0.0000","660100","1326579000","2009.6637"
"20200916","01","11","    41830","JP3888300005","2725.0000","2725.0000","2676.0000","2685.0000","2691.0000","2693.0000","2673.0000","2674.0000","2725.0000","2725.0000","2673.0000","2674.0000"," ","0.0000","0.0000","867700","2331786400","2687.3187"
"20200916","01","11","    41850","JP3385980002","2505.0000","2518.0000","2493.0000","2498.0000","2496.0000","2504.0000","2491.0000","2497.0000","2505.0000","2518.0000","2491.0000","2497.0000"," ","0.0000","0.0000","1203700","3009861400","2500.5079"
"20200916","01","11","    41860","JP3571800006","5320.0000","5390.0000","5320.0000","5370.0000","5380.0000","5390.0000","5340.0000","5370.0000","5320.0000","5390.0000","5320.0000","5370.0000"," ","0.0000","0.0000","269400","1443353000","5357.6578"
"20200916","01","11","    41870","JP3187000009","2765.0000","2833.0000","2765.0000","2784.0000","2791.0000","2822.0000","2778.0000","2819.0000","2765.0000","2833.0000","2765.0000","2819.0000"," ","0.0000","0.0000","180200","505034500","2802.6332"
"20200916","01","11","    41880","JP3897700005","678.0000","678.8000","664.4000","667.3000","667.3000","670.0000","664.8000","665.6000","678.0000","678.8000","664.4000","665.6000"," ","0.0000","0.0000","4920100","3285026800","667.6748"
"20200916","01","11","    41890","JP3277040006","2580.0000","2602.0000","2565.0000","2574.0000","2567.0000","2567.0000","2531.0000","2547.0000","2580.0000","2602.0000","2531.0000","2547.0000"," ","0.0000","0.0000","145100","371141400","2557.8318"
"20200916","01","11","    42020","JP3485800001","820.0000","820.0000","806.0000","811.0000","811.0000","811.0000","798.0000","798.0000","820.0000","820.0000","798.0000","798.0000"," ","0.0000","0.0000","2150200","1733610800","806.2556"
"20200916","01","11","    42030","JP3409400003","3060.0000","3070.0000","3035.0000","3050.0000","3045.0000","3055.0000","3025.0000","3040.0000","3060.0000","3070.0000","3025.0000","3040.0000"," ","0.0000","0.0000","100300","305404000","3044.9053"
"20200916","01","11","    42040","JP3419400001","1735.0000","1741.0000","1717.0000","1726.0000","1725.0000","1727.0000","1718.0000","1724.0000","1735.0000","1741.0000","1717.0000","1724.0000"," ","0.0000","0.0000","719000","1240311900","1725.0513"
"20200916","01","11","    42050","JP3725400000","1166.0000","1176.0000","1155.0000","1169.0000","1174.0000","1174.0000","1163.0000","1165.0000","1166.0000","1176.0000","1155.0000","1165.0000"," ","0.0000","0.0000","487300","569224600","1168.1194"
"20200916","01","11","    42060","JP3100800006","3805.0000","3805.0000","3760.0000","3795.0000","3815.0000","3830.0000","3805.0000","3825.0000","3805.0000","3830.0000","3760.0000","3825.0000"," ","0.0000","0.0000","111500","425072500","3812.3094"
"20200916","01","11","    42080","JP3158800007","1940.0000","1941.0000","1925.0000","1934.0000","1933.0000","1936.0000","1913.0000","1914.0000","1940.0000","1941.0000","1913.0000","1914.0000"," ","0.0000","0.0000","408300","786339700","1925.8871"
"20200916","01","11","    42120","JP3420200002","2189.0000","2219.0000","2157.0000","2219.0000","2224.0000","2233.0000","2212.0000","2223.0000","2189.0000","2233.0000","2157.0000","2223.0000"," ","0.0000","0.0000","37800","83851100","2218.2831"
"20200916","01","11","    42150","JP3462200001","708.0000","708.0000","699.0000","708.0000","709.0000","709.0000","703.0000","707.0000","708.0000","709.0000","699.0000","707.0000"," ","0.0000","0.0000","51500","36319000","705.2233"
"20200916","01","11","    42160","JP3117200000","1360.0000","1360.0000","1346.0000","1348.0000","1348.0000","1359.0000","1340.0000","1359.0000","1360.0000","1360.0000","1340.0000","1359.0000"," ","0.0000","0.0000","31600","42737200","1352.4430"
"20200916","01","11","    42180","JP3662400005","1757.0000","1786.0000","1747.0000","1770.0000","1770.0000","1788.0000","1761.0000","1779.0000","1757.0000","1788.0000","1747.0000","1779.0000"," ","0.0000","0.0000","70300","124424000","1769.9004"
"20200916","01","11","    42200","JP3973000007","421.0000","422.0000","415.0000","422.0000","424.0000","429.0000","421.0000","427.0000","421.0000","429.0000","415.0000","427.0000"," ","0.0000","0.0000","95600","40549000","424.1527"
"20200916","01","11","    42210","JP3178400002","1555.0000","1555.0000","1524.0000","1535.0000","1541.0000","1560.0000","1530.0000","1560.0000","1555.0000","1560.0000","1524.0000","1560.0000"," ","0.0000","0.0000","14900","22938400","1539.4899"
"20200916","01","11","    42280","JP3419800002","589.0000","598.0000","581.0000","596.0000","596.0000","600.0000","593.0000","597.0000","589.0000","600.0000","581.0000","597.0000"," ","0.0000","0.0000","53100","31549300","594.1488"
"20200916","01","11","    42290","JP3274800006","2493.0000","2644.0000","2493.0000","2644.0000","2642.0000","2642.0000","2603.0000","2637.0000","2493.0000","2644.0000","2493.0000","2637.0000"," ","0.0000","0.0000","7800","20181000","2587.3077"
"20200916","01","11","    42310","JP3440800005","419.0000","423.0000","417.0000","423.0000","423.0000","425.0000","421.0000","425.0000","419.0000","425.0000","417.0000","425.0000"," ","0.0000","0.0000","22500","9470000","420.8889"
"20200916","01","11","    42380","JP3910570005","1089.0000","1098.0000","1055.0000","1092.0000","1092.0000","1098.0000","1072.0000","1083.0000","1089.0000","1098.0000","1055.0000","1083.0000"," ","0.0000","0.0000","73800","79739500","1080.4810"
"20200916","01","11","    42450","JP3480590003","849.0000","855.0000","849.0000","850.0000","852.0000","854.0000","851.0000","853.0000","849.0000","855.0000","849.0000","853.0000"," ","0.0000","0.0000","8900","7583200","852.0449"
"20200916","01","11","    42460","JP3481300006","587.0000","592.0000","575.0000","580.0000","583.0000","583.0000","574.0000","577.0000","587.0000","592.0000","574.0000","577.0000"," ","0.0000","0.0000","86100","49750100","577.8177"
"20200916","01","11","    42480","JP3463300008","979.0000","995.0000","973.0000","991.0000","992.0000","995.0000","973.0000","990.0000","979.0000","995.0000","973.0000","990.0000"," ","0.0000","0.0000","49900","49162100","985.2124"
"20200916","01","11","    42490","JP3927450001","1812.0000","1817.0000","1794.0000","1811.0000","1822.0000","1822.0000","1783.0000","1784.0000","1812.0000","1822.0000","1783.0000","1784.0000"," ","0.0000","0.0000","8200","14750300","1798.8171"
"20200916","01","11","    42720","JP3694400007","1002.0000","1007.0000","993.0000","998.0000","999.0000","999.0000","989.0000","992.0000","1002.0000","1007.0000","989.0000","992.0000"," ","0.0000","0.0000","1154600","1148347500","994.5847"
"20200916","01","11","    42750","JP3205320009","519.0000","522.0000","515.0000","519.0000","521.0000","521.0000","517.0000","521.0000","519.0000","522.0000","515.0000","521.0000"," ","0.0000","0.0000","23500","12207600","519.4723"
"20200916","01","11","    42820","JP3130770005","1076.0000","1078.0000","1067.0000","1078.0000","1080.0000","1080.0000","1069.0000","1069.0000","1076.0000","1080.0000","1067.0000","1069.0000"," ","0.0000","0.0000","80900","86750200","1072.3140"
"20200916","01","11","    42840","JP3436400000","973.0000","976.0000","946.0000","950.0000","952.0000","964.0000","949.0000","959.0000","973.0000","976.0000","946.0000","959.0000"," ","0.0000","0.0000","265800","255259400","960.3439"
"20200916","01","11","    42860","JP3980300002","1070.0000","1077.0000","1059.0000","1075.0000","1076.0000","1076.0000","1061.0000","1066.0000","1070.0000","1077.0000","1059.0000","1066.0000"," ","0.0000","0.0000","24500","26152000","1067.4286"
"20200916","01","11","    42900","JP3833620002","953.0000","962.0000","951.0000","955.0000","959.0000","959.0000","946.0000","949.0000","953.0000","962.0000","946.0000","949.0000"," ","0.0000","0.0000","232600","221765200","953.4187"
"20200916","01","11","    42950","JP3802690002","1043.0000","1067.0000","1017.0000","1025.0000","1032.0000","1040.0000","1008.0000","1040.0000","1043.0000","1067.0000","1008.0000","1040.0000"," ","0.0000","0.0000","74600","77037300","1032.6716"
"20200916","01","11","    42980","JP3833740008","1265.0000","1297.0000","1262.0000","1293.0000","1294.0000","1295.0000","1280.0000","1287.0000","1265.0000","1297.0000","1262.0000","1287.0000"," ","0.0000","0.0000","62700","80700200","1287.0845"
"20200916","01","11","    42990","JP3765250000","2326.0000","2336.0000","2325.0000","2336.0000","2337.0000","2340.0000","2329.0000","2340.0000","2326.0000","2340.0000","2325.0000","2340.0000"," ","0.0000","0.0000","4800","11213800","2336.2083"
"20200916","01","11","    43010","JP3124500004","2501.0000","2541.0000","2490.0000","2507.0000","2517.0000","2533.0000","2504.0000","2523.0000","2501.0000","2541.0000","2490.0000","2523.0000"," ","0.0000","0.0000","52100","131417500","2522.4088"
"20200916","01","11","    43070","JP3762800005","2938.0000","2966.0000","2922.0000","2958.0000","2960.0000","2992.0000","2960.0000","2991.0000","2938.0000","2992.0000","2922.0000","2991.0000"," ","0.0000","0.0000","935700","2774405100","2965.0584"
"20200916","01","11","    43100","JP3639420003","1485.0000","1489.0000","1476.0000","1483.0000","1484.0000","1487.0000","1469.0000","1487.0000","1485.0000","1489.0000","1469.0000","1487.0000"," ","0.0000","0.0000","7600","11245400","1479.6579"
"20200916","01","11","    43120","JP3311570000","855.0000","878.0000","851.0000","851.0000","850.0000","853.0000","846.0000","847.0000","855.0000","878.0000","846.0000","847.0000"," ","0.0000","0.0000","135800","116382400","857.0133"
"20200916","01","11","    43180","JP3266000003","1273.0000","1276.0000","1267.0000","1272.0000","1282.0000","1282.0000","1259.0000","1276.0000","1273.0000","1282.0000","1259.0000","1276.0000"," ","0.0000","0.0000","33000","41845500","1268.0455"
"20200916","01","11","    43190","JP3467200006","237.0000","242.0000","233.0000","235.0000","237.0000","238.0000","232.0000","237.0000","237.0000","242.0000","232.0000","237.0000"," ","0.0000","0.0000","156300","37204300","238.0313"
"20200916","01","11","    43200","JP3346350006","646.0000","675.0000","646.0000","671.0000","672.0000","673.0000","637.0000","640.0000","646.0000","675.0000","637.0000","640.0000"," ","0.0000","0.0000","338600","222147700","656.0771"
"20200916","01","11","    43210","JP3281630008","573.0000","579.0000","564.0000","577.0000","577.0000","578.0000","531.0000","545.0000","573.0000","579.0000","531.0000","545.0000"," ","0.0000","0.0000","4292500","2381390800","554.7795"
"20200916","01","11","    43230","JP3712550007","1817.0000","1912.0000","1817.0000","1890.0000","1888.0000","1910.0000","1865.0000","1868.0000","1817.0000","1912.0000","1817.0000","1868.0000"," ","0.0000","0.0000","98400","185460100","1884.7571"
"20200916","01","11","    43240","JP3551520004","3220.0000","3220.0000","3170.0000","3170.0000","3170.0000","3375.0000","3170.0000","3210.0000","3220.0000","3375.0000","3170.0000","3210.0000"," ","0.0000","0.0000","1490500","4831877500","3241.7830"
"20200916","01","11","    43260","JP3152790006","907.0000","915.0000","899.0000","911.0000","914.0000","920.0000","905.0000","920.0000","907.0000","920.0000","899.0000","920.0000"," ","0.0000","0.0000","36000","32825900","911.8306"
"20200916","01","11","    43310","JP3539350003","629.0000","645.0000","620.0000","634.0000","634.0000","638.0000","629.0000","631.0000","629.0000","645.0000","620.0000","631.0000"," ","0.0000","0.0000","113600","72126300","634.9146"
"20200916","01","11","    43330","JP3601600004","959.0000","963.0000","959.0000","960.0000","964.0000","965.0000","954.0000","958.0000","959.0000","965.0000","954.0000","958.0000"," ","0.0000","0.0000","7900","7587300","960.4177"
"20200916","01","11","    43370","JP3801570007","3370.0000","3400.0000","3310.0000","3350.0000","3350.0000","3410.0000","3330.0000","3410.0000","3370.0000","3410.0000","3310.0000","3410.0000"," ","0.0000","0.0000","50400","169354000","3360.1984"
"20200916","01","11","    43430","JP3131420006","1786.0000","1786.0000","1755.0000","1773.0000","1767.0000","1779.0000","1745.0000","1745.0000","1786.0000","1786.0000","1745.0000","1745.0000"," ","0.0000","0.0000","72500","127741700","1761.9545"
"20200916","01","11","    43440","JP3431200009","302.0000","313.0000","301.0000","312.0000","312.0000","313.0000","308.0000","313.0000","302.0000","313.0000","301.0000","313.0000"," ","0.0000","0.0000","1717100","530833200","309.1452"
"20200916","01","11","    43450","JP3346970001","929.0000","967.0000","929.0000","955.0000","951.0000","960.0000","947.0000","953.0000","929.0000","967.0000","929.0000","953.0000"," ","0.0000","0.0000","79600","75818700","952.4962"
"20200916","01","11","    43460","JP3758020006","1092.0000","1127.0000","1081.0000","1123.0000","1128.0000","1175.0000","1128.0000","1170.0000","1092.0000","1175.0000","1081.0000","1170.0000"," ","0.0000","0.0000","424500","476634600","1122.8141"
"20200916","01","11","    43480","JP3153450006","3770.0000","3870.0000","3770.0000","3830.0000","3830.0000","3880.0000","3830.0000","3880.0000","3770.0000","3880.0000","3770.0000","3880.0000"," ","0.0000","0.0000","187500","719871000","3839.3120"
"20200916","01","11","    43500","JP3920940008","471.0000","476.0000","467.0000","475.0000","473.0000","475.0000","470.0000","473.0000","471.0000","476.0000","467.0000","473.0000"," ","0.0000","0.0000","50300","23777600","472.7157"
"20200916","01","11","    43620","JP3720000003","1639.0000","1639.0000","1596.0000","1636.0000","1627.0000","1654.0000","1619.0000","1654.0000","1639.0000","1654.0000","1596.0000","1654.0000"," ","0.0000","0.0000","38800","63551800","1637.9330"
"20200916","01","11","    43680","JP3822600007","3585.0000","3625.0000","3570.0000","3605.0000","3615.0000","3620.0000","3585.0000","3610.0000","3585.0000","3625.0000","3570.0000","3610.0000"," ","0.0000","0.0000","64900","233662500","3600.3467"
"20200916","01","11","    43690","JP3636000006","11440.0000","11900.0000","11440.0000","11870.0000","11800.0000","11870.0000","11590.0000","11700.0000","11440.0000","11900.0000","11440.0000","11700.0000"," ","0.0000","0.0000","108000","1264192000","11705.4815"
"20200916","01","11","    43820","JP3783070000","3900.0000","3990.0000","3900.0000","3960.0000","3980.0000","3980.0000","3930.0000","3965.0000","3900.0000","3990.0000","3900.0000","3965.0000"," ","0.0000","0.0000","130300","514979500","3952.2602"
"20200916","01","11","    43840","JP3967180005","4255.0000","4340.0000","4095.0000","4250.0000","4220.0000","4245.0000","4180.0000","4245.0000","4255.0000","4340.0000","4095.0000","4245.0000"," ","0.0000","0.0000","252200","1065698000","4225.6067"
"20200916","01","11","    43920","JP3166650006","260.0000","265.0000","260.0000","263.0000","261.0000","262.0000","259.0000","262.0000","260.0000","265.0000","259.0000","262.0000"," ","0.0000","0.0000","104800","27444700","261.8769"
"20200916","01","11","    43960","JP3350960005","1860.0000","1885.0000","1817.0000","1820.0000","1824.0000","1842.0000","1817.0000","1823.0000","1860.0000","1885.0000","1817.0000","1823.0000"," ","0.0000","0.0000","109800","201928400","1839.0565"
"20200916","01","11","    44010","JP3114800000","1588.0000","1600.0000","1584.0000","1589.0000","1596.0000","1597.0000","1586.0000","1587.0000","1588.0000","1600.0000","1584.0000","1587.0000"," ","0.0000","0.0000","179400","285206200","1589.7781"
"20200916","01","11","    44030","JP3753400005","4230.0000","4245.0000","4215.0000","4230.0000","4225.0000","4235.0000","4210.0000","4235.0000","4230.0000","4245.0000","4210.0000","4235.0000"," ","0.0000","0.0000","73600","311255500","4229.0149"
"20200916","01","11","    44040","JP3910400005","1150.0000","1150.0000","1141.0000","1144.0000","1142.0000","1146.0000","1142.0000","1145.0000","1150.0000","1150.0000","1141.0000","1145.0000"," ","0.0000","0.0000","6500","7441900","1144.9077"
"20200916","01","11","    44060","JP3382600009","163.0000","167.0000","163.0000","167.0000","167.0000","169.0000","166.0000","168.0000","163.0000","169.0000","163.0000","168.0000"," ","0.0000","0.0000","94000","15654600","166.5383"
"20200916","01","11","    44100","JP3772600007","1005.0000","1024.0000","995.0000","1022.0000","1025.0000","1040.0000","1013.0000","1040.0000","1005.0000","1040.0000","995.0000","1040.0000"," ","0.0000","0.0000","19300","19791200","1025.4508"
"20200916","01","11","    44200","JP3130650009","1243.0000","1249.0000","1217.0000","1226.0000","1226.0000","1238.0000","1205.0000","1220.0000","1243.0000","1249.0000","1205.0000","1220.0000"," ","0.0000","0.0000","151500","185481600","1224.3010"
"20200916","01","11","    44230","JP3126240005","1827.0000","1845.0000","1817.0000","1841.0000","1846.0000","1847.0000","1833.0000","1835.0000","1827.0000","1847.0000","1817.0000","1835.0000"," ","0.0000","0.0000","106800","196179700","1836.8886"
"20200916","01","11","    44300","JP3564800005","1295.0000","1299.0000","1281.0000","1287.0000","1287.0000","1308.0000","1287.0000","1298.0000","1295.0000","1308.0000","1281.0000","1298.0000"," ","0.0000","0.0000","43700","56567900","1294.4600"
"20200916","01","11","    44330","JP3791990009","1209.0000","1227.0000","1182.0000","1190.0000","1188.0000","1194.0000","1174.0000","1189.0000","1209.0000","1227.0000","1174.0000","1189.0000"," ","0.0000","0.0000","62600","75007300","1198.1997"
"20200916","01","11","    44390","JP3606150005","1366.0000","1366.0000","1340.0000","1351.0000","1360.0000","1362.0000","1352.0000","1361.0000","1366.0000","1366.0000","1340.0000","1361.0000"," ","0.0000","0.0000","11000","14891200","1353.7455"
"20200916","01","11","    44400","JP3159930001","3850.0000","3890.0000","3705.0000","3735.0000","3730.0000","3790.0000","3695.0000","3695.0000","3850.0000","3890.0000","3695.0000","3695.0000"," ","0.0000","0.0000","188400","714512000","3792.5265"
"20200916","01","11","    44410","JP3630000002","2042.0000","2088.0000","1996.0000","2012.0000","2008.0000","2035.0000","1998.0000","2007.0000","2042.0000","2088.0000","1996.0000","2007.0000"," ","0.0000","0.0000","185600","377962100","2036.4337"
"20200916","01","11","    44460","JP3977060007","2300.0000","2313.0000","2159.0000","2220.0000","2222.0000","2222.0000","2171.0000","2196.0000","2300.0000","2313.0000","2159.0000","2196.0000"," ","0.0000","0.0000","575600","1280607100","2224.8212"
"20200916","01","11","    44520","JP3205800000","8086.0000","8156.0000","8069.0000","8145.0000","8152.0000","8159.0000","8126.0000","8151.0000","8086.0000","8159.0000","8069.0000","8151.0000"," ","0.0000","0.0000","772600","6285382800","8135.3647"
"20200916","01","11","    44610","JP3475000000","4530.0000","4625.0000","4475.0000","4600.0000","4600.0000","4600.0000","4510.0000","4590.0000","4530.0000","4625.0000","4475.0000","4590.0000"," ","0.0000","0.0000","68600","313251000","4566.3411"
"20200916","01","11","    44620","JP3136900002","2150.0000","2182.0000","2147.0000","2151.0000","2162.0000","2217.0000","2145.0000","2217.0000","2150.0000","2217.0000","2145.0000","2217.0000"," ","0.0000","0.0000","13600","29509700","2169.8309"
"20200916","01","11","    44630","JP3666700004","883.0000","890.0000","880.0000","890.0000","890.0000","890.0000","885.0000","890.0000","883.0000","890.0000","880.0000","890.0000"," ","0.0000","0.0000","5200","4618300","888.1346"
"20200916","01","11","    44650","JP3657250001","3195.0000","3255.0000","3170.0000","3180.0000","3180.0000","3200.0000","3130.0000","3145.0000","3195.0000","3255.0000","3130.0000","3145.0000"," ","0.0000","0.0000","75600","241070500","3188.7632"
"20200916","01","11","    44710","JP3337600005","5050.0000","5050.0000","5000.0000","5030.0000","5040.0000","5050.0000","5010.0000","5030.0000","5050.0000","5050.0000","5000.0000","5030.0000"," ","0.0000","0.0000","19400","97493000","5025.4124"
"20200916","01","11","    45020","JP3463000004","3940.0000","3948.0000","3925.0000","3939.0000","3946.0000","3963.0000","3943.0000","3957.0000","3940.0000","3963.0000","3925.0000","3957.0000"," ","0.0000","0.0000","3545700","14001167600","3948.7739"
"20200916","01","11","    45030","JP3942400007","1601.5000","1622.5000","1600.5000","1613.0000","1612.0000","1617.0000","1608.0000","1611.0000","1601.5000","1622.5000","1600.5000","1611.0000"," ","0.0000","0.0000","3592000","5785768000","1610.7372"
"20200916","01","11","    45060","JP3495000006","1382.0000","1386.0000","1365.0000","1379.0000","1380.0000","1382.0000","1369.0000","1375.0000","1382.0000","1386.0000","1365.0000","1375.0000"," ","0.0000","0.0000","665500","915095100","1375.0490"
"20200916","01","11","    45070","JP3347200002","5750.0000","5784.0000","5725.0000","5784.0000","5793.0000","5797.0000","5767.0000","5786.0000","5750.0000","5797.0000","5725.0000","5786.0000"," ","0.0000","0.0000","755600","4358154600","5767.8065"
"20200916","01","11","    45120","JP3991200001","274.0000","277.0000","273.0000","276.0000","277.0000","279.0000","276.0000","279.0000","274.0000","279.0000","273.0000","279.0000"," ","0.0000","0.0000","138000","38002500","275.3804"
"20200916","01","11","    45140","JP3541200006","1365.0000","1369.0000","1330.0000","1345.0000","1348.0000","1350.0000","1320.0000","1340.0000","1365.0000","1369.0000","1320.0000","1340.0000"," ","0.0000","0.0000","199900","268750200","1344.4232"
"20200916","01","11","    45160","JP3717600005","8880.0000","8980.0000","8880.0000","8950.0000","8970.0000","8970.0000","8870.0000","8900.0000","8880.0000","8980.0000","8870.0000","8900.0000"," ","0.0000","0.0000","99200","884997000","8921.3407"
"20200916","01","11","    45170","JP3799800002","2462.0000","2480.0000","2462.0000","2471.0000","2479.0000","2481.0000","2468.0000","2468.0000","2462.0000","2481.0000","2462.0000","2468.0000"," ","0.0000","0.0000","5100","12606000","2471.7647"
"20200916","01","11","    45190","JP3519400000","4717.0000","4760.0000","4688.0000","4730.0000","4730.0000","4778.0000","4729.0000","4778.0000","4717.0000","4778.0000","4688.0000","4778.0000"," ","0.0000","0.0000","1469400","6973715300","4745.9611"
"20200916","01","11","    45210","JP3207000005","4805.0000","4840.0000","4785.0000","4820.0000","4815.0000","4825.0000","4795.0000","4795.0000","4805.0000","4840.0000","4785.0000","4795.0000"," ","0.0000","0.0000","117400","564656000","4809.6763"
"20200916","01","11","    45230","JP3160400002","9317.0000","9442.0000","9295.0000","9416.0000","9438.0000","9447.0000","9385.0000","9435.0000","9317.0000","9447.0000","9295.0000","9435.0000"," ","0.0000","0.0000","511700","4811547800","9403.0639"
"20200916","01","11","    45260","JP3972600005","2201.0000","2210.0000","2175.0000","2184.0000","2187.0000","2205.0000","2175.0000","2205.0000","2201.0000","2210.0000","2175.0000","2205.0000"," ","0.0000","0.0000","25700","56362000","2193.0739"
"20200916","01","11","    45270","JP3982400008","3600.0000","3660.0000","3590.0000","3655.0000","3660.0000","3665.0000","3620.0000","3630.0000","3600.0000","3665.0000","3590.0000","3630.0000"," ","0.0000","0.0000","278300","1011432000","3634.3227"
"20200916","01","11","    45280","JP3197600004","3310.0000","3365.0000","3307.0000","3360.0000","3356.0000","3358.0000","3326.0000","3337.0000","3310.0000","3365.0000","3307.0000","3337.0000"," ","0.0000","0.0000","901200","3009915700","3339.8976"
"20200916","01","11","    45300","JP3784600003","5240.0000","5310.0000","5240.0000","5300.0000","5300.0000","5320.0000","5270.0000","5270.0000","5240.0000","5320.0000","5240.0000","5270.0000"," ","0.0000","0.0000","60800","321105000","5281.3322"
"20200916","01","11","    45310","JP3946400003","345.0000","348.0000","344.0000","347.0000","347.0000","348.0000","344.0000","346.0000","345.0000","348.0000","344.0000","346.0000"," ","0.0000","0.0000","95700","33128000","346.1651"
"20200916","01","11","    45340","JP3922800002","4020.0000","4025.0000","3975.0000","4000.0000","4015.0000","4015.0000","3985.0000","4005.0000","4020.0000","4025.0000","3975.0000","4005.0000"," ","0.0000","0.0000","29500","118203000","4006.8814"
"20200916","01","11","    45360","JP3336000009","2097.0000","2114.0000","2088.0000","2101.0000","2094.0000","2100.0000","2091.0000","2094.0000","2097.0000","2114.0000","2088.0000","2094.0000"," ","0.0000","0.0000","375700","787634600","2096.4456"
"20200916","01","11","    45380","JP3823600006","2799.0000","2850.0000","2785.0000","2846.0000","2847.0000","2850.0000","2838.0000","2850.0000","2799.0000","2850.0000","2785.0000","2850.0000"," ","0.0000","0.0000","9300","26372400","2835.7419"
"20200916","01","11","    45390","JP3701600003","2563.0000","2564.0000","2531.0000","2564.0000","2565.0000","2579.0000","2565.0000","2579.0000","2563.0000","2579.0000","2531.0000","2579.0000"," ","0.0000","0.0000","1600","4105400","2565.8750"
"20200916","01","11","    45400","JP3535800001","3245.0000","3280.0000","3235.0000","3275.0000","3295.0000","3310.0000","3280.0000","3290.0000","3245.0000","3310.0000","3235.0000","3290.0000"," ","0.0000","0.0000","295700","969960500","3280.2181"
"20200916","01","11","    45410","JP3687200000","1223.0000","1228.0000","1218.0000","1226.0000","1228.0000","1229.0000","1222.0000","1227.0000","1223.0000","1229.0000","1218.0000","1227.0000"," ","0.0000","0.0000","198000","242497700","1224.7359"
"20200916","01","11","    45430","JP3546800008","4306.0000","4317.0000","4274.0000","4290.0000","4285.0000","4288.0000","4246.0000","4256.0000","4306.0000","4317.0000","4246.0000","4256.0000"," ","0.0000","0.0000","1572200","6714983300","4271.0745"
"20200916","01","11","    45440","JP3822000000","2729.0000","2749.0000","2725.0000","2748.0000","2748.0000","2756.0000","2736.0000","2736.0000","2729.0000","2756.0000","2725.0000","2736.0000"," ","0.0000","0.0000","271400","744440500","2742.9643"
"20200916","01","11","    45470","JP3240600001","2380.0000","2422.0000","2380.0000","2416.0000","2416.0000","2422.0000","2401.0000","2402.0000","2380.0000","2422.0000","2380.0000","2402.0000"," ","0.0000","0.0000","44500","107071600","2406.1034"
"20200916","01","11","    45480","JP3414000004","1154.0000","1166.0000","1135.0000","1166.0000","1169.0000","1175.0000","1163.0000","1172.0000","1154.0000","1175.0000","1135.0000","1172.0000"," ","0.0000","0.0000","59100","68786100","1163.8934"
"20200916","01","11","    45490","JP3160700005","2036.0000","2070.0000","2036.0000","2069.0000","2070.0000","2072.0000","2057.0000","2061.0000","2036.0000","2072.0000","2036.0000","2061.0000"," ","0.0000","0.0000","209600","431688800","2059.5840"
"20200916","01","11","    45500","JP3678100003","1184.0000","1193.0000","1176.0000","1186.0000","1190.0000","1195.0000","1181.0000","1187.0000","1184.0000","1195.0000","1176.0000","1187.0000"," ","0.0000","0.0000","29600","35138500","1187.1115"
"20200916","01","11","    45510","JP3635800000","2948.0000","2985.0000","2944.0000","2981.0000","2980.0000","2987.0000","2943.0000","2961.0000","2948.0000","2987.0000","2943.0000","2961.0000"," ","0.0000","0.0000","29200","86616200","2966.3082"
"20200916","01","11","    45520","JP3701000006","12140.0000","12670.0000","12140.0000","12650.0000","12660.0000","12730.0000","12590.0000","12610.0000","12140.0000","12730.0000","12140.0000","12610.0000"," ","0.0000","0.0000","127000","1592368000","12538.3307"
"20200916","01","11","    45530","JP3623150004","2160.0000","2189.0000","2158.0000","2189.0000","2190.0000","2193.0000","2171.0000","2171.0000","2160.0000","2193.0000","2158.0000","2171.0000"," ","0.0000","0.0000","76200","165898700","2177.1483"
"20200916","01","11","    45540","JP3816200004","1210.0000","1232.0000","1190.0000","1231.0000","1230.0000","1241.0000","1215.0000","1240.0000","1210.0000","1241.0000","1190.0000","1240.0000"," ","0.0000","0.0000","239300","292777700","1223.4756"
"20200916","01","11","    45550","JP3323050009","5700.0000","5740.0000","5670.0000","5730.0000","5730.0000","5740.0000","5670.0000","5670.0000","5700.0000","5740.0000","5670.0000","5670.0000"," ","0.0000","0.0000","133200","759813000","5704.3018"
"20200916","01","11","    45590","JP3428850006","2028.0000","2045.0000","2025.0000","2045.0000","2049.0000","2069.0000","2048.0000","2068.0000","2028.0000","2069.0000","2025.0000","2068.0000"," ","0.0000","0.0000","47700","98067900","2055.9308"
"20200916","01","11","    45680","JP3475350009","9920.0000","10195.0000","9903.0000","10095.0000","10095.0000","10105.0000","10055.0000","10060.0000","9920.0000","10195.0000","9903.0000","10060.0000"," ","0.0000","0.0000","1124500","11331752800","10077.1479"
"20200916","01","11","    45690","JP3247090008","2180.0000","2205.0000","2167.0000","2205.0000","2205.0000","2205.0000","2186.0000","2187.0000","2180.0000","2205.0000","2167.0000","2187.0000"," ","0.0000","0.0000","172800","378473300","2190.2390"
"20200916","01","11","    45740","JP3442200006","2334.0000","2388.0000","2323.0000","2372.0000","2380.0000","2384.0000","2354.0000","2366.0000","2334.0000","2388.0000","2323.0000","2366.0000"," ","0.0000","0.0000","645100","1524997200","2363.9702"
"20200916","01","11","    45770","JP3486150000","3460.0000","3495.0000","3455.0000","3465.0000","3465.0000","3470.0000","3445.0000","3470.0000","3460.0000","3495.0000","3445.0000","3470.0000"," ","0.0000","0.0000","33000","114315000","3464.0909"
"20200916","01","11","    45780","JP3188220002","4490.0000","4493.0000","4441.0000","4457.0000","4454.0000","4461.0000","4440.0000","4449.0000","4490.0000","4493.0000","4440.0000","4449.0000"," ","0.0000","0.0000","847200","3773186300","4453.7138"
"20200916","01","11","    45810","JP3442850008","6760.0000","6840.0000","6750.0000","6840.0000","6880.0000","6880.0000","6810.0000","6820.0000","6760.0000","6880.0000","6750.0000","6820.0000"," ","0.0000","0.0000","57200","389935000","6817.0455"
"20200916","01","11","    45870","JP3836750004","4310.0000","4425.0000","4310.0000","4425.0000","4425.0000","4440.0000","4400.0000","4440.0000","4310.0000","4440.0000","4310.0000","4440.0000"," ","0.0000","0.0000","390600","1719652500","4402.5922"
"20200916","01","11","    46110","JP3495400008","987.0000","1010.0000","974.0000","1003.0000","1008.0000","1022.0000","997.0000","1019.0000","987.0000","1022.0000","974.0000","1019.0000"," ","0.0000","0.0000","82900","83240000","1004.1013"
"20200916","01","11","    46120","JP3749400002","9800.0000","9890.0000","9680.0000","9800.0000","9770.0000","10010.0000","9760.0000","9980.0000","9800.0000","10010.0000","9680.0000","9980.0000"," ","0.0000","0.0000","339300","3357862000","9896.4397"
"20200916","01","11","    46130","JP3229400001","2614.0000","2633.0000","2603.0000","2626.0000","2633.0000","2648.0000","2622.0000","2639.0000","2614.0000","2648.0000","2603.0000","2639.0000"," ","0.0000","0.0000","393300","1035046100","2631.6962"
"20200916","01","11","    46150","JP3378600005","185.0000","185.0000","182.0000","184.0000","184.0000","185.0000","183.0000","184.0000","185.0000","185.0000","182.0000","184.0000"," ","0.0000","0.0000","38200","7013600","183.6021"
"20200916","01","11","    46170","JP3522600000","1044.0000","1044.0000","1028.0000","1034.0000","1035.0000","1040.0000","1029.0000","1037.0000","1044.0000","1044.0000","1028.0000","1037.0000"," ","0.0000","0.0000","181000","187218600","1034.3569"
"20200916","01","11","    46190","JP3739000002","983.0000","997.0000","960.0000","997.0000","993.0000","997.0000","962.0000","965.0000","983.0000","997.0000","960.0000","965.0000"," ","0.0000","0.0000","34700","34044400","981.1066"
"20200916","01","11","    46200","JP3811200009","544.0000","555.0000","538.0000","555.0000","555.0000","565.0000","550.0000","564.0000","544.0000","565.0000","538.0000","564.0000"," ","0.0000","0.0000","36900","20444800","554.0596"
"20200916","01","11","    46260","JP3449100001","5690.0000","5730.0000","5640.0000","5640.0000","5640.0000","5660.0000","5580.0000","5650.0000","5690.0000","5730.0000","5580.0000","5650.0000"," ","0.0000","0.0000","89400","505650000","5656.0403"
"20200916","01","11","    46310","JP3493400000","2747.0000","2787.0000","2726.0000","2784.0000","2784.0000","2784.0000","2741.0000","2743.0000","2747.0000","2787.0000","2726.0000","2743.0000"," ","0.0000","0.0000","344300","949056800","2756.4821"
"20200916","01","11","    46330","JP3314800008","1058.0000","1058.0000","1044.0000","1050.0000","1045.0000","1051.0000","1041.0000","1047.0000","1058.0000","1058.0000","1041.0000","1047.0000"," ","0.0000","0.0000","90500","94787600","1047.3768"
"20200916","01","11","    46340","JP3606600009","2020.0000","2024.0000","2001.0000","2019.0000","2032.0000","2032.0000","2009.0000","2017.0000","2020.0000","2032.0000","2001.0000","2017.0000"," ","0.0000","0.0000","49400","99568600","2015.5587"
"20200916","01","11","    46360","JP3538570007","805.0000","814.0000","800.0000","814.0000","816.0000","830.0000","809.0000","809.0000","805.0000","830.0000","800.0000","809.0000"," ","0.0000","0.0000","24800","20266500","817.1976"
"20200916","01","11","    46410","JP3126350002","1924.0000","1950.0000","1916.0000","1948.0000","1942.0000","1951.0000","1927.0000","1951.0000","1924.0000","1951.0000","1916.0000","1951.0000"," ","0.0000","0.0000","64000","124264000","1941.6250"
"20200916","01","11","    46510","JP3322600002","264.0000","266.0000","262.0000","265.0000","264.0000","264.0000","262.0000","264.0000","264.0000","266.0000","262.0000","264.0000"," ","0.0000","0.0000","390100","102785400","263.4847"
"20200916","01","11","    46530","JP3480520000","1038.0000","1043.0000","1035.0000","1036.0000","1036.0000","1040.0000","1036.0000","1040.0000","1038.0000","1043.0000","1035.0000","1040.0000"," ","0.0000","0.0000","4600","4775200","1038.0870"
"20200916","01","11","    46580","JP3699500009","749.0000","762.0000","745.0000","757.0000","754.0000","756.0000","750.0000","755.0000","749.0000","762.0000","745.0000","755.0000"," ","0.0000","0.0000","52700","39765000","754.5541"
"20200916","01","11","    46610","JP3198900007","14665.0000","14815.0000","14620.0000","14805.0000","14795.0000","14815.0000","14760.0000","14810.0000","14665.0000","14815.0000","14620.0000","14810.0000"," ","0.0000","0.0000","400700","5919710500","14773.4228"
"20200916","01","11","    46620","JP3802740005","910.0000","948.0000","908.0000","942.0000","945.0000","963.0000","940.0000","946.0000","910.0000","963.0000","908.0000","946.0000"," ","0.0000","0.0000","264300","248287300","939.4147"
"20200916","01","11","    46650","JP3505900005","2869.0000","2891.0000","2863.0000","2883.0000","2886.0000","2886.0000","2868.0000","2871.0000","2869.0000","2891.0000","2863.0000","2871.0000"," ","0.0000","0.0000","62300","179153800","2875.6629"
"20200916","01","11","    46660","JP3780100008","1813.0000","1829.0000","1755.0000","1793.0000","1790.0000","1802.0000","1758.0000","1759.0000","1813.0000","1829.0000","1755.0000","1759.0000"," ","0.0000","0.0000","3796700","6763875300","1781.5143"
"20200916","01","11","    46680","JP3916100005","757.0000","759.0000","752.0000","758.0000","755.0000","758.0000","753.0000","754.0000","757.0000","759.0000","752.0000","754.0000"," ","0.0000","0.0000","68200","51524900","755.4971"
"20200916","01","11","    46710","JP3802650006","1519.0000","1555.0000","1510.0000","1539.0000","1539.0000","1546.0000","1519.0000","1540.0000","1519.0000","1555.0000","1510.0000","1540.0000"," ","0.0000","0.0000","48100","73816800","1534.6528"
"20200916","01","11","    46740","JP3271100004","1308.0000","1341.0000","1305.0000","1339.0000","1339.0000","1339.0000","1316.0000","1322.0000","1308.0000","1341.0000","1305.0000","1322.0000"," ","0.0000","0.0000","52400","69527500","1326.8607"
"20200916","01","11","    46760","JP3819400007","1071.0000","1072.0000","1066.0000","1070.0000","1073.0000","1073.0000","1063.0000","1063.0000","1071.0000","1073.0000","1063.0000","1063.0000"," ","0.0000","0.0000","376900","402103000","1066.8692"
"20200916","01","11","    46780","JP3359850009","459.0000","459.0000","457.0000","458.0000","458.0000","459.0000","457.0000","459.0000","459.0000","459.0000","457.0000","459.0000"," ","0.0000","0.0000","3300","1513400","458.6061"
"20200916","01","11","    46790","JP3472000003","575.0000","580.0000","575.0000","579.0000","579.0000","581.0000","579.0000","581.0000","575.0000","581.0000","575.0000","581.0000"," ","0.0000","0.0000","3100","1791700","577.9677"
"20200916","01","11","    46800","JP3966800009","849.0000","853.0000","845.0000","847.0000","846.0000","849.0000","837.0000","841.0000","849.0000","853.0000","837.0000","841.0000"," ","0.0000","0.0000","570300","482153800","845.4389"
"20200916","01","11","    46810","JP3974450003","1644.0000","1663.0000","1617.0000","1660.0000","1663.0000","1676.0000","1660.0000","1675.0000","1644.0000","1676.0000","1617.0000","1675.0000"," ","0.0000","0.0000","677200","1125001300","1661.2541"
"20200916","01","11","    46840","JP3173400007","18480.0000","18580.0000","18370.0000","18520.0000","18560.0000","18570.0000","18490.0000","18560.0000","18480.0000","18580.0000","18370.0000","18560.0000"," ","0.0000","0.0000","164000","3037520000","18521.4634"
"20200916","01","11","    46860","JP3388450003","6900.0000","7060.0000","6890.0000","7050.0000","7050.0000","7090.0000","7050.0000","7080.0000","6900.0000","7090.0000","6890.0000","7080.0000"," ","0.0000","0.0000","155200","1090994000","7029.6005"
"20200916","01","11","    46870","JP3539000004","970.0000","984.0000","960.0000","969.0000","969.0000","970.0000","960.0000","961.0000","970.0000","984.0000","960.0000","961.0000"," ","0.0000","0.0000","56700","55059800","971.0723"
"20200916","01","11","    46890","JP3933800009","660.0000","663.0000","658.0000","662.0000","662.0000","670.0000","661.0000","667.0000","660.0000","670.0000","658.0000","667.0000"," ","0.0000","0.0000","17042700","11309555900","663.6012"
"20200916","01","11","    46940","JP3799700004","2955.0000","2988.0000","2930.0000","2986.0000","2990.0000","2997.0000","2970.0000","2987.0000","2955.0000","2997.0000","2930.0000","2987.0000"," ","0.0000","0.0000","116800","347617300","2976.1755"
"20200916","01","11","    46960","JP3993850001","266.0000","266.0000","262.0000","266.0000","266.0000","267.0000","260.0000","262.0000","266.0000","267.0000","260.0000","262.0000"," ","0.0000","0.0000","32500","8548000","263.0154"
"20200916","01","11","    47040","JP3637300009","6260.0000","6350.0000","6250.0000","6310.0000","6310.0000","6330.0000","6300.0000","6320.0000","6260.0000","6350.0000","6250.0000","6320.0000"," ","0.0000","0.0000","677700","4274943000","6308.0168"
"20200916","01","11","    47080","JP3922200005","1287.0000","1292.0000","1270.0000","1286.0000","1290.0000","1290.0000","1271.0000","1281.0000","1287.0000","1292.0000","1270.0000","1281.0000"," ","0.0000","0.0000","189800","243241300","1281.5664"
"20200916","01","11","    47090","JP3153600006","1436.0000","1445.0000","1427.0000","1438.0000","1438.0000","1448.0000","1432.0000","1441.0000","1436.0000","1448.0000","1427.0000","1441.0000"," ","0.0000","0.0000","14100","20293800","1439.2766"
"20200916","01","11","    47140","JP3974300000","290.0000","298.0000","290.0000","297.0000","298.0000","300.0000","296.0000","298.0000","290.0000","300.0000","290.0000","298.0000"," ","0.0000","0.0000","414800","123048700","296.6459"
"20200916","01","11","    47160","JP3689500001","12280.0000","12350.0000","12250.0000","12310.0000","12340.0000","12370.0000","12300.0000","12370.0000","12280.0000","12370.0000","12250.0000","12370.0000"," ","0.0000","0.0000","70100","864381000","12330.6847"
"20200916","01","11","    47180","JP3993750003","1012.0000","1012.0000","987.0000","996.0000","999.0000","1005.0000","988.0000","1005.0000","1012.0000","1012.0000","987.0000","1005.0000"," ","0.0000","0.0000","43800","43792600","999.8311"
"20200916","01","11","    47190","JP3126330004","3890.0000","3905.0000","3805.0000","3875.0000","3865.0000","3990.0000","3810.0000","3985.0000","3890.0000","3990.0000","3805.0000","3985.0000"," ","0.0000","0.0000","19600","76504000","3903.2653"
"20200916","01","11","    47220","JP3826200002","1969.0000","1982.0000","1959.0000","1972.0000","1990.0000","1998.0000","1974.0000","1996.0000","1969.0000","1998.0000","1959.0000","1996.0000"," ","0.0000","0.0000","73500","145773500","1983.3129"
"20200916","01","11","    47250","JP3346300001","1372.0000","1405.0000","1371.0000","1400.0000","1400.0000","1407.0000","1394.0000","1407.0000","1372.0000","1407.0000","1371.0000","1407.0000"," ","0.0000","0.0000","88700","124020300","1398.1995"
"20200916","01","11","    47260","JP3436150001","3400.0000","3510.0000","3400.0000","3485.0000","3485.0000","3490.0000","3425.0000","3480.0000","3400.0000","3510.0000","3400.0000","3480.0000"," ","0.0000","0.0000","274800","951467000","3462.3981"
"20200916","01","11","    47280","JP3552450003","949.0000","959.0000","946.0000","954.0000","958.0000","959.0000","949.0000","956.0000","949.0000","959.0000","946.0000","956.0000"," ","0.0000","0.0000","14700","14011300","953.1497"
"20200916","01","11","    47320","JP3944130008","1908.0000","1910.0000","1875.0000","1893.0000","1896.0000","1897.0000","1885.0000","1885.0000","1908.0000","1910.0000","1875.0000","1885.0000"," ","0.0000","0.0000","469400","887045000","1889.7422"
"20200916","01","11","    47330","JP3173500004","5810.0000","5940.0000","5810.0000","5920.0000","5930.0000","5950.0000","5890.0000","5910.0000","5810.0000","5950.0000","5810.0000","5910.0000"," ","0.0000","0.0000","74100","437367000","5902.3887"
"20200916","01","11","    47390","JP3143900003","3820.0000","3845.0000","3810.0000","3835.0000","3835.0000","3875.0000","3830.0000","3875.0000","3820.0000","3875.0000","3810.0000","3875.0000"," ","0.0000","0.0000","582100","2236605000","3842.3037"
"20200916","01","11","    47430","JP3530000003","844.0000","870.0000","844.0000","865.0000","865.0000","865.0000","857.0000","865.0000","844.0000","870.0000","844.0000","865.0000"," ","0.0000","0.0000","220800","189813500","859.6626"
"20200916","01","11","    47450","JP3576500007","573.0000","578.0000","571.0000","575.0000","576.0000","576.0000","567.0000","570.0000","573.0000","578.0000","567.0000","570.0000"," ","0.0000","0.0000","68500","39219800","572.5518"
"20200916","01","11","    47460","JP3590850008","4595.0000","4615.0000","4455.0000","4615.0000","4625.0000","4645.0000","4580.0000","4635.0000","4595.0000","4645.0000","4455.0000","4635.0000"," ","0.0000","0.0000","19500","89846500","4607.5128"
"20200916","01","11","    47510","JP3311400000","5680.0000","5820.0000","5660.0000","5790.0000","5820.0000","5850.0000","5800.0000","5850.0000","5680.0000","5850.0000","5660.0000","5850.0000"," ","0.0000","0.0000","868300","5035805000","5799.6142"
"20200916","01","11","    47550","JP3967200001","1164.0000","1192.0000","1164.0000","1183.0000","1181.0000","1184.0000","1174.0000","1183.0000","1164.0000","1192.0000","1164.0000","1183.0000"," ","0.0000","0.0000","8980500","10599188000","1180.2448"
"20200916","01","11","    47620","JP3164430005","970.0000","974.0000","970.0000","971.0000","972.0000","972.0000","969.0000","969.0000","970.0000","974.0000","969.0000","969.0000"," ","0.0000","0.0000","3600","3495600","971.0000"
"20200916","01","11","    47630","JP3269700005","1307.0000","1315.0000","1287.0000","1288.0000","1288.0000","1293.0000","1284.0000","1288.0000","1307.0000","1315.0000","1284.0000","1288.0000"," ","0.0000","0.0000","120400","156192100","1297.2766"
"20200916","01","11","    47670","JP3538450002","340.0000","340.0000","330.0000","338.0000","338.0000","339.0000","334.0000","338.0000","340.0000","340.0000","330.0000","338.0000"," ","0.0000","0.0000","286100","96033200","335.6631"
"20200916","01","11","    47680","JP3188200004","5270.0000","5300.0000","5240.0000","5260.0000","5300.0000","5350.0000","5280.0000","5340.0000","5270.0000","5350.0000","5240.0000","5340.0000"," ","0.0000","0.0000","402500","2131312000","5295.1851"
"20200916","01","11","    47760","JP3312100005","3100.0000","3130.0000","3080.0000","3090.0000","3105.0000","3150.0000","3095.0000","3150.0000","3100.0000","3150.0000","3080.0000","3150.0000"," ","0.0000","0.0000","488400","1520827000","3113.8964"
"20200916","01","11","    47790","JP3436170009","869.0000","869.0000","868.0000","869.0000","868.0000","869.0000","868.0000","868.0000","869.0000","869.0000","868.0000","868.0000"," ","0.0000","0.0000","128600","111697800","868.5677"
"20200916","01","11","    47920","JP3588100002","1155.0000","1155.0000","1146.0000","1150.0000","1154.0000","1160.0000","1150.0000","1160.0000","1155.0000","1160.0000","1146.0000","1160.0000"," ","0.0000","0.0000","31400","36232900","1153.9140"
"20200916","01","11","    48010","JP3425600008","2528.0000","2550.0000","2495.0000","2544.0000","2550.0000","2565.0000","2535.0000","2554.0000","2528.0000","2565.0000","2495.0000","2554.0000"," ","0.0000","0.0000","23800","60494700","2541.7941"
"20200916","01","11","    48090","JP3781700004","1746.0000","1749.0000","1719.0000","1726.0000","1730.0000","1730.0000","1726.0000","1726.0000","1746.0000","1749.0000","1719.0000","1726.0000"," ","0.0000","0.0000","23800","41189800","1730.6639"
"20200916","01","11","    48120","JP3551530003","5680.0000","5780.0000","5680.0000","5740.0000","5740.0000","6030.0000","5730.0000","5950.0000","5680.0000","6030.0000","5680.0000","5950.0000"," ","0.0000","0.0000","133100","781163000","5868.9932"
"20200916","01","11","    48130","JP3108060009","921.0000","941.0000","921.0000","938.0000","936.0000","943.0000","934.0000","940.0000","921.0000","943.0000","921.0000","940.0000"," ","0.0000","0.0000","145700","136489200","936.7824"
"20200916","01","11","    48190","JP3549070005","3505.0000","3535.0000","3490.0000","3500.0000","3505.0000","3520.0000","3500.0000","3520.0000","3505.0000","3535.0000","3490.0000","3520.0000"," ","0.0000","0.0000","83800","294147500","3510.1134"
"20200916","01","11","    48200","JP3130200003","864.0000","879.0000","864.0000","876.0000","880.0000","888.0000","876.0000","883.0000","864.0000","888.0000","864.0000","883.0000"," ","0.0000","0.0000","87100","76688100","880.4604"
"20200916","01","11","    48250","JP3154500007","5390.0000","5730.0000","5350.0000","5720.0000","5740.0000","5860.0000","5710.0000","5810.0000","5390.0000","5860.0000","5350.0000","5810.0000"," ","0.0000","0.0000","186200","1060395000","5694.9248"
"20200916","01","11","    48260","JP3346170008","874.0000","881.0000","872.0000","878.0000","873.0000","884.0000","873.0000","881.0000","874.0000","884.0000","872.0000","881.0000"," ","0.0000","0.0000","32800","28838300","879.2165"
"20200916","01","11","    48280","JP3618800001","3280.0000","3300.0000","3265.0000","3280.0000","3305.0000","3305.0000","3255.0000","3285.0000","3280.0000","3305.0000","3255.0000","3285.0000"," ","0.0000","0.0000","4000","13135500","3283.8750"
"20200916","01","11","    48290","JP3689470007","299.0000","305.0000","299.0000","300.0000","300.0000","303.0000","298.0000","301.0000","299.0000","305.0000","298.0000","301.0000"," ","0.0000","0.0000","467900","141060300","301.4753"
"20200916","01","11","    48390","JP3990770004","2890.0000","2899.0000","2871.0000","2887.0000","2883.0000","2893.0000","2876.0000","2886.0000","2890.0000","2899.0000","2871.0000","2886.0000"," ","0.0000","0.0000","42700","123245800","2886.3185"
"20200916","01","11","    48450","JP3548520000","869.0000","870.0000","815.0000","824.0000","826.0000","832.0000","803.0000","805.0000","869.0000","870.0000","803.0000","805.0000"," ","0.0000","0.0000","2052300","1695011200","825.9081"
"20200916","01","11","    48470","JP3153100007","761.0000","781.0000","759.0000","774.0000","774.0000","787.0000","774.0000","784.0000","761.0000","787.0000","759.0000","784.0000"," ","0.0000","0.0000","108600","84465000","777.7624"
"20200916","01","11","    48480","JP3827800008","1687.0000","1700.0000","1666.0000","1693.0000","1693.0000","1695.0000","1676.0000","1685.0000","1687.0000","1700.0000","1666.0000","1685.0000"," ","0.0000","0.0000","132600","223839600","1688.0814"
"20200916","01","11","    48490","JP3168700007","3100.0000","3100.0000","3040.0000","3050.0000","3070.0000","3070.0000","3025.0000","3035.0000","3100.0000","3100.0000","3025.0000","3035.0000"," ","0.0000","0.0000","102100","311712000","3053.0069"
"20200916","01","11","    49010","JP3814000000","5030.0000","5030.0000","4993.0000","5015.0000","5015.0000","5016.0000","5005.0000","5014.0000","5030.0000","5030.0000","4993.0000","5014.0000"," ","0.0000","0.0000","1039700","5210026600","5011.0865"
"20200916","01","11","    49020","JP3300600008","324.0000","324.0000","317.0000","319.0000","319.0000","320.0000","316.0000","317.0000","324.0000","324.0000","316.0000","317.0000"," ","0.0000","0.0000","8040800","2563093900","318.7611"
"20200916","01","11","    49110","JP3351600006","6103.0000","6185.0000","6103.0000","6176.0000","6170.0000","6188.0000","6147.0000","6180.0000","6103.0000","6188.0000","6103.0000","6180.0000"," ","0.0000","0.0000","1556400","9585421000","6158.7131"
"20200916","01","11","    49120","JP3965400009","2209.0000","2222.0000","2202.0000","2219.0000","2213.0000","2219.0000","2209.0000","2219.0000","2209.0000","2222.0000","2202.0000","2219.0000"," ","0.0000","0.0000","796800","1763378900","2213.0759"
"20200916","01","11","    49140","JP3454400007","2160.0000","2177.0000","2129.0000","2146.0000","2153.0000","2153.0000","2120.0000","2132.0000","2160.0000","2177.0000","2120.0000","2132.0000"," ","0.0000","0.0000","38600","82657200","2141.3782"
"20200916","01","11","    49170","JP3879400004","1839.0000","1852.0000","1831.0000","1845.0000","1848.0000","1851.0000","1843.0000","1851.0000","1839.0000","1852.0000","1831.0000","1851.0000"," ","0.0000","0.0000","190700","351924200","1845.4337"
"20200916","01","11","    49190","JP3910650005","5680.0000","5730.0000","5640.0000","5730.0000","5740.0000","5750.0000","5720.0000","5730.0000","5680.0000","5750.0000","5640.0000","5730.0000"," ","0.0000","0.0000","46700","267095000","5719.3790"
"20200916","01","11","    49210","JP3802670004","3455.0000","3505.0000","3455.0000","3485.0000","3485.0000","3490.0000","3440.0000","3470.0000","3455.0000","3505.0000","3440.0000","3470.0000"," ","0.0000","0.0000","350500","1217757000","3474.3424"
"20200916","01","11","    49220","JP3283650004","12390.0000","12640.0000","12390.0000","12630.0000","12660.0000","12690.0000","12620.0000","12690.0000","12390.0000","12690.0000","12390.0000","12690.0000"," ","0.0000","0.0000","126700","1600057000","12628.7056"
"20200916","01","11","    49230","JP3298900006","1318.0000","1327.0000","1312.0000","1323.0000","1323.0000","1327.0000","1321.0000","1327.0000","1318.0000","1327.0000","1312.0000","1327.0000"," ","0.0000","0.0000","20600","27243000","1322.4757"
"20200916","01","11","    49260","JP3347130001","1980.0000","1980.0000","1930.0000","1943.0000","1965.0000","1969.0000","1961.0000","1966.0000","1980.0000","1980.0000","1930.0000","1966.0000"," ","0.0000","0.0000","5900","11596200","1965.4576"
"20200916","01","11","    49270","JP3855900001","2038.0000","2093.0000","2032.0000","2087.0000","2089.0000","2094.0000","2078.0000","2094.0000","2038.0000","2094.0000","2032.0000","2094.0000"," ","0.0000","0.0000","705600","1468986300","2081.8967"
"20200916","01","11","    49280","JP3760450001","5160.0000","5180.0000","5150.0000","5160.0000","5160.0000","5180.0000","5140.0000","5140.0000","5160.0000","5180.0000","5140.0000","5140.0000"," ","0.0000","0.0000","36500","188139000","5154.4932"
"20200916","01","11","    49290","JP3119620007","990.0000","994.0000","989.0000","994.0000","994.0000","995.0000","991.0000","995.0000","990.0000","995.0000","989.0000","995.0000"," ","0.0000","0.0000","5200","5162100","992.7115"
"20200916","01","11","    49510","JP3162800001","2146.0000","2166.0000","2131.0000","2138.0000","2134.0000","2152.0000","2122.0000","2135.0000","2146.0000","2166.0000","2122.0000","2135.0000"," ","0.0000","0.0000","30900","66178800","2141.7087"
"20200916","01","11","    49550","JP3108200001","1680.0000","1683.0000","1619.0000","1619.0000","1653.0000","1680.0000","1653.0000","1676.0000","1680.0000","1683.0000","1619.0000","1676.0000"," ","0.0000","0.0000","13400","22284900","1663.0522"
"20200916","01","11","    49560","JP3300800004","1493.0000","1501.0000","1477.0000","1499.0000","1505.0000","1517.0000","1498.0000","1512.0000","1493.0000","1517.0000","1477.0000","1512.0000"," ","0.0000","0.0000","43400","65273800","1504.0046"
"20200916","01","11","    49580","JP3768500005","2084.0000","2102.0000","2082.0000","2101.0000","2105.0000","2112.0000","2100.0000","2107.0000","2084.0000","2112.0000","2082.0000","2107.0000"," ","0.0000","0.0000","62800","131706100","2097.2309"
"20200916","01","11","    49630","JP3746900004","671.0000","677.0000","664.0000","674.0000","675.0000","675.0000","668.0000","669.0000","671.0000","677.0000","664.0000","669.0000"," ","0.0000","0.0000","32500","21795800","670.6400"
"20200916","01","11","    49670","JP3301100008","9850.0000","9910.0000","9820.0000","9870.0000","9860.0000","9890.0000","9790.0000","9840.0000","9850.0000","9910.0000","9790.0000","9840.0000"," ","0.0000","0.0000","100000","984629000","9846.2900"
"20200916","01","11","    49680","JP3125000004","1263.0000","1270.0000","1250.0000","1266.0000","1268.0000","1270.0000","1255.0000","1270.0000","1263.0000","1270.0000","1250.0000","1270.0000"," ","0.0000","0.0000","46200","58321300","1262.3658"
"20200916","01","11","    49710","JP3920890005","1853.0000","1878.0000","1843.0000","1878.0000","1878.0000","1878.0000","1851.0000","1865.0000","1853.0000","1878.0000","1843.0000","1865.0000"," ","0.0000","0.0000","64200","119541100","1862.0109"
"20200916","01","11","    49730","JP3706600008","2700.0000","2705.0000","2690.0000","2705.0000","2705.0000","2716.0000","2705.0000","2716.0000","2700.0000","2716.0000","2690.0000","2716.0000"," ","0.0000","0.0000","8200","22185200","2705.5122"
"20200916","01","11","    49740","JP3460200003","2833.0000","2870.0000","2833.0000","2867.0000","2864.0000","2873.0000","2855.0000","2864.0000","2833.0000","2873.0000","2833.0000","2864.0000"," ","0.0000","0.0000","379700","1085089400","2857.7545"
"20200916","01","11","    49750","JP3166200000","3370.0000","3430.0000","3370.0000","3430.0000","3430.0000","3450.0000","3385.0000","3415.0000","3370.0000","3450.0000","3370.0000","3415.0000"," ","0.0000","0.0000","60800","207865500","3418.8405"
"20200916","01","11","    49770","JP3679870000","698.0000","700.0000","698.0000","700.0000","699.0000","706.0000","699.0000","706.0000","698.0000","706.0000","698.0000","706.0000"," ","0.0000","0.0000","23600","16541200","700.8983"
"20200916","01","11","    49790","JP3174220008","1245.0000","1259.0000","1217.0000","1248.0000","1254.0000","1256.0000","1243.0000","1256.0000","1245.0000","1259.0000","1217.0000","1256.0000"," ","0.0000","0.0000","22000","27374000","1244.2727"
"20200916","01","11","    49800","JP3548770001","1131.0000","1145.0000","1127.0000","1142.0000","1143.0000","1143.0000","1135.0000","1136.0000","1131.0000","1145.0000","1127.0000","1136.0000"," ","0.0000","0.0000","277500","315934100","1138.5013"
"20200916","01","11","    49850","JP3100190002","7560.0000","7700.0000","7560.0000","7680.0000","7670.0000","7680.0000","7590.0000","7660.0000","7560.0000","7700.0000","7560.0000","7660.0000"," ","0.0000","0.0000","116200","888130000","7643.1153"
"20200916","01","11","    49920","JP3851000004","682.0000","691.0000","682.0000","688.0000","687.0000","697.0000","687.0000","697.0000","682.0000","697.0000","682.0000","697.0000"," ","0.0000","0.0000","37400","25750500","688.5160"
"20200916","01","11","    49940","JP3444900009","2770.0000","2807.0000","2764.0000","2807.0000","2817.0000","2817.0000","2797.0000","2810.0000","2770.0000","2817.0000","2764.0000","2810.0000"," ","0.0000","0.0000","8900","24868700","2794.2360"
"20200916","01","11","    49960","JP3267600009","1001.0000","1024.0000","1001.0000","1019.0000","1022.0000","1023.0000","1013.0000","1016.0000","1001.0000","1024.0000","1001.0000","1016.0000"," ","0.0000","0.0000","305000","309973100","1016.3052"
"20200916","01","11","    49970","JP3741800001","514.0000","515.0000","508.0000","511.0000","513.0000","518.0000","510.0000","518.0000","514.0000","518.0000","508.0000","518.0000"," ","0.0000","0.0000","126100","64824400","514.0714"
"20200916","01","11","    50090","JP3812800005","689.0000","689.0000","681.0000","685.0000","688.0000","689.0000","684.0000","689.0000","689.0000","689.0000","681.0000","689.0000"," ","0.0000","0.0000","48100","32999500","686.0603"
"20200916","01","11","    50110","JP3665600007","1707.0000","1723.0000","1702.0000","1717.0000","1717.0000","1717.0000","1697.0000","1703.0000","1707.0000","1723.0000","1697.0000","1703.0000"," ","0.0000","0.0000","60800","103755600","1706.5066"
"20200916","01","11","    50130","JP3948400001","1299.0000","1310.0000","1288.0000","1307.0000","1307.0000","1325.0000","1300.0000","1325.0000","1299.0000","1325.0000","1288.0000","1325.0000"," ","0.0000","0.0000","14800","19364700","1308.4257"
"20200916","01","11","    50150","JP3836500003","1215.0000","1215.0000","1208.0000","1208.0000","1214.0000","1219.0000","1212.0000","1219.0000","1215.0000","1219.0000","1208.0000","1219.0000"," ","0.0000","0.0000","4400","5348600","1215.5909"
"20200916","01","11","    50170","JP3160300004","193.0000","193.0000","190.0000","192.0000","191.0000","192.0000","190.0000","191.0000","193.0000","193.0000","190.0000","191.0000"," ","0.0000","0.0000","275600","52747600","191.3919"
"20200916","01","11","    50180","JP3868850003","973.0000","979.0000","966.0000","976.0000","979.0000","979.0000","970.0000","973.0000","973.0000","979.0000","966.0000","973.0000"," ","0.0000","0.0000","22600","22027200","974.6549"
"20200916","01","11","    50190","JP3142500002","2435.0000","2435.0000","2405.0000","2414.0000","2411.0000","2427.0000","2411.0000","2418.0000","2435.0000","2435.0000","2405.0000","2418.0000"," ","0.0000","0.0000","752400","1818982200","2417.5734"
"20200916","01","11","    50200","JP3386450005","406.3000","406.6000","403.8000","404.5000","404.1000","405.7000","404.0000","405.2000","406.3000","406.6000","403.8000","405.2000"," ","0.0000","0.0000","9524900","3855431620","404.7740"
"20200916","01","11","    50210","JP3298000005","1644.0000","1644.0000","1614.0000","1619.0000","1624.0000","1627.0000","1615.0000","1617.0000","1644.0000","1644.0000","1614.0000","1617.0000"," ","0.0000","0.0000","215700","349843700","1621.8994"
"20200916","01","11","    51010","JP3955800002","1671.0000","1672.0000","1640.0000","1653.0000","1652.0000","1652.0000","1627.0000","1627.0000","1671.0000","1672.0000","1627.0000","1627.0000"," ","0.0000","0.0000","492600","808093500","1640.4659"
"20200916","01","11","    51050","JP3610600003","1817.0000","1817.0000","1795.0000","1803.0000","1807.0000","1808.0000","1785.0000","1789.0000","1817.0000","1817.0000","1785.0000","1789.0000"," ","0.0000","0.0000","454400","816871700","1797.6930"
"20200916","01","11","    51080","JP3830800003","3468.0000","3482.0000","3431.0000","3444.0000","3449.0000","3465.0000","3434.0000","3438.0000","3468.0000","3482.0000","3431.0000","3438.0000"," ","0.0000","0.0000","1745700","6014144600","3445.1192"
"20200916","01","11","    51100","JP3404200002","1010.0000","1012.0000","994.0000","1001.0000","999.0000","1001.0000","982.0000","983.0000","1010.0000","1012.0000","982.0000","983.0000"," ","0.0000","0.0000","805700","798312900","990.8315"
"20200916","01","11","    51210","JP3811600000","359.0000","364.0000","359.0000","364.0000","364.0000","364.0000","360.0000","362.0000","359.0000","364.0000","359.0000","362.0000"," ","0.0000","0.0000","14600","5277200","361.4521"
"20200916","01","11","    51220","JP3192800005","4270.0000","4280.0000","4230.0000","4280.0000","4295.0000","4335.0000","4240.0000","4335.0000","4270.0000","4335.0000","4230.0000","4335.0000"," ","0.0000","0.0000","15400","66150000","4295.4545"
"20200916","01","11","    51420","JP3108000005","1804.0000","1825.0000","1791.0000","1819.0000","1821.0000","1827.0000","1816.0000","1822.0000","1804.0000","1827.0000","1791.0000","1822.0000"," ","0.0000","0.0000","39100","71130200","1819.1867"
"20200916","01","11","    51850","JP3807000009","650.0000","669.0000","650.0000","669.0000","669.0000","671.0000","666.0000","671.0000","650.0000","671.0000","650.0000","671.0000"," ","0.0000","0.0000","13700","9024300","658.7080"
"20200916","01","11","    51860","JP3679850002","2433.0000","2433.0000","2366.0000","2367.0000","2379.0000","2379.0000","2318.0000","2323.0000","2433.0000","2433.0000","2318.0000","2323.0000"," ","0.0000","0.0000","48300","113102400","2341.6646"
"20200916","01","11","    51870","JP3269800003","1017.0000","1020.0000","1015.0000","1020.0000","1024.0000","1024.0000","1015.0000","1020.0000","1017.0000","1024.0000","1015.0000","1020.0000"," ","0.0000","0.0000","7000","7136900","1019.5571"
"20200916","01","11","    51910","JP3564200008","595.0000","599.0000","583.0000","589.0000","591.0000","591.0000","576.0000","576.0000","595.0000","599.0000","576.0000","576.0000"," ","0.0000","0.0000","66000","38519100","583.6227"
"20200916","01","11","    51920","JP3904000001","1737.0000","1748.0000","1714.0000","1748.0000","1750.0000","1750.0000","1690.0000","1696.0000","1737.0000","1750.0000","1690.0000","1696.0000"," ","0.0000","0.0000","38300","65490200","1709.9269"
"20200916","01","11","    51950","JP3779000003","623.0000","623.0000","611.0000","615.0000","617.0000","617.0000","610.0000","616.0000","623.0000","623.0000","610.0000","616.0000"," ","0.0000","0.0000","83200","51165000","614.9639"
"20200916","01","11","    52010","JP3112000009","3175.0000","3175.0000","3115.0000","3120.0000","3130.0000","3130.0000","3100.0000","3110.0000","3175.0000","3175.0000","3100.0000","3110.0000"," ","0.0000","0.0000","545000","1699950500","3119.1752"
"20200916","01","11","    52020","JP3686800008","437.0000","442.0000","436.0000","438.0000","436.0000","438.0000","428.0000","429.0000","437.0000","442.0000","428.0000","429.0000"," ","0.0000","0.0000","764000","331287800","433.6228"
"20200916","01","11","    52040","JP3136000001","1930.0000","1937.0000","1919.0000","1933.0000","1934.0000","1962.0000","1931.0000","1962.0000","1930.0000","1962.0000","1919.0000","1962.0000"," ","0.0000","0.0000","6700","13001900","1940.5821"
"20200916","01","11","    52080","JP3126000003","994.0000","1002.0000","991.0000","1000.0000","1002.0000","1002.0000","976.0000","991.0000","994.0000","1002.0000","976.0000","991.0000"," ","0.0000","0.0000","125900","124990000","992.7720"
"20200916","01","11","    52100","JP3752800007","907.0000","910.0000","902.0000","904.0000","905.0000","910.0000","899.0000","910.0000","907.0000","910.0000","899.0000","910.0000"," ","0.0000","0.0000","17100","15489100","905.7953"
"20200916","01","11","    52140","JP3733400000","2114.0000","2120.0000","2097.0000","2114.0000","2108.0000","2111.0000","2095.0000","2098.0000","2114.0000","2120.0000","2095.0000","2098.0000"," ","0.0000","0.0000","434000","913500200","2104.8392"
"20200916","01","11","    52180","JP3197630001","1255.0000","1314.0000","1250.0000","1293.0000","1293.0000","1303.0000","1278.0000","1297.0000","1255.0000","1314.0000","1250.0000","1297.0000"," ","0.0000","0.0000","138700","178535100","1287.2033"
"20200916","01","11","    52320","JP3400900001","3570.0000","3585.0000","3535.0000","3580.0000","3585.0000","3585.0000","3545.0000","3565.0000","3570.0000","3585.0000","3535.0000","3565.0000"," ","0.0000","0.0000","133800","476997000","3565.0000"
"20200916","01","11","    52330","JP3449020001","2879.0000","2891.0000","2848.0000","2875.0000","2877.0000","2877.0000","2841.0000","2841.0000","2879.0000","2891.0000","2841.0000","2841.0000"," ","0.0000","0.0000","548800","1569736500","2860.3070"
"20200916","01","11","    52610","JP3884600002","3585.0000","3585.0000","3560.0000","3585.0000","3590.0000","3600.0000","3575.0000","3600.0000","3585.0000","3600.0000","3560.0000","3600.0000"," ","0.0000","0.0000","3500","12557500","3587.8571"
"20200916","01","11","    52620","JP3745800007","814.0000","817.0000","805.0000","813.0000","811.0000","818.0000","805.0000","818.0000","814.0000","818.0000","805.0000","818.0000"," ","0.0000","0.0000","58000","47127800","812.5483"
"20200916","01","11","    52690","JP3708400001","298.0000","303.0000","296.0000","302.0000","302.0000","304.0000","299.0000","304.0000","298.0000","304.0000","296.0000","304.0000"," ","0.0000","0.0000","172100","51841500","301.2289"
"20200916","01","11","    52730","JP3887600009","5820.0000","6000.0000","5800.0000","5960.0000","5960.0000","6100.0000","5940.0000","6070.0000","5820.0000","6100.0000","5800.0000","6070.0000"," ","0.0000","0.0000","21000","126107000","6005.0952"
"20200916","01","11","    52880","JP3389640008","484.0000","485.0000","482.0000","485.0000","485.0000","485.0000","482.0000","485.0000","484.0000","485.0000","482.0000","485.0000"," ","0.0000","0.0000","55800","26998000","483.8351"
"20200916","01","11","    53010","JP3560800009","1107.0000","1117.0000","1101.0000","1114.0000","1116.0000","1118.0000","1113.0000","1114.0000","1107.0000","1118.0000","1101.0000","1114.0000"," ","0.0000","0.0000","1544800","1719584600","1113.1438"
"20200916","01","11","    53020","JP3690400001","3900.0000","3930.0000","3860.0000","3905.0000","3900.0000","3915.0000","3880.0000","3905.0000","3900.0000","3930.0000","3860.0000","3905.0000"," ","0.0000","0.0000","90900","354730000","3902.4202"
"20200916","01","11","    53100","JP3616000000","1738.0000","1752.0000","1729.0000","1752.0000","1760.0000","1760.0000","1743.0000","1753.0000","1738.0000","1760.0000","1729.0000","1753.0000"," ","0.0000","0.0000","22300","38993300","1748.5785"
"20200916","01","11","    53310","JP3763000001","3535.0000","3635.0000","3535.0000","3610.0000","3620.0000","3645.0000","3530.0000","3550.0000","3535.0000","3645.0000","3530.0000","3550.0000"," ","0.0000","0.0000","22200","79410000","3577.0270"
"20200916","01","11","    53320","JP3596200000","4835.0000","4855.0000","4820.0000","4830.0000","4825.0000","4830.0000","4795.0000","4820.0000","4835.0000","4855.0000","4795.0000","4820.0000"," ","0.0000","0.0000","281500","1356890000","4820.2131"
"20200916","01","11","    53330","JP3695200000","1548.0000","1555.0000","1536.0000","1542.0000","1543.0000","1544.0000","1532.0000","1533.0000","1548.0000","1555.0000","1532.0000","1533.0000"," ","0.0000","0.0000","692300","1065786700","1539.4868"
"20200916","01","11","    53340","JP3738600000","1941.0000","1951.0000","1925.0000","1943.0000","1940.0000","1942.0000","1932.0000","1932.0000","1941.0000","1951.0000","1925.0000","1932.0000"," ","0.0000","0.0000","685800","1329073800","1937.9904"
"20200916","01","11","    53370","JP3506600000","350.0000","356.0000","344.0000","346.0000","347.0000","350.0000","345.0000","346.0000","350.0000","356.0000","344.0000","346.0000"," ","0.0000","0.0000","787700","274406700","348.3645"
"20200916","01","11","    53440","JP3879250003","9340.0000","9350.0000","9280.0000","9320.0000","9320.0000","9380.0000","9290.0000","9380.0000","9340.0000","9380.0000","9280.0000","9380.0000"," ","0.0000","0.0000","37800","352803000","9333.4127"
"20200916","01","11","    53510","JP3353200003","2424.0000","2437.0000","2407.0000","2432.0000","2432.0000","2432.0000","2409.0000","2425.0000","2424.0000","2437.0000","2407.0000","2425.0000"," ","0.0000","0.0000","16900","40944400","2422.7456"
"20200916","01","11","    53520","JP3272400007","3120.0000","3125.0000","3035.0000","3085.0000","3100.0000","3100.0000","3055.0000","3080.0000","3120.0000","3125.0000","3035.0000","3080.0000"," ","0.0000","0.0000","30100","92559500","3075.0664"
"20200916","01","11","    53570","JP3953600008","709.0000","720.0000","705.0000","711.0000","713.0000","719.0000","707.0000","719.0000","709.0000","720.0000","705.0000","719.0000"," ","0.0000","0.0000","37500","26776300","714.0347"
"20200916","01","11","    53580","JP3140800008","451.0000","469.0000","450.0000","466.0000","465.0000","466.0000","462.0000","466.0000","451.0000","469.0000","450.0000","466.0000"," ","0.0000","0.0000","40500","18636000","460.1481"
"20200916","01","11","    53630","JP3589400005","337.0000","340.0000","336.0000","340.0000","340.0000","340.0000","338.0000","340.0000","337.0000","340.0000","336.0000","340.0000"," ","0.0000","0.0000","46700","15832000","339.0150"
"20200916","01","11","    53670","JP3667000008","699.0000","701.0000","689.0000","701.0000","701.0000","708.0000","700.0000","707.0000","699.0000","708.0000","689.0000","707.0000"," ","0.0000","0.0000","17400","12218100","702.1897"
"20200916","01","11","    53840","JP3820900003","3600.0000","3675.0000","3585.0000","3670.0000","3675.0000","3715.0000","3665.0000","3715.0000","3600.0000","3715.0000","3585.0000","3715.0000"," ","0.0000","0.0000","98800","362639000","3670.4352"
"20200916","01","11","    53880","JP3266200009","1069.0000","1085.0000","1055.0000","1078.0000","1076.0000","1080.0000","1057.0000","1077.0000","1069.0000","1085.0000","1055.0000","1077.0000"," ","0.0000","0.0000","29000","31078700","1071.6793"
"20200916","01","11","    53910","JP3119800005","1104.0000","1109.0000","1104.0000","1109.0000","1109.0000","1111.0000","1105.0000","1106.0000","1104.0000","1111.0000","1104.0000","1106.0000"," ","0.0000","0.0000","5000","5543800","1108.7600"
"20200916","01","11","    53930","JP3660400007","2546.0000","2558.0000","2535.0000","2556.0000","2565.0000","2573.0000","2549.0000","2571.0000","2546.0000","2573.0000","2535.0000","2571.0000"," ","0.0000","0.0000","98300","251898200","2562.5453"
"20200916","01","11","    54010","JP3381000003","1122.0000","1125.0000","1098.5000","1107.5000","1107.5000","1114.0000","1099.0000","1107.5000","1122.0000","1125.0000","1098.5000","1107.5000"," ","0.0000","0.0000","4811200","5331398750","1108.1225"
"20200916","01","11","    54060","JP3289800009","436.0000","436.0000","422.0000","425.0000","425.0000","426.0000","423.0000","424.0000","436.0000","436.0000","422.0000","424.0000"," ","0.0000","0.0000","3239900","1381205200","426.3111"
"20200916","01","11","    54080","JP3646400006","356.0000","360.0000","354.0000","359.0000","359.0000","364.0000","359.0000","364.0000","356.0000","364.0000","354.0000","364.0000"," ","0.0000","0.0000","61800","22176100","358.8366"
"20200916","01","11","    54100","JP3307800007","2176.0000","2176.0000","2149.0000","2163.0000","2164.0000","2164.0000","2141.0000","2149.0000","2176.0000","2176.0000","2141.0000","2149.0000"," ","0.0000","0.0000","40800","87870500","2153.6887"
"20200916","01","11","    54110","JP3386030005","831.0000","832.0000","820.0000","828.0000","830.0000","836.0000","827.0000","829.0000","831.0000","836.0000","820.0000","829.0000"," ","0.0000","0.0000","2602400","2156106900","828.5071"
"20200916","01","11","    54230","JP3579800008","750.0000","750.0000","734.0000","740.0000","742.0000","742.0000","733.0000","736.0000","750.0000","750.0000","733.0000","736.0000"," ","0.0000","0.0000","614400","453422700","737.9927"
"20200916","01","11","    54400","JP3247400009","1422.0000","1425.0000","1393.0000","1409.0000","1412.0000","1417.0000","1401.0000","1412.0000","1422.0000","1425.0000","1393.0000","1412.0000"," ","0.0000","0.0000","99500","140167200","1408.7156"
"20200916","01","11","    54440","JP3940400009","2671.0000","2678.0000","2649.0000","2663.0000","2667.0000","2672.0000","2638.0000","2638.0000","2671.0000","2678.0000","2638.0000","2638.0000"," ","0.0000","0.0000","111600","296311800","2655.1237"
"20200916","01","11","    54450","JP3584600005","1640.0000","1693.0000","1640.0000","1678.0000","1674.0000","1684.0000","1670.0000","1680.0000","1640.0000","1693.0000","1640.0000","1680.0000"," ","0.0000","0.0000","42900","71940400","1676.9324"
"20200916","01","11","    54490","JP3184600009","1079.0000","1084.0000","1071.0000","1084.0000","1084.0000","1093.0000","1078.0000","1091.0000","1079.0000","1093.0000","1071.0000","1091.0000"," ","0.0000","0.0000","10500","11401700","1085.8762"
"20200916","01","11","    54510","JP3959400007","1870.0000","1896.0000","1857.0000","1890.0000","1896.0000","1899.0000","1874.0000","1886.0000","1870.0000","1899.0000","1857.0000","1886.0000"," ","0.0000","0.0000","59200","111686100","1886.5895"
"20200916","01","11","    54630","JP3871200006","2813.0000","2863.0000","2803.0000","2851.0000","2857.0000","2857.0000","2834.0000","2834.0000","2813.0000","2863.0000","2803.0000","2834.0000"," ","0.0000","0.0000","275400","782322300","2840.6765"
"20200916","01","11","    54640","JP3924000007","2425.0000","2499.0000","2411.0000","2452.0000","2489.0000","2576.0000","2458.0000","2522.0000","2425.0000","2576.0000","2411.0000","2522.0000"," ","0.0000","0.0000","15300","38143500","2493.0392"
"20200916","01","11","    54710","JP3491000000","3400.0000","3400.0000","3360.0000","3375.0000","3395.0000","3395.0000","3350.0000","3350.0000","3400.0000","3400.0000","3350.0000","3350.0000"," ","0.0000","0.0000","82800","278926500","3368.6775"
"20200916","01","11","    54760","JP3706400003","353.0000","353.0000","349.0000","351.0000","347.0000","349.0000","346.0000","347.0000","353.0000","353.0000","346.0000","347.0000"," ","0.0000","0.0000","8300","2892000","348.4337"
"20200916","01","11","    54800","JP3752600001","1638.0000","1662.0000","1620.0000","1662.0000","1661.0000","1662.0000","1644.0000","1659.0000","1638.0000","1662.0000","1620.0000","1659.0000"," ","0.0000","0.0000","78300","128965600","1647.0702"
"20200916","01","11","    54810","JP3342000001","1000.0000","1013.0000","989.0000","1001.0000","996.0000","1000.0000","987.0000","994.0000","1000.0000","1013.0000","987.0000","994.0000"," ","0.0000","0.0000","76600","76250900","995.4426"
"20200916","01","11","    54820","JP3103600007","2646.0000","2646.0000","2595.0000","2605.0000","2601.0000","2605.0000","2581.0000","2597.0000","2646.0000","2646.0000","2581.0000","2597.0000"," ","0.0000","0.0000","40900","106389900","2601.2200"
"20200916","01","11","    54860","JP3786200000","1703.0000","1703.0000","1683.0000","1696.0000","1694.0000","1698.0000","1681.0000","1689.0000","1703.0000","1703.0000","1681.0000","1689.0000"," ","0.0000","0.0000","623900","1056863600","1693.9631"
"20200916","01","11","    54910","JP3698000001","623.0000","623.0000","616.0000","620.0000","624.0000","624.0000","618.0000","620.0000","623.0000","624.0000","616.0000","620.0000"," ","0.0000","0.0000","26700","16541100","619.5169"
"20200916","01","11","    55410","JP3448000004","1786.0000","1798.0000","1777.0000","1787.0000","1783.0000","1785.0000","1752.0000","1764.0000","1786.0000","1798.0000","1752.0000","1764.0000"," ","0.0000","0.0000","248700","441534400","1775.3695"
"20200916","01","11","    55630","JP3734600004","209.0000","210.0000","206.0000","209.0000","208.0000","213.0000","208.0000","212.0000","209.0000","213.0000","206.0000","212.0000"," ","0.0000","0.0000","912300","190850900","209.1975"
"20200916","01","11","    56020","JP3270800000","2016.0000","2019.0000","1963.0000","1994.0000","1991.0000","1991.0000","1970.0000","1970.0000","2016.0000","2019.0000","1963.0000","1970.0000"," ","0.0000","0.0000","24000","47675000","1986.4583"
"20200916","01","11","    56030","JP3286400001","1342.0000","1385.0000","1342.0000","1376.0000","1390.0000","1390.0000","1374.0000","1389.0000","1342.0000","1390.0000","1342.0000","1389.0000"," ","0.0000","0.0000","8100","11138200","1375.0864"
"20200916","01","11","    56120","JP3728600002","1208.0000","1225.0000","1200.0000","1220.0000","1220.0000","1225.0000","1211.0000","1211.0000","1208.0000","1225.0000","1200.0000","1211.0000"," ","0.0000","0.0000","13000","15784000","1214.1538"
"20200916","01","11","    56310","JP3721400004","1572.0000","1582.0000","1555.0000","1576.0000","1580.0000","1580.0000","1562.0000","1570.0000","1572.0000","1582.0000","1555.0000","1570.0000"," ","0.0000","0.0000","256000","401990400","1570.2750"
"20200916","01","11","    56320","JP3900800008","580.0000","582.0000","570.0000","578.0000","573.0000","578.0000","572.0000","576.0000","580.0000","582.0000","570.0000","576.0000"," ","0.0000","0.0000","48200","27736300","575.4419"
"20200916","01","11","    56580","JP3660000005","285.0000","290.0000","284.0000","290.0000","290.0000","301.0000","288.0000","301.0000","285.0000","301.0000","284.0000","301.0000"," ","0.0000","0.0000","49000","14321000","292.2653"
"20200916","01","11","    56590","JP3721800005","3390.0000","3435.0000","3390.0000","3415.0000","3395.0000","3435.0000","3380.0000","3390.0000","3390.0000","3435.0000","3380.0000","3390.0000"," ","0.0000","0.0000","6000","20421000","3403.5000"
"20200916","01","11","    56980","JP3169750001","566.0000","584.0000","566.0000","581.0000","583.0000","584.0000","570.0000","572.0000","566.0000","584.0000","566.0000","572.0000"," ","0.0000","0.0000","16700","9631700","576.7485"
"20200916","01","11","    57020","JP3480600000","557.0000","561.0000","553.0000","561.0000","563.0000","563.0000","554.0000","561.0000","557.0000","563.0000","553.0000","561.0000"," ","0.0000","0.0000","54400","30390500","558.6489"
"20200916","01","11","    57030","JP3700200003","189.0000","190.0000","186.0000","187.0000","186.0000","187.0000","183.0000","183.0000","189.0000","190.0000","183.0000","183.0000"," ","0.0000","0.0000","1183500","218698200","184.7894"
"20200916","01","11","    57060","JP3888400003","2728.0000","2752.0000","2720.0000","2743.0000","2748.0000","2748.0000","2722.0000","2733.0000","2728.0000","2752.0000","2720.0000","2733.0000"," ","0.0000","0.0000","284000","776784200","2735.1556"
"20200916","01","11","    57070","JP3599000001","2081.0000","2088.0000","2057.0000","2065.0000","2070.0000","2083.0000","2061.0000","2070.0000","2081.0000","2088.0000","2057.0000","2070.0000"," ","0.0000","0.0000","138300","286451800","2071.2350"
"20200916","01","11","    57110","JP3903000002","2292.0000","2297.0000","2270.0000","2295.0000","2300.0000","2300.0000","2253.0000","2256.0000","2292.0000","2300.0000","2253.0000","2256.0000"," ","0.0000","0.0000","510400","1159069800","2270.9048"
"20200916","01","11","    57130","JP3402600005","3569.0000","3569.0000","3519.0000","3530.0000","3524.0000","3540.0000","3518.0000","3528.0000","3569.0000","3569.0000","3518.0000","3528.0000"," ","0.0000","0.0000","939800","3321205500","3533.9492"
"20200916","01","11","    57140","JP3638600001","3330.0000","3335.0000","3305.0000","3335.0000","3325.0000","3330.0000","3315.0000","3325.0000","3330.0000","3335.0000","3305.0000","3325.0000"," ","0.0000","0.0000","135600","450317000","3320.9218"
"20200916","01","11","    57150","JP3826800009","1125.0000","1139.0000","1115.0000","1139.0000","1143.0000","1145.0000","1137.0000","1145.0000","1125.0000","1145.0000","1115.0000","1145.0000"," ","0.0000","0.0000","79500","90358600","1136.5862"
"20200916","01","11","    57210","JP3359200007","46.0000","47.0000","46.0000","47.0000","47.0000","48.0000","47.0000","48.0000","46.0000","48.0000","46.0000","48.0000"," ","0.0000","0.0000","266100","12397900","46.5911"
"20200916","01","11","    57260","JP3407200009","904.0000","913.0000","892.0000","911.0000","911.0000","915.0000","897.0000","904.0000","904.0000","915.0000","892.0000","904.0000"," ","0.0000","0.0000","344300","310844800","902.8313"
"20200916","01","11","    57270","JP3601800000","710.0000","714.0000","707.0000","712.0000","713.0000","713.0000","702.0000","702.0000","710.0000","714.0000","702.0000","702.0000"," ","0.0000","0.0000","110400","78059300","707.0589"
"20200916","01","11","    57410","JP3826900007","1998.0000","1998.0000","1940.0000","1959.0000","1967.0000","1967.0000","1936.0000","1943.0000","1998.0000","1998.0000","1936.0000","1943.0000"," ","0.0000","0.0000","115500","225419400","1951.6831"
"20200916","01","11","    57570","JP3325100000","3370.0000","3460.0000","3370.0000","3445.0000","3445.0000","3480.0000","3435.0000","3470.0000","3370.0000","3480.0000","3370.0000","3470.0000"," ","0.0000","0.0000","14800","50761500","3429.8311"
"20200916","01","11","    58010","JP3827200001","2573.0000","2605.0000","2551.0000","2596.0000","2596.0000","2603.0000","2577.0000","2597.0000","2573.0000","2605.0000","2551.0000","2597.0000"," ","0.0000","0.0000","485400","1255787100","2587.1180"
"20200916","01","11","    58020","JP3407400005","1298.5000","1305.5000","1287.0000","1300.5000","1303.5000","1303.5000","1293.5000","1295.0000","1298.5000","1305.5000","1287.0000","1295.0000"," ","0.0000","0.0000","1711500","2219611800","1296.8810"
"20200916","01","11","    58030","JP3811000003","314.0000","315.0000","309.0000","314.0000","312.0000","314.0000","311.0000","312.0000","314.0000","315.0000","309.0000","312.0000"," ","0.0000","0.0000","2283200","713286300","312.4064"
"20200916","01","11","    58050","JP3368400002","1139.0000","1154.0000","1132.0000","1154.0000","1151.0000","1156.0000","1140.0000","1144.0000","1139.0000","1156.0000","1132.0000","1144.0000"," ","0.0000","0.0000","149300","170934600","1144.9069"
"20200916","01","11","    58070","JP3586200002","2385.0000","2393.0000","2383.0000","2390.0000","2391.0000","2391.0000","2381.0000","2381.0000","2385.0000","2393.0000","2381.0000","2381.0000"," ","0.0000","0.0000","2700","6441100","2385.5926"
"20200916","01","11","    58090","JP3467400002","640.0000","650.0000","635.0000","649.0000","648.0000","649.0000","645.0000","649.0000","640.0000","650.0000","635.0000","649.0000"," ","0.0000","0.0000","116500","75348600","646.7691"
"20200916","01","11","    58190","JP3215300009","1738.0000","1747.0000","1731.0000","1740.0000","1749.0000","1749.0000","1734.0000","1745.0000","1738.0000","1749.0000","1731.0000","1745.0000"," ","0.0000","0.0000","3100","5395700","1740.5484"
"20200916","01","11","    58210","JP3795080005","1034.0000","1034.0000","1012.0000","1022.0000","1019.0000","1019.0000","1008.0000","1019.0000","1034.0000","1034.0000","1008.0000","1019.0000"," ","0.0000","0.0000","26000","26570600","1021.9462"
"20200916","01","11","    58510","JP3975800008","1286.0000","1309.0000","1253.0000","1268.0000","1278.0000","1278.0000","1252.0000","1252.0000","1286.0000","1309.0000","1252.0000","1252.0000"," ","0.0000","0.0000","125000","157828000","1262.6240"
"20200916","01","11","    58520","JP3100600000","358.0000","358.0000","350.0000","355.0000","355.0000","355.0000","348.0000","351.0000","358.0000","358.0000","348.0000","351.0000"," ","0.0000","0.0000","49200","17328500","352.2053"
"20200916","01","11","    58570","JP3116700000","3600.0000","3680.0000","3580.0000","3660.0000","3670.0000","3695.0000","3665.0000","3695.0000","3600.0000","3695.0000","3580.0000","3695.0000"," ","0.0000","0.0000","184900","678308500","3668.5154"
"20200916","01","11","    59010","JP3613400005","1150.0000","1150.0000","1139.0000","1141.0000","1142.0000","1143.0000","1130.0000","1130.0000","1150.0000","1150.0000","1130.0000","1130.0000"," ","0.0000","0.0000","695900","792435000","1138.7196"
"20200916","01","11","    59020","JP3846600009","1587.0000","1612.0000","1570.0000","1601.0000","1597.0000","1598.0000","1557.0000","1567.0000","1587.0000","1612.0000","1557.0000","1567.0000"," ","0.0000","0.0000","29500","46764800","1585.2475"
"20200916","01","11","    59090","JP3305950002","1022.0000","1022.0000","1014.0000","1014.0000","1014.0000","1015.0000","1012.0000","1012.0000","1022.0000","1022.0000","1012.0000","1012.0000"," ","0.0000","0.0000","7400","7502700","1013.8784"
"20200916","01","11","    59110","JP3955200005","1946.0000","1957.0000","1936.0000","1945.0000","1945.0000","1945.0000","1935.0000","1935.0000","1946.0000","1957.0000","1935.0000","1935.0000"," ","0.0000","0.0000","120300","233644800","1942.1845"
"20200916","01","11","    59120","JP3697600009","241.0000","243.0000","240.0000","243.0000","243.0000","243.0000","241.0000","243.0000","241.0000","243.0000","240.0000","243.0000"," ","0.0000","0.0000","331000","80117600","242.0471"
"20200916","01","11","    59150","JP3302600006","1567.0000","1589.0000","1566.0000","1588.0000","1596.0000","1618.0000","1596.0000","1610.0000","1567.0000","1618.0000","1566.0000","1610.0000"," ","0.0000","0.0000","7300","11647700","1595.5753"
"20200916","01","11","    59230","JP3457200008","2497.0000","2497.0000","2483.0000","2494.0000","2497.0000","2500.0000","2493.0000","2500.0000","2497.0000","2500.0000","2483.0000","2500.0000"," ","0.0000","0.0000","1200","2994100","2495.0833"
"20200916","01","11","    59290","JP3344400001","1169.0000","1169.0000","1152.0000","1156.0000","1156.0000","1159.0000","1142.0000","1144.0000","1169.0000","1169.0000","1142.0000","1144.0000"," ","0.0000","0.0000","1002400","1155935800","1153.1682"
"20200916","01","11","    59300","JP3831600006","820.0000","829.0000","815.0000","826.0000","825.0000","829.0000","822.0000","824.0000","820.0000","829.0000","815.0000","824.0000"," ","0.0000","0.0000","164400","135487000","824.1302"
"20200916","01","11","    59320","JP3326800004","1067.0000","1094.0000","1055.0000","1083.0000","1088.0000","1088.0000","1074.0000","1080.0000","1067.0000","1094.0000","1055.0000","1080.0000"," ","0.0000","0.0000","62200","67189400","1080.2154"
"20200916","01","11","    59330","JP3126100001","969.0000","986.0000","969.0000","979.0000","978.0000","984.0000","977.0000","981.0000","969.0000","986.0000","969.0000","981.0000"," ","0.0000","0.0000","123400","120132900","973.5243"
"20200916","01","11","    59360","JP3611400007","762.0000","774.0000","762.0000","770.0000","774.0000","778.0000","774.0000","778.0000","762.0000","778.0000","762.0000","778.0000"," ","0.0000","0.0000","5100","3948800","774.2745"
"20200916","01","11","    59380","JP3626800001","2060.0000","2079.0000","2048.0000","2061.0000","2062.0000","2080.0000","2059.0000","2068.0000","2060.0000","2080.0000","2048.0000","2068.0000"," ","0.0000","0.0000","1200500","2482146700","2067.5941"
"20200916","01","11","    59420","JP3748600008","569.0000","569.0000","561.0000","569.0000","570.0000","575.0000","566.0000","575.0000","569.0000","575.0000","561.0000","575.0000"," ","0.0000","0.0000","16500","9395000","569.3939"
"20200916","01","11","    59430","JP3759400009","1449.0000","1469.0000","1445.0000","1467.0000","1473.0000","1481.0000","1465.0000","1473.0000","1449.0000","1481.0000","1445.0000","1473.0000"," ","0.0000","0.0000","64500","94619500","1466.9690"
"20200916","01","11","    59460","JP3527800001","2121.0000","2182.0000","2115.0000","2177.0000","2181.0000","2196.0000","2168.0000","2196.0000","2121.0000","2196.0000","2115.0000","2196.0000"," ","0.0000","0.0000","33800","73522100","2175.2101"
"20200916","01","11","    59470","JP3977400005","9920.0000","9960.0000","9860.0000","9880.0000","9920.0000","9920.0000","9830.0000","9850.0000","9920.0000","9960.0000","9830.0000","9850.0000"," ","0.0000","0.0000","111000","1095527000","9869.6126"
"20200916","01","11","    59490","JP3952550006","930.0000","930.0000","916.0000","922.0000","918.0000","919.0000","910.0000","914.0000","930.0000","930.0000","910.0000","914.0000"," ","0.0000","0.0000","128300","117647800","916.9743"
"20200916","01","11","    59510","JP3492000009","734.0000","734.0000","727.0000","729.0000","730.0000","733.0000","728.0000","733.0000","734.0000","734.0000","727.0000","733.0000"," ","0.0000","0.0000","13800","10087700","730.9928"
"20200916","01","11","    59570","JP3682800002","462.0000","472.0000","459.0000","472.0000","474.0000","480.0000","472.0000","480.0000","462.0000","480.0000","459.0000","480.0000"," ","0.0000","0.0000","33400","15694300","469.8892"
"20200916","01","11","    59580","JP3338000007","1946.0000","1946.0000","1946.0000","1946.0000","1946.0000","1946.0000","1929.0000","1944.0000","1946.0000","1946.0000","1929.0000","1944.0000"," ","0.0000","0.0000","2200","4273300","1942.4091"
"20200916","01","11","    59590","JP3192000002","798.0000","801.0000","794.0000","801.0000","807.0000","807.0000","793.0000","796.0000","798.0000","807.0000","793.0000","796.0000"," ","0.0000","0.0000","42200","33651100","797.4194"
"20200916","01","11","    59700","JP3236750000","1259.0000","1260.0000","1236.0000","1260.0000","1268.0000","1268.0000","1249.0000","1250.0000","1259.0000","1268.0000","1236.0000","1250.0000"," ","0.0000","0.0000","49400","61851700","1252.0587"
"20200916","01","11","    59750","JP3598200008","1232.0000","1239.0000","1194.0000","1209.0000","1210.0000","1216.0000","1206.0000","1214.0000","1232.0000","1239.0000","1194.0000","1214.0000"," ","0.0000","0.0000","156300","188897200","1208.5553"
"20200916","01","11","    59760","JP3288200003","530.0000","542.0000","528.0000","542.0000","543.0000","547.0000","539.0000","547.0000","530.0000","547.0000","528.0000","547.0000"," ","0.0000","0.0000","76800","41523900","540.6758"
"20200916","01","11","    59810","JP3579400007","548.0000","550.0000","539.0000","548.0000","548.0000","549.0000","535.0000","536.0000","548.0000","550.0000","535.0000","536.0000"," ","0.0000","0.0000","60400","32773800","542.6126"
"20200916","01","11","    59850","JP3330600002","428.0000","433.0000","427.0000","432.0000","433.0000","437.0000","432.0000","437.0000","428.0000","437.0000","427.0000","437.0000"," ","0.0000","0.0000","13900","6023000","433.3094"
"20200916","01","11","    59860","JP3925800009","310.0000","310.0000","306.0000","309.0000","309.0000","309.0000","304.0000","309.0000","310.0000","310.0000","304.0000","309.0000"," ","0.0000","0.0000","19400","5968100","307.6340"
"20200916","01","11","    59880","JP3780400002","1603.0000","1616.0000","1590.0000","1610.0000","1610.0000","1614.0000","1601.0000","1608.0000","1603.0000","1616.0000","1590.0000","1608.0000"," ","0.0000","0.0000","45600","73251600","1606.3947"
"20200916","01","11","    59890","JP3795200009","584.0000","584.0000","572.0000","579.0000","579.0000","580.0000","572.0000","575.0000","584.0000","584.0000","572.0000","575.0000"," ","0.0000","0.0000","23700","13640700","575.5570"
"20200916","01","11","    59910","JP3742600004","719.0000","720.0000","710.0000","719.0000","720.0000","722.0000","717.0000","717.0000","719.0000","722.0000","710.0000","717.0000"," ","0.0000","0.0000","266700","191334900","717.4162"
"20200916","01","11","    59920","JP3517800003","2838.0000","2838.0000","2830.0000","2830.0000","2830.0000","2846.0000","2823.0000","2846.0000","2838.0000","2846.0000","2823.0000","2846.0000"," ","0.0000","0.0000","1700","4818900","2834.6471"
"20200916","01","11","    59980","JP3213400009","1457.0000","1493.0000","1456.0000","1493.0000","1492.0000","1495.0000","1492.0000","1495.0000","1457.0000","1495.0000","1456.0000","1495.0000"," ","0.0000","0.0000","4100","6076200","1482.0000"
"20200916","01","11","    60050","JP3880800002","4390.0000","4475.0000","4385.0000","4450.0000","4470.0000","4470.0000","4410.0000","4425.0000","4390.0000","4475.0000","4385.0000","4425.0000"," ","0.0000","0.0000","244300","1084423500","4438.9009"
"20200916","01","11","    60130","JP3462600002","1723.0000","1746.0000","1715.0000","1734.0000","1730.0000","1737.0000","1724.0000","1735.0000","1723.0000","1746.0000","1715.0000","1735.0000"," ","0.0000","0.0000","219700","380076900","1729.9813"
"20200916","01","11","    60280","JP3545240008","6310.0000","6330.0000","6160.0000","6230.0000","6240.0000","6280.0000","6230.0000","6260.0000","6310.0000","6330.0000","6160.0000","6260.0000"," ","0.0000","0.0000","155900","971461000","6231.3085"
"20200916","01","11","    60290","JP3121920007","288.0000","288.0000","281.0000","283.0000","281.0000","283.0000","280.0000","282.0000","288.0000","288.0000","280.0000","282.0000"," ","0.0000","0.0000","58900","16596600","281.7759"
"20200916","01","11","    60320","JP3152870006","349.0000","349.0000","342.0000","343.0000","345.0000","346.0000","341.0000","346.0000","349.0000","349.0000","341.0000","346.0000"," ","0.0000","0.0000","23400","8063600","344.5983"
"20200916","01","11","    60350","JP3100640006","11660.0000","12080.0000","11650.0000","11840.0000","11940.0000","12160.0000","11850.0000","12040.0000","11660.0000","12160.0000","11650.0000","12040.0000"," ","0.0000","0.0000","207700","2486544000","11971.8055"
"20200916","01","11","    60360","JP3236320002","2786.0000","2889.0000","2785.0000","2867.0000","2867.0000","2881.0000","2819.0000","2864.0000","2786.0000","2889.0000","2785.0000","2864.0000"," ","0.0000","0.0000","73800","210197200","2848.2005"
"20200916","01","11","    60370","JP3802340004","788.0000","788.0000","780.0000","781.0000","785.0000","785.0000","778.0000","784.0000","788.0000","788.0000","778.0000","784.0000"," ","0.0000","0.0000","11900","9300100","781.5210"
"20200916","01","11","    60440","JP3325700007","1129.0000","1134.0000","1122.0000","1131.0000","1125.0000","1131.0000","1125.0000","1129.0000","1129.0000","1134.0000","1122.0000","1129.0000"," ","0.0000","0.0000","7300","8242200","1129.0685"
"20200916","01","11","    60470","JP3273820005","939.0000","955.0000","936.0000","949.0000","949.0000","955.0000","947.0000","948.0000","939.0000","955.0000","936.0000","948.0000"," ","0.0000","0.0000","158100","149882200","948.0215"
"20200916","01","11","    60480","JP3548870009","296.0000","309.0000","293.0000","294.0000","292.0000","295.0000","287.0000","290.0000","296.0000","309.0000","287.0000","290.0000"," ","0.0000","0.0000","173300","51375100","296.4518"
"20200916","01","11","    60500","JP3130230000","3110.0000","3235.0000","3110.0000","3190.0000","3220.0000","3225.0000","3175.0000","3200.0000","3110.0000","3235.0000","3110.0000","3200.0000"," ","0.0000","0.0000","142700","455719000","3193.5459"
"20200916","01","11","    60540","JP3974740007","288.0000","289.0000","286.0000","287.0000","287.0000","289.0000","286.0000","286.0000","288.0000","289.0000","286.0000","286.0000"," ","0.0000","0.0000","18900","5427500","287.1693"
"20200916","01","11","    60550","JP3389680004","1444.0000","1493.0000","1441.0000","1493.0000","1496.0000","1505.0000","1480.0000","1484.0000","1444.0000","1505.0000","1441.0000","1484.0000"," ","0.0000","0.0000","325100","480671800","1478.5352"
"20200916","01","11","    60580","JP3835500004","1050.0000","1083.0000","1043.0000","1081.0000","1084.0000","1084.0000","1055.0000","1068.0000","1050.0000","1084.0000","1043.0000","1068.0000"," ","0.0000","0.0000","729000","776447900","1065.0863"
"20200916","01","11","    60590","JP3157250006","309.0000","309.0000","307.0000","309.0000","310.0000","317.0000","309.0000","313.0000","309.0000","317.0000","307.0000","313.0000"," ","0.0000","0.0000","33000","10269100","311.1848"
"20200916","01","11","    60620","JP3512740006","1105.0000","1124.0000","1099.0000","1113.0000","1112.0000","1113.0000","1096.0000","1112.0000","1105.0000","1124.0000","1096.0000","1112.0000"," ","0.0000","0.0000","239900","266035600","1108.9437"
"20200916","01","11","    60700","JP3244520007","950.0000","978.0000","944.0000","950.0000","948.0000","948.0000","907.0000","926.0000","950.0000","978.0000","907.0000","926.0000"," ","0.0000","0.0000","274300","258979000","944.1451"
"20200916","01","11","    60710","JP3104960004","1090.0000","1113.0000","1067.0000","1098.0000","1098.0000","1105.0000","1087.0000","1095.0000","1090.0000","1113.0000","1067.0000","1095.0000"," ","0.0000","0.0000","652800","715418100","1095.9223"
"20200916","01","11","    60730","JP3117350003","1610.0000","1626.0000","1610.0000","1624.0000","1625.0000","1632.0000","1621.0000","1632.0000","1610.0000","1632.0000","1610.0000","1632.0000"," ","0.0000","0.0000","43900","71238000","1622.7335"
"20200916","01","11","    60770","JP3165850003","670.0000","694.0000","662.0000","689.0000","685.0000","696.0000","677.0000","693.0000","670.0000","696.0000","662.0000","693.0000"," ","0.0000","0.0000","352000","240975400","684.5892"
"20200916","01","11","    60780","JP3778410005","1552.0000","1589.0000","1548.0000","1575.0000","1579.0000","1588.0000","1566.0000","1569.0000","1552.0000","1589.0000","1548.0000","1569.0000"," ","0.0000","0.0000","29700","46732700","1573.4916"
"20200916","01","11","    60800","JP3167320005","3985.0000","4160.0000","3985.0000","4135.0000","4130.0000","4175.0000","4130.0000","4155.0000","3985.0000","4175.0000","3985.0000","4155.0000"," ","0.0000","0.0000","260200","1071505500","4118.0073"
"20200916","01","11","    60820","JP3966000006","2350.0000","2411.0000","2318.0000","2403.0000","2398.0000","2420.0000","2377.0000","2419.0000","2350.0000","2420.0000","2318.0000","2419.0000"," ","0.0000","0.0000","292400","697461200","2385.2982"
"20200916","01","11","    60830","JP3130050002","648.0000","648.0000","641.0000","646.0000","649.0000","650.0000","648.0000","650.0000","648.0000","650.0000","641.0000","650.0000"," ","0.0000","0.0000","4000","2591100","647.7750"
"20200916","01","11","    60870","JP3122480001","3235.0000","3250.0000","3075.0000","3120.0000","3125.0000","3195.0000","3110.0000","3150.0000","3235.0000","3250.0000","3075.0000","3150.0000"," ","0.0000","0.0000","18300","57720500","3154.1257"
"20200916","01","11","    60880","JP3348950001","1606.0000","1662.0000","1606.0000","1644.0000","1648.0000","1687.0000","1635.0000","1685.0000","1606.0000","1687.0000","1606.0000","1685.0000"," ","0.0000","0.0000","341300","565560900","1657.0785"
"20200916","01","11","    60890","JP3154160000","924.0000","940.0000","909.0000","937.0000","937.0000","939.0000","923.0000","935.0000","924.0000","940.0000","909.0000","935.0000"," ","0.0000","0.0000","210800","196483400","932.0844"
"20200916","01","11","    60930","JP3162660009","368.0000","375.0000","357.0000","368.0000","373.0000","382.0000","369.0000","374.0000","368.0000","382.0000","357.0000","374.0000"," ","0.0000","0.0000","2552100","945890700","370.6323"
"20200916","01","11","    60950","JP3921240002","4400.0000","4630.0000","4320.0000","4610.0000","4620.0000","4665.0000","4555.0000","4665.0000","4400.0000","4665.0000","4320.0000","4665.0000"," ","0.0000","0.0000","1154600","5250612500","4547.5598"
"20200916","01","11","    60980","JP3970300004","4300.0000","4312.0000","4272.0000","4296.0000","4305.0000","4311.0000","4280.0000","4289.0000","4300.0000","4312.0000","4272.0000","4289.0000"," ","0.0000","0.0000","2707300","11621405700","4292.6184"
"20200916","01","11","    60990","JP3167680002","2520.0000","2545.0000","2454.0000","2463.0000","2457.0000","2473.0000","2439.0000","2457.0000","2520.0000","2545.0000","2439.0000","2457.0000"," ","0.0000","0.0000","182700","451510800","2471.3235"
"20200916","01","11","    61010","JP3531800005","1257.0000","1273.0000","1257.0000","1264.0000","1265.0000","1267.0000","1253.0000","1254.0000","1257.0000","1273.0000","1253.0000","1254.0000"," ","0.0000","0.0000","318000","401181200","1261.5761"
"20200916","01","11","    61030","JP3172100004","5370.0000","5380.0000","5330.0000","5360.0000","5370.0000","5370.0000","5290.0000","5290.0000","5370.0000","5380.0000","5290.0000","5290.0000"," ","0.0000","0.0000","100600","535799000","5326.0338"
"20200916","01","11","    61040","JP3592600005","2280.0000","2288.0000","2265.0000","2285.0000","2281.0000","2283.0000","2261.0000","2262.0000","2280.0000","2288.0000","2261.0000","2262.0000"," ","0.0000","0.0000","128300","291752300","2273.9852"
"20200916","01","11","    61130","JP3122800000","1056.0000","1056.0000","1036.0000","1042.0000","1039.0000","1044.0000","1037.0000","1039.0000","1056.0000","1056.0000","1036.0000","1039.0000"," ","0.0000","0.0000","1380200","1438509700","1042.2473"
"20200916","01","11","    61180","JP3102400003","757.0000","759.0000","747.0000","756.0000","756.0000","757.0000","740.0000","742.0000","757.0000","759.0000","740.0000","742.0000"," ","0.0000","0.0000","91200","68292900","748.8257"
"20200916","01","11","    61210","JP3461800009","1074.0000","1075.0000","1055.0000","1075.0000","1074.0000","1076.0000","1068.0000","1076.0000","1074.0000","1076.0000","1055.0000","1076.0000"," ","0.0000","0.0000","7800","8354700","1071.1154"
"20200916","01","11","    61340","JP3809200003","2033.0000","2087.0000","2030.0000","2082.0000","2086.0000","2086.0000","2033.0000","2051.0000","2033.0000","2087.0000","2030.0000","2051.0000"," ","0.0000","0.0000","632000","1301828300","2059.8549"
"20200916","01","11","    61350","JP3862800004","4075.0000","4115.0000","4065.0000","4090.0000","4090.0000","4090.0000","4025.0000","4040.0000","4075.0000","4115.0000","4025.0000","4040.0000"," ","0.0000","0.0000","98500","399789500","4058.7766"
"20200916","01","11","    61360","JP3170800001","1718.0000","1721.0000","1699.0000","1712.0000","1710.0000","1712.0000","1693.0000","1699.0000","1718.0000","1721.0000","1693.0000","1699.0000"," ","0.0000","0.0000","139500","237669800","1703.7262"
"20200916","01","11","    61380","JP3485000008","1434.0000","1435.0000","1421.0000","1425.0000","1435.0000","1443.0000","1435.0000","1443.0000","1434.0000","1443.0000","1421.0000","1443.0000"," ","0.0000","0.0000","2800","4021000","1436.0714"
"20200916","01","11","    61400","JP3114400009","525.0000","530.0000","522.0000","524.0000","528.0000","528.0000","523.0000","525.0000","525.0000","530.0000","522.0000","525.0000"," ","0.0000","0.0000","78200","41127600","525.9284"
"20200916","01","11","    61410","JP3924800000","1583.0000","1583.0000","1557.0000","1567.0000","1565.0000","1569.0000","1556.0000","1556.0000","1583.0000","1583.0000","1556.0000","1556.0000"," ","0.0000","0.0000","892800","1396509100","1564.1903"
"20200916","01","11","    61430","JP3434200006","762.0000","765.0000","755.0000","761.0000","761.0000","761.0000","747.0000","749.0000","762.0000","765.0000","747.0000","749.0000"," ","0.0000","0.0000","227100","171447300","754.9419"
"20200916","01","11","    61460","JP3548600000","24510.0000","24670.0000","24430.0000","24650.0000","24680.0000","24930.0000","24670.0000","24890.0000","24510.0000","24930.0000","24430.0000","24890.0000"," ","0.0000","0.0000","194200","4800218000","24717.9094"
"20200916","01","11","    61510","JP3682300003","2020.0000","2039.0000","2012.0000","2030.0000","2071.0000","2072.0000","2016.0000","2061.0000","2020.0000","2072.0000","2012.0000","2061.0000"," ","0.0000","0.0000","10300","21050800","2043.7670"
"20200916","01","11","    61570","JP3675320000","2313.0000","2338.0000","2293.0000","2298.0000","2300.0000","2320.0000","2294.0000","2315.0000","2313.0000","2338.0000","2293.0000","2315.0000"," ","0.0000","0.0000","20300","46847800","2307.7734"
"20200916","01","11","    61650","JP3782950004","414.0000","415.0000","406.0000","409.0000","410.0000","414.0000","410.0000","414.0000","414.0000","415.0000","406.0000","414.0000"," ","0.0000","0.0000","22900","9406100","410.7467"
"20200916","01","11","    61670","JP3817400009","674.0000","674.0000","664.0000","670.0000","670.0000","671.0000","667.0000","671.0000","674.0000","674.0000","664.0000","671.0000"," ","0.0000","0.0000","6800","4555100","669.8676"
"20200916","01","11","    61710","JP3639200009","372.0000","376.0000","371.0000","374.0000","374.0000","375.0000","372.0000","375.0000","372.0000","376.0000","371.0000","375.0000"," ","0.0000","0.0000","33000","12329400","373.6182"
"20200916","01","11","    61750","JP3758220002","651.0000","654.0000","637.0000","639.0000","640.0000","650.0000","638.0000","650.0000","651.0000","654.0000","637.0000","650.0000"," ","0.0000","0.0000","226000","145377500","643.2633"
"20200916","01","11","    61780","JP3752900005","758.0000","759.5000","746.4000","754.4000","756.9000","759.2000","754.6000","756.8000","758.0000","759.5000","746.4000","756.8000"," ","0.0000","0.0000","6724900","5072511930","754.2881"
"20200916","01","11","    61830","JP3835760004","1729.0000","1750.0000","1721.0000","1740.0000","1749.0000","1751.0000","1726.0000","1733.0000","1729.0000","1751.0000","1721.0000","1733.0000"," ","0.0000","0.0000","121700","211772400","1740.1183"
"20200916","01","11","    61840","JP3218950008","905.0000","955.0000","905.0000","948.0000","953.0000","978.0000","953.0000","976.0000","905.0000","978.0000","905.0000","976.0000"," ","0.0000","0.0000","579100","553983100","956.6277"
"20200916","01","11","    61850","JP3435770007","911.0000","912.0000","902.0000","905.0000","907.0000","915.0000","901.0000","914.0000","911.0000","915.0000","901.0000","914.0000"," ","0.0000","0.0000","30600","27834000","909.6078"
"20200916","01","11","    61860","JP3141300008","379.0000","379.0000","371.0000","373.0000","373.0000","377.0000","373.0000","377.0000","379.0000","379.0000","371.0000","377.0000"," ","0.0000","0.0000","7100","2662600","375.0141"
"20200916","01","11","    61870","JP3974460002","2821.0000","2846.0000","2795.0000","2837.0000","2837.0000","2852.0000","2795.0000","2846.0000","2821.0000","2852.0000","2795.0000","2846.0000"," ","0.0000","0.0000","41000","115966700","2828.4561"
"20200916","01","11","    61890","JP3274320005","798.0000","829.0000","782.0000","819.0000","819.0000","823.0000","801.0000","821.0000","798.0000","829.0000","782.0000","821.0000"," ","0.0000","0.0000","25400","20680200","814.1811"
"20200916","01","11","    61910","JP3167240005","1377.0000","1422.0000","1377.0000","1413.0000","1417.0000","1565.0000","1415.0000","1525.0000","1377.0000","1565.0000","1377.0000","1525.0000"," ","0.0000","0.0000","940000","1387205600","1475.7506"
"20200916","01","11","    61920","JP3765170000","291.0000","298.0000","291.0000","296.0000","297.0000","298.0000","294.0000","296.0000","291.0000","298.0000","291.0000","296.0000"," ","0.0000","0.0000","137400","40551700","295.1361"
"20200916","01","11","    61940","JP3121890002","2981.0000","3040.0000","2977.0000","3015.0000","3030.0000","3055.0000","3010.0000","3055.0000","2981.0000","3055.0000","2977.0000","3055.0000"," ","0.0000","0.0000","47100","142519800","3025.8981"
"20200916","01","11","    61960","JP3399780000","4800.0000","4900.0000","4795.0000","4875.0000","4865.0000","4890.0000","4850.0000","4880.0000","4800.0000","4900.0000","4795.0000","4880.0000"," ","0.0000","0.0000","86200","419372500","4865.1102"
"20200916","01","11","    61970","JP3436250009","1358.0000","1363.0000","1310.0000","1319.0000","1324.0000","1339.0000","1320.0000","1324.0000","1358.0000","1363.0000","1310.0000","1324.0000"," ","0.0000","0.0000","382800","509472800","1330.9112"
"20200916","01","11","    61990","JP3423510001","1857.0000","1899.0000","1825.0000","1862.0000","1871.0000","1884.0000","1854.0000","1873.0000","1857.0000","1899.0000","1825.0000","1873.0000"," ","0.0000","0.0000","515100","961520900","1866.6684"
"20200916","01","11","    62000","JP3152670000","2729.0000","2888.0000","2729.0000","2863.0000","2853.0000","2853.0000","2808.0000","2838.0000","2729.0000","2888.0000","2729.0000","2838.0000"," ","0.0000","0.0000","117200","332515100","2837.1596"
"20200916","01","11","    62010","JP3634600005","6700.0000","6720.0000","6640.0000","6680.0000","6690.0000","6690.0000","6640.0000","6660.0000","6700.0000","6720.0000","6640.0000","6660.0000"," ","0.0000","0.0000","332100","2213479000","6665.0979"
"20200916","01","11","    62030","JP3840600005","827.0000","839.0000","827.0000","836.0000","833.0000","844.0000","832.0000","838.0000","827.0000","844.0000","827.0000","838.0000"," ","0.0000","0.0000","32800","27466800","837.4024"
"20200916","01","11","    62050","JP3180800009","400.0000","402.0000","399.0000","401.0000","399.0000","401.0000","396.0000","396.0000","400.0000","402.0000","396.0000","396.0000"," ","0.0000","0.0000","25200","10051900","398.8849"
"20200916","01","11","    62080","JP3135200008","1848.0000","1883.0000","1830.0000","1859.0000","1860.0000","1869.0000","1852.0000","1862.0000","1848.0000","1883.0000","1830.0000","1862.0000"," ","0.0000","0.0000","101700","189405800","1862.3972"
"20200916","01","11","    62100","JP3609000009","415.0000","415.0000","411.0000","413.0000","412.0000","414.0000","410.0000","411.0000","415.0000","415.0000","410.0000","411.0000"," ","0.0000","0.0000","21300","8785000","412.4413"
"20200916","01","11","    62170","JP3533000000","813.0000","813.0000","812.0000","812.0000","811.0000","811.0000","805.0000","807.0000","813.0000","813.0000","805.0000","807.0000"," ","0.0000","0.0000","6400","5176900","808.8906"
"20200916","01","11","    62180","JP3168400004","926.0000","930.0000","917.0000","930.0000","936.0000","936.0000","931.0000","936.0000","926.0000","936.0000","917.0000","936.0000"," ","0.0000","0.0000","3100","2888500","931.7742"
"20200916","01","11","    62220","JP3356500003","1693.0000","1704.0000","1675.0000","1694.0000","1694.0000","1699.0000","1689.0000","1698.0000","1693.0000","1704.0000","1675.0000","1698.0000"," ","0.0000","0.0000","110500","187217800","1694.2787"
"20200916","01","11","    62350","JP3197760006","2138.0000","2214.0000","2132.0000","2213.0000","2218.0000","2240.0000","2210.0000","2235.0000","2138.0000","2240.0000","2132.0000","2235.0000"," ","0.0000","0.0000","567800","1251109500","2203.4334"
"20200916","01","11","    62360","JP3165100003","608.0000","609.0000","600.0000","606.0000","610.0000","620.0000","610.0000","620.0000","608.0000","620.0000","600.0000","620.0000"," ","0.0000","0.0000","8400","5148800","612.9524"
"20200916","01","11","    62370","JP3150100000","960.0000","985.0000","954.0000","967.0000","966.0000","966.0000","948.0000","955.0000","960.0000","985.0000","948.0000","955.0000"," ","0.0000","0.0000","30200","29082200","962.9868"
"20200916","01","11","    62380","JP3826770004","1089.0000","1107.0000","1087.0000","1100.0000","1098.0000","1102.0000","1094.0000","1098.0000","1089.0000","1107.0000","1087.0000","1098.0000"," ","0.0000","0.0000","111700","122734400","1098.7860"
"20200916","01","11","    62400","JP3936600000","1053.0000","1088.0000","1053.0000","1077.0000","1077.0000","1085.0000","1069.0000","1085.0000","1053.0000","1088.0000","1053.0000","1085.0000"," ","0.0000","0.0000","606000","647535900","1068.5411"
"20200916","01","11","    62470","JP3784200002","870.0000","873.0000","865.0000","873.0000","878.0000","878.0000","856.0000","868.0000","870.0000","878.0000","856.0000","868.0000"," ","0.0000","0.0000","27900","24157100","865.8459"
"20200916","01","11","    62500","JP3943000004","1238.0000","1241.0000","1230.0000","1234.0000","1239.0000","1239.0000","1219.0000","1233.0000","1238.0000","1241.0000","1219.0000","1233.0000"," ","0.0000","0.0000","73200","90127700","1231.2527"
"20200916","01","11","    62580","JP3795300007","6030.0000","6170.0000","6030.0000","6120.0000","6100.0000","6170.0000","6100.0000","6150.0000","6030.0000","6170.0000","6030.0000","6150.0000"," ","0.0000","0.0000","45300","277609000","6128.2340"
"20200916","01","11","    62620","JP3836300008","301.0000","301.0000","296.0000","298.0000","298.0000","298.0000","295.0000","298.0000","301.0000","301.0000","295.0000","298.0000"," ","0.0000","0.0000","37000","11025800","297.9946"
"20200916","01","11","    62640","JP3878150006","921.0000","959.0000","920.0000","952.0000","959.0000","960.0000","941.0000","947.0000","921.0000","960.0000","920.0000","947.0000"," ","0.0000","0.0000","216900","204970900","945.0018"
"20200916","01","11","    62660","JP3468000009","1405.0000","1470.0000","1405.0000","1468.0000","1470.0000","1482.0000","1461.0000","1478.0000","1405.0000","1482.0000","1405.0000","1478.0000"," ","0.0000","0.0000","320700","468042000","1459.4387"
"20200916","01","11","    62680","JP3651210001","3745.0000","3780.0000","3720.0000","3760.0000","3750.0000","3760.0000","3735.0000","3760.0000","3745.0000","3780.0000","3720.0000","3760.0000"," ","0.0000","0.0000","642200","2410633000","3753.7107"
"20200916","01","11","    62690","JP3888250002","1738.0000","1754.0000","1730.0000","1750.0000","1749.0000","1749.0000","1734.0000","1736.0000","1738.0000","1754.0000","1730.0000","1736.0000"," ","0.0000","0.0000","102200","177932600","1741.0235"
"20200916","01","11","    62720","JP3979400003","1086.0000","1089.0000","1072.0000","1089.0000","1083.0000","1086.0000","1071.0000","1083.0000","1086.0000","1089.0000","1071.0000","1083.0000"," ","0.0000","0.0000","54500","58829800","1079.4459"
"20200916","01","11","    62730","JP3162600005","56880.0000","57380.0000","56660.0000","57240.0000","57250.0000","57280.0000","56930.0000","57090.0000","56880.0000","57380.0000","56660.0000","57090.0000"," ","0.0000","0.0000","135500","7737475000","57103.1365"
"20200916","01","11","    62770","JP3846000002","5750.0000","5840.0000","5750.0000","5760.0000","5760.0000","5800.0000","5700.0000","5800.0000","5750.0000","5840.0000","5700.0000","5800.0000"," ","0.0000","0.0000","14200","81882000","5766.3380"
"20200916","01","11","    62780","JP3950600001","3195.0000","3200.0000","3155.0000","3200.0000","3200.0000","3210.0000","3175.0000","3190.0000","3195.0000","3210.0000","3155.0000","3190.0000"," ","0.0000","0.0000","14900","47560500","3191.9799"
"20200916","01","11","    62820","JP3174200000","1542.0000","1556.0000","1527.0000","1556.0000","1556.0000","1560.0000","1534.0000","1536.0000","1542.0000","1560.0000","1527.0000","1536.0000"," ","0.0000","0.0000","45100","69641700","1544.1619"
"20200916","01","11","    62840","JP3678200001","4120.0000","4185.0000","4085.0000","4120.0000","4140.0000","4150.0000","4110.0000","4150.0000","4120.0000","4185.0000","4085.0000","4150.0000"," ","0.0000","0.0000","14400","59632500","4141.1458"
"20200916","01","11","    62870","JP3321400008","2211.0000","2304.0000","2210.0000","2249.0000","2250.0000","2270.0000","2203.0000","2212.0000","2211.0000","2304.0000","2203.0000","2212.0000"," ","0.0000","0.0000","168800","379765100","2249.7932"
"20200916","01","11","    62890","JP3264200001","3870.0000","3935.0000","3855.0000","3915.0000","3905.0000","3920.0000","3890.0000","3905.0000","3870.0000","3935.0000","3855.0000","3905.0000"," ","0.0000","0.0000","70300","274846500","3909.6230"
"20200916","01","11","    62910","JP3688100001","1320.0000","1365.0000","1318.0000","1339.0000","1336.0000","1425.0000","1336.0000","1411.0000","1320.0000","1425.0000","1318.0000","1411.0000"," ","0.0000","0.0000","761600","1047617900","1375.5487"
"20200916","01","11","    62920","JP3225900004","932.0000","954.0000","931.0000","954.0000","950.0000","951.0000","932.0000","942.0000","932.0000","954.0000","931.0000","942.0000"," ","0.0000","0.0000","16300","15365000","942.6380"
"20200916","01","11","    62930","JP3679000004","869.0000","871.0000","862.0000","871.0000","871.0000","874.0000","869.0000","874.0000","869.0000","874.0000","862.0000","874.0000"," ","0.0000","0.0000","33200","28854800","869.1205"
"20200916","01","11","    62940","JP3191400005","1033.0000","1038.0000","1027.0000","1031.0000","1032.0000","1034.0000","1029.0000","1033.0000","1033.0000","1038.0000","1027.0000","1033.0000"," ","0.0000","0.0000","19100","19710500","1031.9634"
"20200916","01","11","    62980","JP3990600003","667.0000","677.0000","662.0000","672.0000","675.0000","683.0000","672.0000","683.0000","667.0000","683.0000","662.0000","683.0000"," ","0.0000","0.0000","103900","70137600","675.0491"
"20200916","01","11","    63010","JP3304200003","2410.0000","2410.5000","2386.0000","2399.0000","2400.0000","2402.5000","2394.0000","2398.0000","2410.0000","2410.5000","2386.0000","2398.0000"," ","0.0000","0.0000","2350500","5637710400","2398.5154"
"20200916","01","11","    63020","JP3405400007","2531.0000","2531.0000","2491.0000","2498.0000","2503.0000","2506.0000","2477.0000","2486.0000","2531.0000","2531.0000","2477.0000","2486.0000"," ","0.0000","0.0000","424100","1057677700","2493.9347"
"20200916","01","11","    63050","JP3787000003","3695.0000","3710.0000","3680.0000","3680.0000","3680.0000","3695.0000","3675.0000","3675.0000","3695.0000","3710.0000","3675.0000","3675.0000"," ","0.0000","0.0000","514200","1895352000","3686.0210"
"20200916","01","11","    63060","JP3669200002","729.0000","744.0000","729.0000","732.0000","732.0000","737.0000","728.0000","731.0000","729.0000","744.0000","728.0000","731.0000"," ","0.0000","0.0000","140400","103077400","734.1695"
"20200916","01","11","    63090","JP3631600008","1900.0000","1913.0000","1900.0000","1911.0000","1912.0000","1925.0000","1909.0000","1925.0000","1900.0000","1925.0000","1900.0000","1925.0000"," ","0.0000","0.0000","11500","22011500","1914.0435"
"20200916","01","11","    63100","JP3139600005","1345.0000","1376.0000","1337.0000","1375.0000","1376.0000","1376.0000","1361.0000","1370.0000","1345.0000","1376.0000","1337.0000","1370.0000"," ","0.0000","0.0000","53600","73052400","1362.9179"
"20200916","01","11","    63150","JP3555700008","1118.0000","1154.0000","1115.0000","1151.0000","1153.0000","1162.0000","1147.0000","1160.0000","1118.0000","1162.0000","1115.0000","1160.0000"," ","0.0000","0.0000","348200","400158600","1149.2206"
"20200916","01","11","    63160","JP3878800006","1365.0000","1391.0000","1351.0000","1385.0000","1385.0000","1400.0000","1385.0000","1400.0000","1365.0000","1400.0000","1351.0000","1400.0000"," ","0.0000","0.0000","22900","31754900","1386.6769"
"20200916","01","11","    63170","JP3237200005","1520.0000","1520.0000","1495.0000","1509.0000","1509.0000","1519.0000","1498.0000","1519.0000","1520.0000","1520.0000","1495.0000","1519.0000"," ","0.0000","0.0000","10700","16139800","1508.3925"
"20200916","01","11","    63190","JP3379600004","223.0000","224.0000","221.0000","224.0000","224.0000","225.0000","222.0000","225.0000","223.0000","225.0000","221.0000","225.0000"," ","0.0000","0.0000","45900","10246400","223.2331"
"20200916","01","11","    63230","JP3982200002","4740.0000","4900.0000","4740.0000","4880.0000","4915.0000","4930.0000","4895.0000","4930.0000","4740.0000","4930.0000","4740.0000","4930.0000"," ","0.0000","0.0000","135400","658370000","4862.4077"
"20200916","01","11","    63250","JP3453200002","714.0000","714.0000","704.0000","709.0000","713.0000","717.0000","709.0000","712.0000","714.0000","717.0000","704.0000","712.0000"," ","0.0000","0.0000","11600","8262700","712.3017"
"20200916","01","11","    63260","JP3266400005","1859.0000","1889.0000","1854.5000","1876.5000","1874.0000","1883.0000","1868.5000","1873.5000","1859.0000","1889.0000","1854.5000","1873.5000"," ","0.0000","0.0000","3174100","5948099550","1873.9484"
"20200916","01","11","    63280","JP3165950001","2794.0000","2800.0000","2749.0000","2761.0000","2772.0000","2828.0000","2772.0000","2823.0000","2794.0000","2828.0000","2749.0000","2823.0000"," ","0.0000","0.0000","16200","45098600","2783.8642"
"20200916","01","11","    63300","JP3607800004","342.0000","346.0000","340.0000","344.0000","340.0000","341.0000","327.0000","340.0000","342.0000","346.0000","327.0000","340.0000"," ","0.0000","0.0000","201400","68047500","337.8724"
"20200916","01","11","    63310","JP3896000001","1790.0000","1862.0000","1785.0000","1859.0000","1857.0000","1863.0000","1834.0000","1852.0000","1790.0000","1863.0000","1785.0000","1852.0000"," ","0.0000","0.0000","73800","135820100","1840.3808"
"20200916","01","11","    63320","JP3532200007","1298.0000","1333.0000","1293.0000","1333.0000","1333.0000","1347.0000","1322.0000","1337.0000","1298.0000","1347.0000","1293.0000","1337.0000"," ","0.0000","0.0000","74800","99368500","1328.4559"
"20200916","01","11","    63330","JP3541800003","1126.0000","1134.0000","1126.0000","1131.0000","1133.0000","1137.0000","1126.0000","1137.0000","1126.0000","1137.0000","1126.0000","1137.0000"," ","0.0000","0.0000","45300","51238500","1131.0927"
"20200916","01","11","    63350","JP3573400003","290.0000","290.0000","283.0000","289.0000","289.0000","289.0000","288.0000","289.0000","290.0000","290.0000","283.0000","289.0000"," ","0.0000","0.0000","14300","4104200","287.0070"
"20200916","01","11","    63390","JP3378200004","744.0000","749.0000","739.0000","748.0000","749.0000","749.0000","741.0000","746.0000","744.0000","749.0000","739.0000","746.0000"," ","0.0000","0.0000","85200","63510900","745.4331"
"20200916","01","11","    63400","JP3356000004","3615.0000","3695.0000","3610.0000","3645.0000","3645.0000","3645.0000","3550.0000","3565.0000","3615.0000","3695.0000","3550.0000","3565.0000"," ","0.0000","0.0000","86300","312435500","3620.3418"
"20200916","01","11","    63450","JP3103200006","865.0000","874.0000","863.0000","872.0000","874.0000","878.0000","870.0000","876.0000","865.0000","878.0000","863.0000","876.0000"," ","0.0000","0.0000","76000","66310000","872.5000"
"20200916","01","11","    63490","JP3305800009","732.0000","748.0000","729.0000","742.0000","742.0000","750.0000","740.0000","749.0000","732.0000","750.0000","729.0000","749.0000"," ","0.0000","0.0000","92900","69159600","744.4521"
"20200916","01","11","    63510","JP3536200003","1829.0000","1847.0000","1818.0000","1846.0000","1835.0000","1844.0000","1834.0000","1840.0000","1829.0000","1847.0000","1818.0000","1840.0000"," ","0.0000","0.0000","21500","39533800","1838.7814"
"20200916","01","11","    63550","JP3405800008","2285.0000","2285.0000","2240.0000","2252.0000","2252.0000","2272.0000","2252.0000","2252.0000","2285.0000","2285.0000","2240.0000","2252.0000"," ","0.0000","0.0000","9300","21002500","2258.3333"
"20200916","01","11","    63560","JP3698800004","299.0000","299.0000","296.0000","296.0000","298.0000","299.0000","297.0000","299.0000","299.0000","299.0000","296.0000","299.0000"," ","0.0000","0.0000","4500","1341600","298.1333"
"20200916","01","11","    63580","JP3313200002","2405.0000","2405.0000","2377.0000","2391.0000","2399.0000","2400.0000","2390.0000","2397.0000","2405.0000","2405.0000","2377.0000","2397.0000"," ","0.0000","0.0000","2400","5748700","2395.2917"
"20200916","01","11","    63610","JP3166000004","2884.0000","2892.0000","2861.0000","2871.0000","2872.0000","2872.0000","2840.0000","2853.0000","2884.0000","2892.0000","2840.0000","2853.0000"," ","0.0000","0.0000","324100","927499400","2861.7692"
"20200916","01","11","    63620","JP3134400005","2724.0000","2724.0000","2720.0000","2724.0000","2724.0000","2724.0000","2720.0000","2724.0000","2724.0000","2724.0000","2720.0000","2724.0000"," ","0.0000","0.0000","2400","6535400","2723.0833"
"20200916","01","11","    63630","JP3636600003","825.0000","837.0000","823.0000","832.0000","832.0000","832.0000","818.0000","822.0000","825.0000","837.0000","818.0000","822.0000"," ","0.0000","0.0000","54800","45313700","826.8923"
"20200916","01","11","    63640","JP3841400009","1054.0000","1068.0000","1050.0000","1068.0000","1070.0000","1070.0000","1056.0000","1064.0000","1054.0000","1070.0000","1050.0000","1064.0000"," ","0.0000","0.0000","30700","32626900","1062.7655"
"20200916","01","11","    63670","JP3481800005","19580.0000","19630.0000","19435.0000","19440.0000","19435.0000","19495.0000","19420.0000","19490.0000","19580.0000","19630.0000","19420.0000","19490.0000"," ","0.0000","0.0000","442100","8614307000","19484.9740"
"20200916","01","11","    63680","JP3201600008","5610.0000","5780.0000","5610.0000","5760.0000","5770.0000","5770.0000","5640.0000","5710.0000","5610.0000","5780.0000","5610.0000","5710.0000"," ","0.0000","0.0000","34700","198132000","5709.8559"
"20200916","01","11","    63690","JP3554400006","2282.0000","2315.0000","2282.0000","2289.0000","2294.0000","2297.0000","2275.0000","2282.0000","2282.0000","2315.0000","2275.0000","2282.0000"," ","0.0000","0.0000","23400","53567500","2289.2094"
"20200916","01","11","    63700","JP3270000007","3490.0000","3515.0000","3465.0000","3505.0000","3505.0000","3525.0000","3495.0000","3500.0000","3490.0000","3525.0000","3465.0000","3500.0000"," ","0.0000","0.0000","262900","920228000","3500.2967"
"20200916","01","11","    63710","JP3535400000","2551.0000","2556.0000","2518.0000","2555.0000","2559.0000","2562.0000","2517.0000","2519.0000","2551.0000","2562.0000","2517.0000","2519.0000"," ","0.0000","0.0000","63500","160980500","2535.1260"
"20200916","01","11","    63730","JP3489000004","597.0000","603.0000","596.0000","602.0000","604.0000","605.0000","602.0000","605.0000","597.0000","605.0000","596.0000","605.0000"," ","0.0000","0.0000","9100","5489300","603.2198"
"20200916","01","11","    63760","JP3668000007","1123.0000","1126.0000","1114.0000","1118.0000","1118.0000","1118.0000","1104.0000","1110.0000","1123.0000","1126.0000","1104.0000","1110.0000"," ","0.0000","0.0000","435100","485255800","1115.2742"
"20200916","01","11","    63780","JP3242000002","425.0000","430.0000","423.0000","430.0000","430.0000","430.0000","422.0000","426.0000","425.0000","430.0000","422.0000","426.0000"," ","0.0000","0.0000","49800","21211700","425.9378"
"20200916","01","11","    63790","JP3331600001","1320.0000","1333.0000","1313.0000","1327.0000","1321.0000","1336.0000","1320.0000","1333.0000","1320.0000","1336.0000","1313.0000","1333.0000"," ","0.0000","0.0000","50500","67085500","1328.4257"
"20200916","01","11","    63810","JP3122450004","829.0000","847.0000","828.0000","843.0000","844.0000","850.0000","841.0000","850.0000","829.0000","850.0000","828.0000","850.0000"," ","0.0000","0.0000","46600","39217900","841.5858"
"20200916","01","11","    63830","JP3497400006","9660.0000","9730.0000","9620.0000","9710.0000","9720.0000","9730.0000","9670.0000","9720.0000","9660.0000","9730.0000","9620.0000","9720.0000"," ","0.0000","0.0000","330200","3201067000","9694.3277"
"20200916","01","11","    63870","JP3322950001","2513.0000","2634.0000","2480.0000","2576.0000","2601.0000","2695.0000","2595.0000","2673.0000","2513.0000","2695.0000","2480.0000","2673.0000"," ","0.0000","0.0000","204900","537151100","2621.5281"
"20200916","01","11","    63900","JP3213800000","1125.0000","1146.0000","1124.0000","1146.0000","1146.0000","1157.0000","1142.0000","1153.0000","1125.0000","1157.0000","1124.0000","1153.0000"," ","0.0000","0.0000","29200","33499400","1147.2397"
"20200916","01","11","    63930","JP3948000009","1518.0000","1518.0000","1503.0000","1517.0000","1518.0000","1550.0000","1516.0000","1545.0000","1518.0000","1550.0000","1503.0000","1545.0000"," ","0.0000","0.0000","3800","5818400","1531.1579"
"20200916","01","11","    63950","JP3465000002","845.0000","854.0000","842.0000","848.0000","850.0000","851.0000","847.0000","850.0000","845.0000","854.0000","842.0000","850.0000"," ","0.0000","0.0000","559100","474995400","849.5715"
"20200916","01","11","    64060","JP3818800009","2250.0000","2300.0000","2247.0000","2280.0000","2294.0000","2295.0000","2277.0000","2290.0000","2250.0000","2300.0000","2247.0000","2290.0000"," ","0.0000","0.0000","124500","284553200","2285.5679"
"20200916","01","11","    64070","JP3346800000","1597.0000","1600.0000","1565.0000","1583.0000","1586.0000","1587.0000","1553.0000","1558.0000","1597.0000","1600.0000","1553.0000","1558.0000"," ","0.0000","0.0000","564600","885933300","1569.1344"
"20200916","01","11","    64090","JP3240800007","1259.0000","1259.0000","1228.0000","1247.0000","1252.0000","1256.0000","1238.0000","1249.0000","1259.0000","1259.0000","1228.0000","1249.0000"," ","0.0000","0.0000","32200","40184600","1247.9689"
"20200916","01","11","    64120","JP3834200002","1830.0000","1838.0000","1818.0000","1822.0000","1825.0000","1836.0000","1823.0000","1832.0000","1830.0000","1838.0000","1818.0000","1832.0000"," ","0.0000","0.0000","297500","544035800","1828.6918"
"20200916","01","11","    64130","JP3974400008","1475.0000","1501.0000","1470.0000","1498.0000","1498.0000","1520.0000","1486.0000","1506.0000","1475.0000","1520.0000","1470.0000","1506.0000"," ","0.0000","0.0000","29900","44790300","1498.0033"
"20200916","01","11","    64170","JP3326410002","2988.0000","2989.0000","2962.0000","2963.0000","2969.0000","2969.0000","2950.0000","2954.0000","2988.0000","2989.0000","2950.0000","2954.0000"," ","0.0000","0.0000","408200","1210698600","2965.9446"
"20200916","01","11","    64180","JP3697800005","576.0000","589.0000","568.0000","583.0000","584.0000","590.0000","584.0000","590.0000","576.0000","590.0000","568.0000","590.0000"," ","0.0000","0.0000","82800","48240100","582.6099"
"20200916","01","11","    64190","JP3860220007","1749.0000","1773.0000","1745.0000","1773.0000","1765.0000","1780.0000","1752.0000","1780.0000","1749.0000","1780.0000","1745.0000","1780.0000"," ","0.0000","0.0000","15200","26819700","1764.4539"
"20200916","01","11","    64200","JP3805150004","3610.0000","3680.0000","3575.0000","3650.0000","3665.0000","3740.0000","3655.0000","3715.0000","3610.0000","3740.0000","3575.0000","3715.0000"," ","0.0000","0.0000","22600","83200000","3681.4159"
"20200916","01","11","    64280","JP3170100006","400.0000","408.0000","400.0000","408.0000","405.0000","407.0000","399.0000","400.0000","400.0000","408.0000","399.0000","400.0000"," ","0.0000","0.0000","34000","13682900","402.4382"
"20200916","01","11","    64300","JP3483100008","1065.0000","1083.0000","1065.0000","1073.0000","1079.0000","1094.0000","1073.0000","1091.0000","1065.0000","1094.0000","1065.0000","1091.0000"," ","0.0000","0.0000","19900","21466500","1078.7186"
"20200916","01","11","    64320","JP3462660006","2145.0000","2164.0000","2128.0000","2130.0000","2127.0000","2129.0000","2103.0000","2119.0000","2145.0000","2164.0000","2103.0000","2119.0000"," ","0.0000","0.0000","292800","622678700","2126.6349"
"20200916","01","11","    64360","JP3124400007","2447.0000","2494.0000","2432.0000","2484.0000","2478.0000","2479.0000","2451.0000","2454.0000","2447.0000","2494.0000","2432.0000","2454.0000"," ","0.0000","0.0000","231300","569842000","2463.6489"
"20200916","01","11","    64400","JP3390400004","465.0000","465.0000","458.0000","460.0000","459.0000","460.0000","457.0000","457.0000","465.0000","465.0000","457.0000","457.0000"," ","0.0000","0.0000","138600","63641400","459.1732"
"20200916","01","11","    64440","JP3336400001","323.0000","324.0000","321.0000","323.0000","323.0000","330.0000","323.0000","326.0000","323.0000","330.0000","321.0000","326.0000"," ","0.0000","0.0000","304000","98851400","325.1691"
"20200916","01","11","    64450","JP3389400007","640.0000","668.0000","639.0000","661.0000","661.0000","664.0000","658.0000","662.0000","640.0000","668.0000","639.0000","662.0000"," ","0.0000","0.0000","214600","141039500","657.2204"
"20200916","01","11","    64480","JP3830000000","1719.0000","1726.0000","1699.0000","1722.0000","1725.0000","1728.0000","1707.0000","1709.0000","1719.0000","1728.0000","1699.0000","1709.0000"," ","0.0000","0.0000","675200","1155695700","1711.6346"
"20200916","01","11","    64540","JP3864800002","1548.0000","1563.0000","1538.0000","1563.0000","1570.0000","1572.0000","1557.0000","1566.0000","1548.0000","1572.0000","1538.0000","1566.0000"," ","0.0000","0.0000","63700","99472100","1561.5714"
"20200916","01","11","    64550","JP3925600003","1958.0000","1965.0000","1939.0000","1964.0000","1960.0000","1960.0000","1945.0000","1957.0000","1958.0000","1965.0000","1939.0000","1957.0000"," ","0.0000","0.0000","45300","88655200","1957.0684"
"20200916","01","11","    64570","JP3274400005","2403.0000","2419.0000","2382.0000","2410.0000","2408.0000","2416.0000","2403.0000","2404.0000","2403.0000","2419.0000","2382.0000","2404.0000"," ","0.0000","0.0000","255100","614137500","2407.4383"
"20200916","01","11","    64580","JP3372800007","1494.0000","1506.0000","1482.0000","1499.0000","1495.0000","1499.0000","1478.0000","1492.0000","1494.0000","1506.0000","1478.0000","1492.0000"," ","0.0000","0.0000","55400","82639600","1491.6895"
"20200916","01","11","    64590","JP3505800007","935.0000","947.0000","925.0000","946.0000","948.0000","948.0000","933.0000","940.0000","935.0000","948.0000","925.0000","940.0000"," ","0.0000","0.0000","42000","39458000","939.4762"
"20200916","01","11","    64600","JP3419050004","1294.0000","1308.0000","1292.0000","1306.0000","1308.0000","1308.0000","1301.0000","1304.0000","1294.0000","1308.0000","1292.0000","1304.0000"," ","0.0000","0.0000","822500","1071492700","1302.7267"
"20200916","01","11","    64610","JP3747400004","1039.0000","1049.0000","1030.0000","1045.0000","1050.0000","1058.0000","1039.0000","1058.0000","1039.0000","1058.0000","1030.0000","1058.0000"," ","0.0000","0.0000","21500","22464000","1044.8372"
"20200916","01","11","    64620","JP3970600007","2650.0000","2694.0000","2640.0000","2662.0000","2675.0000","2694.0000","2654.0000","2666.0000","2650.0000","2694.0000","2640.0000","2666.0000"," ","0.0000","0.0000","22800","60951800","2673.3246"
"20200916","01","11","    64630","JP3542400001","1362.0000","1369.0000","1346.0000","1353.0000","1354.0000","1360.0000","1349.0000","1353.0000","1362.0000","1369.0000","1346.0000","1353.0000"," ","0.0000","0.0000","71000","96131100","1353.9592"
"20200916","01","11","    64640","JP3534410000","887.0000","891.0000","878.0000","884.0000","884.0000","884.0000","844.0000","845.0000","887.0000","891.0000","844.0000","845.0000"," ","0.0000","0.0000","658600","570334200","865.9797"
"20200916","01","11","    64650","JP3845770001","8220.0000","8290.0000","8200.0000","8250.0000","8290.0000","8290.0000","8220.0000","8250.0000","8220.0000","8290.0000","8200.0000","8250.0000"," ","0.0000","0.0000","118400","976386000","8246.5034"
"20200916","01","11","    64700","JP3449080005","551.0000","551.0000","541.0000","551.0000","552.0000","552.0000","541.0000","548.0000","551.0000","552.0000","541.0000","548.0000"," ","0.0000","0.0000","27100","14824100","547.0148"
"20200916","01","11","    64710","JP3720800006","907.0000","907.0000","895.0000","895.0000","896.0000","897.0000","876.0000","881.0000","907.0000","907.0000","876.0000","881.0000"," ","0.0000","0.0000","2239400","1989181300","888.2653"
"20200916","01","11","    64720","JP3165600002","226.0000","227.0000","224.0000","225.0000","225.0000","227.0000","223.0000","225.0000","226.0000","227.0000","223.0000","225.0000"," ","0.0000","0.0000","3019200","679093400","224.9249"
"20200916","01","11","    64730","JP3292200007","921.0000","922.0000","902.0000","911.0000","910.0000","910.0000","895.0000","898.0000","921.0000","922.0000","895.0000","898.0000"," ","0.0000","0.0000","1512800","1367018900","903.6349"
"20200916","01","11","    64740","JP3813200007","3680.0000","3720.0000","3660.0000","3715.0000","3715.0000","3715.0000","3680.0000","3680.0000","3680.0000","3720.0000","3660.0000","3680.0000"," ","0.0000","0.0000","47900","176815000","3691.3361"
"20200916","01","11","    64790","JP3906000009","2080.0000","2091.0000","2048.0000","2050.0000","2051.0000","2063.0000","2045.0000","2050.0000","2080.0000","2091.0000","2045.0000","2050.0000"," ","0.0000","0.0000","1502100","3090564600","2057.4959"
"20200916","01","11","    64800","JP3739400004","397.0000","401.0000","396.0000","401.0000","401.0000","404.0000","401.0000","402.0000","397.0000","404.0000","396.0000","402.0000"," ","0.0000","0.0000","266300","106643600","400.4641"
"20200916","01","11","    64810","JP3539250005","2700.0000","2709.0000","2681.0000","2704.0000","2706.0000","2708.0000","2685.0000","2692.0000","2700.0000","2709.0000","2681.0000","2692.0000"," ","0.0000","0.0000","475500","1281748400","2695.5802"
"20200916","01","11","    64820","JP3944500002","738.0000","749.0000","734.0000","748.0000","748.0000","748.0000","738.0000","741.0000","738.0000","749.0000","734.0000","741.0000"," ","0.0000","0.0000","35200","26168900","743.4347"
"20200916","01","11","    64850","JP3860300007","2135.0000","2135.0000","2111.0000","2120.0000","2121.0000","2126.0000","2114.0000","2119.0000","2135.0000","2135.0000","2111.0000","2119.0000"," ","0.0000","0.0000","7300","15463700","2118.3151"
"20200916","01","11","    64860","JP3130400009","820.0000","820.0000","811.0000","820.0000","820.0000","823.0000","817.0000","822.0000","820.0000","823.0000","811.0000","822.0000"," ","0.0000","0.0000","82500","67528900","818.5321"
"20200916","01","11","    64890","JP3860400005","462.0000","476.0000","462.0000","471.0000","471.0000","480.0000","469.0000","478.0000","462.0000","480.0000","462.0000","478.0000"," ","0.0000","0.0000","89800","42429500","472.4889"
"20200916","01","11","    64900","JP3747800005","1564.0000","1593.0000","1552.0000","1590.0000","1594.0000","1595.0000","1582.0000","1589.0000","1564.0000","1595.0000","1552.0000","1589.0000"," ","0.0000","0.0000","35800","56718300","1584.3101"
"20200916","01","11","    64980","JP3240700009","632.0000","636.0000","626.0000","632.0000","632.0000","632.0000","625.0000","628.0000","632.0000","636.0000","625.0000","628.0000"," ","0.0000","0.0000","324400","203945700","628.6859"
"20200916","01","11","    65010","JP3788600009","3723.0000","3734.0000","3691.0000","3720.0000","3719.0000","3720.0000","3701.0000","3705.0000","3723.0000","3734.0000","3691.0000","3705.0000"," ","0.0000","0.0000","2551800","9463290900","3708.4767"
"20200916","01","11","    65030","JP3902400005","1492.0000","1494.5000","1477.5000","1483.5000","1484.5000","1486.0000","1477.0000","1480.0000","1492.0000","1494.5000","1477.0000","1480.0000"," ","0.0000","0.0000","2618800","3881431500","1482.1412"
"20200916","01","11","    65040","JP3820000002","3490.0000","3500.0000","3450.0000","3490.0000","3490.0000","3490.0000","3470.0000","3475.0000","3490.0000","3500.0000","3450.0000","3475.0000"," ","0.0000","0.0000","322800","1123029500","3479.0257"
"20200916","01","11","    65050","JP3617000009","1093.0000","1098.0000","1085.0000","1094.0000","1097.0000","1109.0000","1095.0000","1104.0000","1093.0000","1109.0000","1085.0000","1104.0000"," ","0.0000","0.0000","10500","11536000","1098.6667"
"20200916","01","11","    65060","JP3932000007","4000.0000","4015.0000","3985.0000","4000.0000","4000.0000","4000.0000","3965.0000","3970.0000","4000.0000","4015.0000","3965.0000","3970.0000"," ","0.0000","0.0000","792500","3158326000","3985.2694"
"20200916","01","11","    65070","JP3375400003","1121.0000","1159.0000","1116.0000","1154.0000","1154.0000","1154.0000","1143.0000","1152.0000","1121.0000","1159.0000","1116.0000","1152.0000"," ","0.0000","0.0000","71400","81909100","1147.1863"
"20200916","01","11","    65080","JP3919800007","1707.0000","1709.0000","1684.0000","1688.0000","1691.0000","1691.0000","1657.0000","1660.0000","1707.0000","1709.0000","1657.0000","1660.0000"," ","0.0000","0.0000","148900","248713200","1670.3371"
"20200916","01","11","    65130","JP3200400004","1315.0000","1324.0000","1315.0000","1324.0000","1329.0000","1329.0000","1317.0000","1319.0000","1315.0000","1329.0000","1315.0000","1319.0000"," ","0.0000","0.0000","5200","6869300","1321.0192"
"20200916","01","11","    65160","JP3340800006","4940.0000","5030.0000","4930.0000","5030.0000","5000.0000","5020.0000","4980.0000","4985.0000","4940.0000","5030.0000","4930.0000","4985.0000"," ","0.0000","0.0000","16000","79937500","4996.0938"
"20200916","01","11","    65170","JP3551600004","2400.0000","2456.0000","2385.0000","2454.0000","2459.0000","2479.0000","2432.0000","2464.0000","2400.0000","2479.0000","2385.0000","2464.0000"," ","0.0000","0.0000","54000","132139900","2447.0352"
"20200916","01","11","    65320","JP3835250006","11350.0000","11580.0000","11270.0000","11520.0000","11570.0000","11690.0000","11410.0000","11600.0000","11350.0000","11690.0000","11270.0000","11600.0000"," ","0.0000","0.0000","110600","1273542000","11514.8463"
"20200916","01","11","    65330","JP3549040008","2285.0000","2411.0000","2280.0000","2326.0000","2320.0000","2365.0000","2260.0000","2329.0000","2285.0000","2411.0000","2260.0000","2329.0000"," ","0.0000","0.0000","442600","1031739600","2331.0881"
"20200916","01","11","    65350","JP3105210003","1119.0000","1123.0000","1088.0000","1120.0000","1120.0000","1141.0000","1119.0000","1134.0000","1119.0000","1141.0000","1088.0000","1134.0000"," ","0.0000","0.0000","417000","466107900","1117.7647"
"20200916","01","11","    65380","JP3244440008","509.0000","525.0000","503.0000","507.0000","503.0000","516.0000","503.0000","516.0000","509.0000","525.0000","503.0000","516.0000"," ","0.0000","0.0000","83900","43084400","513.5209"
"20200916","01","11","    65390","JP3167330004","840.0000","847.0000","834.0000","843.0000","840.0000","847.0000","838.0000","847.0000","840.0000","847.0000","834.0000","847.0000"," ","0.0000","0.0000","63700","53689500","842.8493"
"20200916","01","11","    65400","JP3426050005","928.0000","929.0000","928.0000","929.0000","938.0000","938.0000","937.0000","938.0000","928.0000","938.0000","928.0000","938.0000"," ","0.0000","0.0000","2100","1962100","934.3333"
"20200916","01","11","    65410","JP3274260003","4700.0000","4785.0000","4600.0000","4620.0000","4665.0000","4680.0000","4635.0000","4665.0000","4700.0000","4785.0000","4600.0000","4665.0000"," ","0.0000","0.0000","413500","1931328500","4670.6856"
"20200916","01","11","    65440","JP3389510003","3610.0000","3690.0000","3610.0000","3665.0000","3675.0000","3685.0000","3655.0000","3680.0000","3610.0000","3690.0000","3610.0000","3680.0000"," ","0.0000","0.0000","106200","389095000","3663.7947"
"20200916","01","11","    65460","JP3828350003","1357.0000","1358.0000","1356.0000","1358.0000","1358.0000","1358.0000","1356.0000","1356.0000","1357.0000","1358.0000","1356.0000","1356.0000"," ","0.0000","0.0000","1500","2035200","1356.8000"
"20200916","01","11","    65470","JP3274090004","552.0000","555.0000","539.0000","552.0000","552.0000","553.0000","546.0000","549.0000","552.0000","555.0000","539.0000","549.0000"," ","0.0000","0.0000","73400","40275300","548.7098"
"20200916","01","11","    65510","JP3534100007","463.0000","474.0000","459.0000","469.0000","466.0000","475.0000","466.0000","475.0000","463.0000","475.0000","459.0000","475.0000"," ","0.0000","0.0000","66300","31114700","469.3017"
"20200916","01","11","    65520","JP3282230006","655.0000","668.0000","655.0000","661.0000","661.0000","664.0000","654.0000","664.0000","655.0000","668.0000","654.0000","664.0000"," ","0.0000","0.0000","42600","28109300","659.8427"
"20200916","01","11","    65530","JP3433050006","1601.0000","1709.0000","1601.0000","1695.0000","1696.0000","1714.0000","1675.0000","1696.0000","1601.0000","1714.0000","1601.0000","1696.0000"," ","0.0000","0.0000","127300","214179700","1682.4800"
"20200916","01","11","    65550","JP3167340003","745.0000","745.0000","734.0000","740.0000","735.0000","787.0000","735.0000","762.0000","745.0000","787.0000","734.0000","762.0000"," ","0.0000","0.0000","68400","52184500","762.9313"
"20200916","01","11","    65600","JP3167710007","4475.0000","4580.0000","4405.0000","4510.0000","4510.0000","4580.0000","4475.0000","4545.0000","4475.0000","4580.0000","4405.0000","4545.0000"," ","0.0000","0.0000","170600","769155000","4508.5287"
"20200916","01","11","    65640","JP3887800005","2102.0000","2208.0000","2102.0000","2164.0000","2187.0000","2231.0000","2174.0000","2230.0000","2102.0000","2231.0000","2102.0000","2230.0000"," ","0.0000","0.0000","118600","260075600","2192.8803"
"20200916","01","11","    65690","JP3679860001","853.0000","861.0000","843.0000","850.0000","847.0000","848.0000","825.0000","833.0000","853.0000","861.0000","825.0000","833.0000"," ","0.0000","0.0000","290500","244594000","841.9759"
"20200916","01","11","    65710","JP3244750000","1865.0000","1883.0000","1839.0000","1877.0000","1884.0000","1897.0000","1879.0000","1889.0000","1865.0000","1897.0000","1839.0000","1889.0000"," ","0.0000","0.0000","95400","179333200","1879.8029"
"20200916","01","11","    65720","JP3100550007","903.0000","925.0000","871.0000","878.0000","880.0000","881.0000","860.0000","865.0000","903.0000","925.0000","860.0000","865.0000"," ","0.0000","0.0000","876500","778640200","888.3516"
"20200916","01","11","    65840","JP3325200008","632.0000","632.0000","622.0000","629.0000","628.0000","629.0000","619.0000","622.0000","632.0000","632.0000","619.0000","622.0000"," ","0.0000","0.0000","319200","199621000","625.3791"
"20200916","01","11","    65860","JP3862400003","5050.0000","5080.0000","5010.0000","5040.0000","5040.0000","5060.0000","5010.0000","5030.0000","5050.0000","5080.0000","5010.0000","5030.0000"," ","0.0000","0.0000","373100","1879376000","5037.1911"
"20200916","01","11","    65880","JP3594000006","4710.0000","4740.0000","4660.0000","4735.0000","4725.0000","4735.0000","4685.0000","4695.0000","4710.0000","4740.0000","4660.0000","4695.0000"," ","0.0000","0.0000","72200","339583500","4703.3726"
"20200916","01","11","    65900","JP3355000005","3150.0000","3175.0000","3125.0000","3150.0000","3165.0000","3180.0000","3150.0000","3170.0000","3150.0000","3180.0000","3125.0000","3170.0000"," ","0.0000","0.0000","18000","56857000","3158.7222"
"20200916","01","11","    65920","JP3870000001","4095.0000","4110.0000","4060.0000","4065.0000","4050.0000","4080.0000","4035.0000","4040.0000","4095.0000","4110.0000","4035.0000","4040.0000"," ","0.0000","0.0000","402100","1636430500","4069.7103"
"20200916","01","11","    65940","JP3734800000","9712.0000","9741.0000","9618.0000","9727.0000","9723.0000","9730.0000","9675.0000","9690.0000","9712.0000","9741.0000","9618.0000","9690.0000"," ","0.0000","0.0000","860200","8338912000","9694.1548"
"20200916","01","11","    66150","JP3944330004","348.0000","374.0000","348.0000","374.0000","374.0000","374.0000","359.0000","364.0000","348.0000","374.0000","348.0000","364.0000"," ","0.0000","0.0000","145700","53087900","364.3644"
"20200916","01","11","    66160","JP3637280003","1212.0000","1228.0000","1207.0000","1227.0000","1231.0000","1237.0000","1222.0000","1233.0000","1212.0000","1237.0000","1207.0000","1233.0000"," ","0.0000","0.0000","15600","19151400","1227.6538"
"20200916","01","11","    66170","JP3591600006","1039.0000","1044.0000","1028.0000","1040.0000","1040.0000","1040.0000","1025.0000","1034.0000","1039.0000","1044.0000","1025.0000","1034.0000"," ","0.0000","0.0000","41900","43386000","1035.4654"
"20200916","01","11","    66190","JP3505970008","867.0000","927.0000","865.0000","925.0000","924.0000","975.0000","919.0000","967.0000","867.0000","975.0000","865.0000","967.0000"," ","0.0000","0.0000","2278800","2116832000","928.9240"
"20200916","01","11","    66200","JP3907850006","756.0000","756.0000","741.0000","744.0000","756.0000","760.0000","748.0000","759.0000","756.0000","760.0000","741.0000","759.0000"," ","0.0000","0.0000","187900","141926200","755.3284"
"20200916","01","11","    66220","JP3497800007","4300.0000","4370.0000","4275.0000","4330.0000","4330.0000","4330.0000","4275.0000","4320.0000","4300.0000","4370.0000","4275.0000","4320.0000"," ","0.0000","0.0000","100600","433694000","4311.0736"
"20200916","01","11","    66300","JP3930050004","1791.0000","1842.0000","1788.0000","1800.0000","1800.0000","1843.0000","1792.0000","1843.0000","1791.0000","1843.0000","1788.0000","1843.0000"," ","0.0000","0.0000","798400","1451184100","1817.6154"
"20200916","01","11","    66320","JP3386410009","161.0000","163.0000","160.0000","162.0000","161.0000","162.0000","159.0000","159.0000","161.0000","163.0000","159.0000","159.0000"," ","0.0000","0.0000","746900","119796300","160.3914"
"20200916","01","11","    66380","JP3907150001","400.0000","400.0000","397.0000","400.0000","400.0000","404.0000","399.0000","404.0000","400.0000","404.0000","397.0000","404.0000"," ","0.0000","0.0000","23500","9429900","401.2723"
"20200916","01","11","    66400","JP3476210004","2300.0000","2310.0000","2274.0000","2282.0000","2289.0000","2292.0000","2276.0000","2285.0000","2300.0000","2310.0000","2274.0000","2285.0000"," ","0.0000","0.0000","52200","119559800","2290.4176"
"20200916","01","11","    66410","JP3677600003","1155.0000","1158.0000","1142.0000","1158.0000","1156.0000","1158.0000","1149.0000","1149.0000","1155.0000","1158.0000","1142.0000","1149.0000"," ","0.0000","0.0000","113500","130747400","1151.9595"
"20200916","01","11","    66440","JP3187600006","607.0000","610.0000","601.0000","603.0000","606.0000","606.0000","599.0000","602.0000","607.0000","610.0000","599.0000","602.0000"," ","0.0000","0.0000","118000","71249800","603.8119"
"20200916","01","11","    66450","JP3197800000","8150.0000","8180.0000","8120.0000","8140.0000","8140.0000","8160.0000","8120.0000","8120.0000","8150.0000","8180.0000","8120.0000","8120.0000"," ","0.0000","0.0000","347200","2824862000","8136.1233"
"20200916","01","11","    66510","JP3682400001","2020.0000","2055.0000","1998.0000","2055.0000","2058.0000","2082.0000","2058.0000","2065.0000","2020.0000","2082.0000","1998.0000","2065.0000"," ","0.0000","0.0000","66800","137151700","2053.1692"
"20200916","01","11","    66520","JP3138800002","1996.0000","1996.0000","1974.0000","1987.0000","2000.0000","2000.0000","1985.0000","1991.0000","1996.0000","2000.0000","1974.0000","1991.0000"," ","0.0000","0.0000","48600","96720000","1990.1235"
"20200916","01","11","    66530","JP3414900005","1055.0000","1066.0000","1039.0000","1057.0000","1055.0000","1079.0000","1055.0000","1078.0000","1055.0000","1079.0000","1039.0000","1078.0000"," ","0.0000","0.0000","35600","37850500","1063.2163"
"20200916","01","11","    66540","JP3820500001","1310.0000","1317.0000","1298.0000","1300.0000","1302.0000","1303.0000","1297.0000","1303.0000","1310.0000","1317.0000","1297.0000","1303.0000"," ","0.0000","0.0000","8900","11611500","1304.6629"
"20200916","01","11","    66740","JP3385820000","1904.0000","1907.0000","1890.0000","1893.0000","1895.0000","1895.0000","1865.0000","1865.0000","1904.0000","1907.0000","1865.0000","1865.0000"," ","0.0000","0.0000","277400","523636600","1887.6590"
"20200916","01","11","    66750","JP3471200000","1440.0000","1460.0000","1440.0000","1455.0000","1459.0000","1470.0000","1450.0000","1470.0000","1440.0000","1470.0000","1440.0000","1470.0000"," ","0.0000","0.0000","8500","12354700","1453.4941"
"20200916","01","11","    66760","JP3921080002","2426.0000","2426.0000","2369.0000","2400.0000","2407.0000","2407.0000","2383.0000","2395.0000","2426.0000","2426.0000","2369.0000","2395.0000"," ","0.0000","0.0000","91400","219203300","2398.2856"
"20200916","01","11","    66780","JP3545110003","1856.0000","1857.0000","1817.0000","1838.0000","1839.0000","1856.0000","1837.0000","1856.0000","1856.0000","1857.0000","1817.0000","1856.0000"," ","0.0000","0.0000","5000","9245200","1849.0400"
"20200916","01","11","    66990","JP3499480006","878.0000","970.0000","876.0000","950.0000","940.0000","964.0000","912.0000","940.0000","878.0000","970.0000","876.0000","940.0000"," ","0.0000","0.0000","880900","817543800","928.0779"
"20200916","01","11","    67010","JP3733000008","5630.0000","5680.0000","5590.0000","5660.0000","5670.0000","5750.0000","5670.0000","5720.0000","5630.0000","5750.0000","5590.0000","5720.0000"," ","0.0000","0.0000","1512500","8602117000","5687.3501"
"20200916","01","11","    67020","JP3818000006","13480.0000","13480.0000","13345.0000","13420.0000","13435.0000","13600.0000","13425.0000","13580.0000","13480.0000","13600.0000","13345.0000","13580.0000"," ","0.0000","0.0000","483200","6516708000","13486.5646"
"20200916","01","11","    67030","JP3194000000","1073.0000","1082.0000","1063.0000","1080.0000","1077.0000","1080.0000","1070.0000","1072.0000","1073.0000","1082.0000","1063.0000","1072.0000"," ","0.0000","0.0000","274000","294341700","1074.2398"
"20200916","01","11","    67040","JP3150400004","839.0000","839.0000","836.0000","837.0000","839.0000","840.0000","838.0000","840.0000","839.0000","840.0000","836.0000","840.0000"," ","0.0000","0.0000","7600","6373500","838.6184"
"20200916","01","11","    67060","JP3550000008","2674.0000","2698.0000","2620.0000","2665.0000","2679.0000","2688.0000","2621.0000","2631.0000","2674.0000","2698.0000","2620.0000","2631.0000"," ","0.0000","0.0000","28000","74289600","2653.2000"
"20200916","01","11","    67070","JP3329600005","2520.0000","2575.0000","2520.0000","2574.0000","2576.0000","2585.0000","2561.0000","2568.0000","2520.0000","2585.0000","2520.0000","2568.0000"," ","0.0000","0.0000","74700","191588500","2564.7724"
"20200916","01","11","    67150","JP3646800007","1443.0000","1443.0000","1415.0000","1432.0000","1442.0000","1450.0000","1442.0000","1450.0000","1443.0000","1450.0000","1415.0000","1450.0000"," ","0.0000","0.0000","2800","4017900","1434.9643"
"20200916","01","11","    67180","JP3105050003","1500.0000","1500.0000","1476.0000","1492.0000","1492.0000","1529.0000","1486.0000","1525.0000","1500.0000","1529.0000","1476.0000","1525.0000"," ","0.0000","0.0000","12100","18204200","1504.4793"
"20200916","01","11","    67230","JP3164720009","789.0000","798.0000","783.0000","786.0000","788.0000","788.0000","780.0000","782.0000","789.0000","798.0000","780.0000","782.0000"," ","0.0000","0.0000","6254500","4920325400","786.6857"
"20200916","01","11","    67240","JP3414750004","1296.0000","1297.0000","1274.0000","1285.0000","1289.0000","1291.0000","1264.0000","1266.0000","1296.0000","1297.0000","1264.0000","1266.0000"," ","0.0000","0.0000","1727200","2206751600","1277.6468"
"20200916","01","11","    67270","JP3993400005","680.0000","697.0000","678.0000","696.0000","696.0000","697.0000","690.0000","695.0000","680.0000","697.0000","678.0000","695.0000"," ","0.0000","0.0000","1108800","767122800","691.8496"
"20200916","01","11","    67280","JP3126190002","3865.0000","3905.0000","3845.0000","3895.0000","3900.0000","3930.0000","3885.0000","3930.0000","3865.0000","3930.0000","3845.0000","3930.0000"," ","0.0000","0.0000","234600","913241000","3892.7579"
"20200916","01","11","    67300","JP3108080007","870.0000","907.0000","870.0000","897.0000","895.0000","902.0000","887.0000","897.0000","870.0000","907.0000","870.0000","897.0000"," ","0.0000","0.0000","99900","89308500","893.9790"
"20200916","01","11","    67370","JP3651080008","4040.0000","4100.0000","4025.0000","4100.0000","4100.0000","4105.0000","4035.0000","4045.0000","4040.0000","4105.0000","4025.0000","4045.0000"," ","0.0000","0.0000","46000","186744500","4059.6630"
"20200916","01","11","    67400","JP3389660006","59.0000","62.0000","58.0000","62.0000","62.0000","63.0000","60.0000","62.0000","59.0000","63.0000","58.0000","62.0000"," ","0.0000","0.0000","11764400","710939000","60.4314"
"20200916","01","11","    67410","JP3716000009","1087.0000","1091.0000","1084.0000","1089.0000","1089.0000","1089.0000","1080.0000","1080.0000","1087.0000","1091.0000","1080.0000","1080.0000"," ","0.0000","0.0000","144800","157064400","1084.6989"
"20200916","01","11","    67420","JP3248800009","473.0000","476.0000","468.0000","475.0000","475.0000","478.0000","469.0000","474.0000","473.0000","478.0000","468.0000","474.0000"," ","0.0000","0.0000","186400","88138100","472.8439"
"20200916","01","11","    67440","JP3759800000","2227.0000","2260.0000","2220.0000","2256.0000","2256.0000","2256.0000","2220.0000","2224.0000","2227.0000","2260.0000","2220.0000","2224.0000"," ","0.0000","0.0000","40800","91187600","2234.9902"
"20200916","01","11","    67450","JP3837400005","1313.0000","1316.0000","1303.0000","1314.0000","1319.0000","1319.0000","1300.0000","1307.0000","1313.0000","1319.0000","1300.0000","1307.0000"," ","0.0000","0.0000","21400","27985100","1307.7150"
"20200916","01","11","    67480","JP3418400002","576.0000","635.0000","575.0000","604.0000","600.0000","620.0000","598.0000","616.0000","576.0000","635.0000","575.0000","616.0000"," ","0.0000","0.0000","417100","253747600","608.3615"
"20200916","01","11","    67500","JP3168200008","4920.0000","4980.0000","4915.0000","4965.0000","4970.0000","4970.0000","4930.0000","4950.0000","4920.0000","4980.0000","4915.0000","4950.0000"," ","0.0000","0.0000","77200","381934000","4947.3316"
"20200916","01","11","    67520","JP3866800000","980.0000","984.8000","973.5000","979.0000","979.0000","980.0000","975.5000","977.3000","980.0000","984.8000","973.5000","977.3000"," ","0.0000","0.0000","4665000","4562952510","978.1249"
"20200916","01","11","    67530","JP3359600008","1351.0000","1362.0000","1334.0000","1350.0000","1350.0000","1350.0000","1332.0000","1337.0000","1351.0000","1362.0000","1332.0000","1337.0000"," ","0.0000","0.0000","1487700","2001955100","1345.6712"
"20200916","01","11","    67540","JP3128800004","2279.0000","2301.0000","2274.0000","2289.0000","2294.0000","2296.0000","2286.0000","2296.0000","2279.0000","2301.0000","2274.0000","2296.0000"," ","0.0000","0.0000","1495000","3422516600","2289.3088"
"20200916","01","11","    67550","JP3818400008","2990.0000","3030.0000","2990.0000","3015.0000","3010.0000","3015.0000","2993.0000","3000.0000","2990.0000","3030.0000","2990.0000","3000.0000"," ","0.0000","0.0000","356300","1070445200","3004.3368"
"20200916","01","11","    67580","JP3435000009","8097.0000","8196.0000","7993.0000","8142.0000","8160.0000","8210.0000","8154.0000","8210.0000","8097.0000","8210.0000","7993.0000","8210.0000"," ","0.0000","0.0000","7407200","60205844200","8128.0166"
"20200916","01","11","    67620","JP3538800008","11800.0000","11820.0000","11640.0000","11660.0000","11660.0000","11670.0000","11600.0000","11640.0000","11800.0000","11820.0000","11600.0000","11640.0000"," ","0.0000","0.0000","550800","6427557000","11669.4935"
"20200916","01","11","    67630","JP3541600007","1198.0000","1198.0000","1191.0000","1197.0000","1200.0000","1215.0000","1200.0000","1215.0000","1198.0000","1215.0000","1191.0000","1215.0000"," ","0.0000","0.0000","10700","12882800","1204.0000"
"20200916","01","11","    67680","JP3471000004","545.0000","560.0000","542.0000","556.0000","556.0000","558.0000","552.0000","553.0000","545.0000","560.0000","542.0000","553.0000"," ","0.0000","0.0000","568100","313994800","552.7104"
"20200916","01","11","    67700","JP3126400005","1670.0000","1690.0000","1660.0000","1680.0000","1677.0000","1680.0000","1645.0000","1646.0000","1670.0000","1690.0000","1645.0000","1646.0000"," ","0.0000","0.0000","1555700","2589951700","1664.8144"
"20200916","01","11","    67710","JP3132000005","860.0000","862.0000","853.0000","853.0000","861.0000","861.0000","854.0000","858.0000","860.0000","862.0000","853.0000","858.0000"," ","0.0000","0.0000","5400","4628800","857.1852"
"20200916","01","11","    67790","JP3737800007","357.0000","362.0000","354.0000","358.0000","358.0000","358.0000","352.0000","353.0000","357.0000","362.0000","352.0000","353.0000"," ","0.0000","0.0000","75800","27012100","356.3602"
"20200916","01","11","    67850","JP3397210000","687.0000","688.0000","674.0000","681.0000","681.0000","694.0000","681.0000","694.0000","687.0000","694.0000","674.0000","694.0000"," ","0.0000","0.0000","19700","13491800","684.8629"
"20200916","01","11","    67880","JP3739700007","3835.0000","3835.0000","3770.0000","3780.0000","3780.0000","3800.0000","3770.0000","3790.0000","3835.0000","3835.0000","3770.0000","3790.0000"," ","0.0000","0.0000","9400","35631000","3790.5319"
"20200916","01","11","    67890","JP3983450002","1285.0000","1285.0000","1266.0000","1275.0000","1278.0000","1278.0000","1262.0000","1270.0000","1285.0000","1285.0000","1262.0000","1270.0000"," ","0.0000","0.0000","19600","24951700","1273.0459"
"20200916","01","11","    67940","JP3802800007","1262.0000","1266.0000","1238.0000","1251.0000","1251.0000","1256.0000","1228.0000","1229.0000","1262.0000","1266.0000","1228.0000","1229.0000"," ","0.0000","0.0000","52600","65293900","1241.3289"
"20200916","01","11","    67980","JP3162400000","2592.0000","2592.0000","2556.0000","2584.0000","2594.0000","2666.0000","2583.0000","2666.0000","2592.0000","2666.0000","2556.0000","2666.0000"," ","0.0000","0.0000","12900","33928500","2630.1163"
"20200916","01","11","    68000","JP3954200006","2720.0000","2757.0000","2711.0000","2738.0000","2732.0000","2737.0000","2694.0000","2698.0000","2720.0000","2757.0000","2694.0000","2698.0000"," ","0.0000","0.0000","78400","213194100","2719.3125"
"20200916","01","11","    68030","JP3539200000","118.0000","121.0000","116.0000","121.0000","121.0000","126.0000","120.0000","125.0000","118.0000","126.0000","116.0000","125.0000"," ","0.0000","0.0000","992200","120960200","121.9111"
"20200916","01","11","    68040","JP3845800006","996.0000","1011.0000","993.0000","999.0000","1001.0000","1006.0000","995.0000","1004.0000","996.0000","1011.0000","993.0000","1004.0000"," ","0.0000","0.0000","453300","454032500","1001.6159"
"20200916","01","11","    68060","JP3799000009","12700.0000","12740.0000","12610.0000","12680.0000","12720.0000","12720.0000","12600.0000","12620.0000","12700.0000","12740.0000","12600.0000","12620.0000"," ","0.0000","0.0000","62100","785806000","12653.8808"
"20200916","01","11","    68070","JP3705600009","1473.0000","1484.0000","1462.0000","1468.0000","1473.0000","1473.0000","1456.0000","1460.0000","1473.0000","1484.0000","1456.0000","1460.0000"," ","0.0000","0.0000","356100","522179300","1466.3839"
"20200916","01","11","    68090","JP3538600002","813.0000","813.0000","791.0000","805.0000","816.0000","816.0000","796.0000","798.0000","813.0000","816.0000","791.0000","798.0000"," ","0.0000","0.0000","40400","32347400","800.6782"
"20200916","01","11","    68100","JP3791800000","1120.0000","1129.0000","1111.0000","1127.0000","1127.0000","1127.0000","1115.0000","1116.0000","1120.0000","1129.0000","1111.0000","1116.0000"," ","0.0000","0.0000","170800","191413300","1120.6868"
"20200916","01","11","    68140","JP3828400006","995.0000","1009.0000","990.0000","1006.0000","1009.0000","1020.0000","1005.0000","1011.0000","995.0000","1020.0000","990.0000","1011.0000"," ","0.0000","0.0000","76400","76989700","1007.7186"
"20200916","01","11","    68150","JP3952000002","1587.0000","1600.0000","1571.0000","1593.0000","1590.0000","1595.0000","1580.0000","1592.0000","1587.0000","1600.0000","1571.0000","1592.0000"," ","0.0000","0.0000","18000","28611700","1589.5389"
"20200916","01","11","    68170","JP3400800003","762.0000","778.0000","749.0000","774.0000","775.0000","778.0000","766.0000","773.0000","762.0000","778.0000","749.0000","773.0000"," ","0.0000","0.0000","133600","102983700","770.8361"
"20200916","01","11","    68200","JP3101400004","2754.0000","2791.0000","2754.0000","2768.0000","2768.0000","2815.0000","2768.0000","2809.0000","2754.0000","2815.0000","2754.0000","2809.0000"," ","0.0000","0.0000","16000","44610700","2788.1688"
"20200916","01","11","    68230","JP3969700008","2329.0000","2368.0000","2329.0000","2362.0000","2369.0000","2411.0000","2367.0000","2405.0000","2329.0000","2411.0000","2329.0000","2405.0000"," ","0.0000","0.0000","23400","55663400","2378.7778"
"20200916","01","11","    68260","JP3854650003","458.0000","475.0000","456.0000","475.0000","475.0000","475.0000","469.0000","474.0000","458.0000","475.0000","456.0000","474.0000"," ","0.0000","0.0000","115200","53854300","467.4852"
"20200916","01","11","    68390","JP3825850005","467.0000","484.0000","464.0000","482.0000","482.0000","485.0000","477.0000","484.0000","467.0000","485.0000","464.0000","484.0000"," ","0.0000","0.0000","65600","31402700","478.6997"
"20200916","01","11","    68410","JP3955000009","1745.0000","1767.0000","1736.0000","1745.0000","1751.0000","1751.0000","1731.0000","1735.0000","1745.0000","1767.0000","1731.0000","1735.0000"," ","0.0000","0.0000","535100","932115500","1741.9464"
"20200916","01","11","    68440","JP3377800002","2045.0000","2049.0000","2022.0000","2040.0000","2043.0000","2043.0000","2023.0000","2026.0000","2045.0000","2049.0000","2022.0000","2026.0000"," ","0.0000","0.0000","34600","70388200","2034.3410"
"20200916","01","11","    68450","JP3937200008","3465.0000","3500.0000","3460.0000","3485.0000","3500.0000","3505.0000","3470.0000","3500.0000","3465.0000","3505.0000","3460.0000","3500.0000"," ","0.0000","0.0000","171100","596846000","3488.2876"
"20200916","01","11","    68480","JP3557200007","871.0000","876.0000","855.0000","874.0000","878.0000","896.0000","871.0000","890.0000","871.0000","896.0000","855.0000","890.0000"," ","0.0000","0.0000","28400","24838100","874.5810"
"20200916","01","11","    68490","JP3706800004","3460.0000","3490.0000","3450.0000","3480.0000","3480.0000","3510.0000","3475.0000","3500.0000","3460.0000","3510.0000","3450.0000","3500.0000"," ","0.0000","0.0000","215800","752442500","3486.7586"
"20200916","01","11","    68500","JP3511000006","1380.0000","1380.0000","1341.0000","1341.0000","1354.0000","1362.0000","1343.0000","1362.0000","1380.0000","1380.0000","1341.0000","1362.0000"," ","0.0000","0.0000","6300","8534600","1354.6984"
"20200916","01","11","    68530","JP3255200002","425.0000","425.0000","424.0000","425.0000","425.0000","426.0000","424.0000","425.0000","425.0000","426.0000","424.0000","425.0000"," ","0.0000","0.0000","10800","4589900","424.9907"
"20200916","01","11","    68550","JP3735300000","2097.0000","2112.0000","2019.0000","2068.0000","2070.0000","2086.0000","2060.0000","2085.0000","2097.0000","2112.0000","2019.0000","2085.0000"," ","0.0000","0.0000","612600","1264038700","2063.3998"
"20200916","01","11","    68560","JP3853000002","5680.0000","5690.0000","5650.0000","5660.0000","5690.0000","5690.0000","5630.0000","5670.0000","5680.0000","5690.0000","5630.0000","5670.0000"," ","0.0000","0.0000","122300","692530000","5662.5511"
"20200916","01","11","    68570","JP3122400009","5070.0000","5190.0000","5060.0000","5190.0000","5190.0000","5220.0000","5170.0000","5200.0000","5070.0000","5220.0000","5060.0000","5200.0000"," ","0.0000","0.0000","1567100","8089190000","5161.8850"
"20200916","01","11","    68580","JP3196800001","532.0000","532.0000","527.0000","529.0000","530.0000","530.0000","528.0000","529.0000","532.0000","532.0000","527.0000","529.0000"," ","0.0000","0.0000","6100","3226300","528.9016"
"20200916","01","11","    68590","JP3469800001","1850.0000","1859.0000","1829.0000","1833.0000","1835.0000","1838.0000","1823.0000","1829.0000","1850.0000","1859.0000","1823.0000","1829.0000"," ","0.0000","0.0000","56600","103941300","1836.4187"
"20200916","01","11","    68610","JP3236200006","45240.0000","46170.0000","45160.0000","45980.0000","45970.0000","46010.0000","45220.0000","45370.0000","45240.0000","46170.0000","45160.0000","45370.0000"," ","0.0000","0.0000","541100","24695170000","45638.8283"
"20200916","01","11","    68660","JP3783200003","3960.0000","3970.0000","3910.0000","3910.0000","3910.0000","3950.0000","3870.0000","3895.0000","3960.0000","3970.0000","3870.0000","3895.0000"," ","0.0000","0.0000","18900","74065500","3918.8095"
"20200916","01","11","    68690","JP3351100007","9672.0000","9859.0000","9638.0000","9800.0000","9809.0000","9855.0000","9695.0000","9700.0000","9672.0000","9859.0000","9638.0000","9700.0000"," ","0.0000","0.0000","724800","7074137300","9760.1232"
"20200916","01","11","    68710","JP3750400008","1069.0000","1097.0000","1066.0000","1097.0000","1099.0000","1105.0000","1086.0000","1094.0000","1069.0000","1105.0000","1066.0000","1094.0000"," ","0.0000","0.0000","255600","277907900","1087.2766"
"20200916","01","11","    68750","JP3920860008","2578.0000","2645.0000","2573.0000","2642.0000","2645.0000","2647.0000","2617.0000","2627.0000","2578.0000","2647.0000","2573.0000","2627.0000"," ","0.0000","0.0000","294000","771265800","2623.3531"
"20200916","01","11","    68770","JP3197650009","3760.0000","3765.0000","3730.0000","3760.0000","3760.0000","3760.0000","3725.0000","3760.0000","3760.0000","3765.0000","3725.0000","3760.0000"," ","0.0000","0.0000","28100","105380000","3750.1779"
"20200916","01","11","    68790","JP3802900005","393.0000","397.0000","388.0000","397.0000","394.0000","398.0000","394.0000","397.0000","393.0000","398.0000","388.0000","397.0000"," ","0.0000","0.0000","46700","18434500","394.7430"
"20200916","01","11","    69010","JP3323200000","1849.0000","1853.0000","1811.0000","1853.0000","1849.0000","1860.0000","1840.0000","1860.0000","1849.0000","1860.0000","1811.0000","1860.0000"," ","0.0000","0.0000","7800","14390800","1844.9744"
"20200916","01","11","    69020","JP3551500006","4625.0000","4660.0000","4613.0000","4638.0000","4644.0000","4646.0000","4609.0000","4627.0000","4625.0000","4660.0000","4609.0000","4627.0000"," ","0.0000","0.0000","1805200","8358605100","4630.2931"
"20200916","01","11","    69040","JP3772500009","897.0000","898.0000","893.0000","897.0000","898.0000","899.0000","893.0000","899.0000","897.0000","899.0000","893.0000","899.0000"," ","0.0000","0.0000","6400","5742700","897.2969"
"20200916","01","11","    69050","JP3283700007","948.0000","984.0000","941.0000","978.0000","978.0000","1011.0000","957.0000","988.0000","948.0000","1011.0000","941.0000","988.0000"," ","0.0000","0.0000","483100","471609100","976.2142"
"20200916","01","11","    69080","JP3149800009","4325.0000","4425.0000","4310.0000","4420.0000","4425.0000","4425.0000","4385.0000","4410.0000","4325.0000","4425.0000","4310.0000","4410.0000"," ","0.0000","0.0000","58800","258664500","4399.0561"
"20200916","01","11","    69140","JP3197700002","1493.0000","1512.0000","1487.0000","1505.0000","1513.0000","1517.0000","1500.0000","1511.0000","1493.0000","1517.0000","1487.0000","1511.0000"," ","0.0000","0.0000","111100","167135400","1504.3690"
"20200916","01","11","    69150","JP3528450004","1610.0000","1638.0000","1604.0000","1638.0000","1638.0000","1641.0000","1625.0000","1639.0000","1610.0000","1641.0000","1604.0000","1639.0000"," ","0.0000","0.0000","16800","27415800","1631.8929"
"20200916","01","11","    69160","JP3100750003","1052.0000","1072.0000","1045.0000","1055.0000","1057.0000","1060.0000","1053.0000","1057.0000","1052.0000","1072.0000","1045.0000","1057.0000"," ","0.0000","0.0000","30400","32250000","1060.8553"
"20200916","01","11","    69200","JP3979200007","8490.0000","8880.0000","8400.0000","8870.0000","8900.0000","8970.0000","8860.0000","8940.0000","8490.0000","8970.0000","8400.0000","8940.0000"," ","0.0000","0.0000","3693700","32351593000","8758.5871"
"20200916","01","11","    69230","JP3399400005","3235.0000","3235.0000","3180.0000","3200.0000","3190.0000","3200.0000","3165.0000","3165.0000","3235.0000","3235.0000","3165.0000","3165.0000"," ","0.0000","0.0000","326200","1039023500","3185.2345"
"20200916","01","11","    69240","JP3150800005","1512.0000","1559.0000","1512.0000","1514.0000","1515.0000","1519.0000","1498.0000","1517.0000","1512.0000","1559.0000","1498.0000","1517.0000"," ","0.0000","0.0000","90200","137305300","1522.2317"
"20200916","01","11","    69250","JP3156400008","1320.0000","1332.0000","1314.0000","1330.0000","1332.0000","1336.0000","1326.0000","1331.0000","1320.0000","1336.0000","1314.0000","1331.0000"," ","0.0000","0.0000","805400","1067663300","1325.6311"
"20200916","01","11","    69260","JP3193600008","334.0000","335.0000","330.0000","335.0000","335.0000","339.0000","333.0000","339.0000","334.0000","339.0000","330.0000","339.0000"," ","0.0000","0.0000","18900","6330500","334.9471"
"20200916","01","11","    69270","JP3802700009","294.0000","317.0000","294.0000","315.0000","317.0000","333.0000","314.0000","325.0000","294.0000","333.0000","294.0000","325.0000"," ","0.0000","0.0000","335200","106072000","316.4439"
"20200916","01","11","    69280","JP3165800008","1078.0000","1103.0000","1069.0000","1103.0000","1104.0000","1113.0000","1100.0000","1111.0000","1078.0000","1113.0000","1069.0000","1111.0000"," ","0.0000","0.0000","21400","23522600","1099.1869"
"20200916","01","11","    69290","JP3725200004","2680.0000","2699.0000","2664.0000","2688.0000","2688.0000","2697.0000","2669.0000","2669.0000","2680.0000","2699.0000","2664.0000","2669.0000"," ","0.0000","0.0000","56200","150583600","2679.4235"
"20200916","01","11","    69320","JP3169600008","640.0000","640.0000","636.0000","638.0000","638.0000","646.0000","636.0000","646.0000","640.0000","646.0000","636.0000","646.0000"," ","0.0000","0.0000","23900","15303700","640.3222"
"20200916","01","11","    69370","JP3827600002","1095.0000","1118.0000","1079.0000","1083.0000","1081.0000","1101.0000","1081.0000","1100.0000","1095.0000","1118.0000","1079.0000","1100.0000"," ","0.0000","0.0000","266100","291201800","1094.3322"
"20200916","01","11","    69380","JP3432400004","413.0000","417.0000","409.0000","412.0000","412.0000","416.0000","411.0000","416.0000","413.0000","417.0000","409.0000","416.0000"," ","0.0000","0.0000","28200","11643300","412.8830"
"20200916","01","11","    69410","JP3934200001","1348.0000","1378.0000","1337.0000","1372.0000","1372.0000","1372.0000","1352.0000","1370.0000","1348.0000","1378.0000","1337.0000","1370.0000"," ","0.0000","0.0000","196900","268289700","1362.5683"
"20200916","01","11","    69470","JP3412000006","2610.0000","2647.0000","2610.0000","2638.0000","2647.0000","2650.0000","2602.0000","2623.0000","2610.0000","2650.0000","2602.0000","2623.0000"," ","0.0000","0.0000","50400","132308800","2625.1746"
"20200916","01","11","    69510","JP3735000006","3270.0000","3375.0000","3255.0000","3360.0000","3380.0000","3380.0000","3320.0000","3345.0000","3270.0000","3380.0000","3255.0000","3345.0000"," ","0.0000","0.0000","181300","605781000","3341.3183"
"20200916","01","11","    69520","JP3209000003","1748.0000","1765.0000","1734.0000","1747.0000","1747.0000","1756.0000","1744.0000","1752.0000","1748.0000","1765.0000","1734.0000","1752.0000"," ","0.0000","0.0000","1140700","1994342500","1748.3497"
"20200916","01","11","    69540","JP3802400006","20920.0000","21060.0000","20820.0000","20860.0000","20810.0000","20835.0000","20665.0000","20665.0000","20920.0000","21060.0000","20665.0000","20665.0000"," ","0.0000","0.0000","586900","12208557500","20801.7678"
"20200916","01","11","    69580","JP3712000003","499.0000","505.0000","491.0000","494.0000","487.0000","493.0000","482.0000","490.0000","499.0000","505.0000","482.0000","490.0000"," ","0.0000","0.0000","212600","104592400","491.9680"
"20200916","01","11","    69610","JP3169800004","2297.0000","2306.0000","2270.0000","2290.0000","2299.0000","2313.0000","2269.0000","2292.0000","2297.0000","2313.0000","2269.0000","2292.0000"," ","0.0000","0.0000","24600","56348800","2290.6016"
"20200916","01","11","    69620","JP3484400001","1760.0000","1774.0000","1716.0000","1730.0000","1735.0000","1740.0000","1713.0000","1722.0000","1760.0000","1774.0000","1713.0000","1722.0000"," ","0.0000","0.0000","89100","154985300","1739.4534"
"20200916","01","11","    69630","JP3982800009","7970.0000","8100.0000","7960.0000","8090.0000","8100.0000","8100.0000","8010.0000","8020.0000","7970.0000","8100.0000","7960.0000","8020.0000"," ","0.0000","0.0000","413900","3329810000","8044.9626"
"20200916","01","11","    69650","JP3771800004","5070.0000","5110.0000","5050.0000","5090.0000","5110.0000","5110.0000","5070.0000","5090.0000","5070.0000","5110.0000","5050.0000","5090.0000"," ","0.0000","0.0000","169000","859175000","5083.8757"
"20200916","01","11","    69660","JP3892400007","2000.0000","2044.0000","2000.0000","2018.0000","2018.0000","2033.0000","2008.0000","2025.0000","2000.0000","2044.0000","2000.0000","2025.0000"," ","0.0000","0.0000","234600","474676100","2023.3423"
"20200916","01","11","    69670","JP3375800004","1700.0000","1784.0000","1696.0000","1772.0000","1776.0000","1783.0000","1763.0000","1774.0000","1700.0000","1784.0000","1696.0000","1774.0000"," ","0.0000","0.0000","1838000","3234695300","1759.8995"
"20200916","01","11","    69710","JP3249600002","6201.0000","6202.0000","6167.0000","6177.0000","6183.0000","6183.0000","6139.0000","6147.0000","6201.0000","6202.0000","6139.0000","6147.0000"," ","0.0000","0.0000","656500","4045125100","6161.6529"
"20200916","01","11","    69730","JP3247200003","1414.0000","1414.0000","1372.0000","1390.0000","1392.0000","1394.0000","1370.0000","1390.0000","1414.0000","1414.0000","1370.0000","1390.0000"," ","0.0000","0.0000","3100","4292800","1384.7742"
"20200916","01","11","    69760","JP3452000007","3150.0000","3160.0000","3130.0000","3155.0000","3160.0000","3160.0000","3130.0000","3145.0000","3150.0000","3160.0000","3130.0000","3145.0000"," ","0.0000","0.0000","903500","2840210500","3143.5645"
"20200916","01","11","    69810","JP3914400001","6637.0000","6657.0000","6617.0000","6636.0000","6635.0000","6647.0000","6599.0000","6610.0000","6637.0000","6657.0000","6599.0000","6610.0000"," ","0.0000","0.0000","1156000","7657846500","6624.4347"
"20200916","01","11","    69860","JP3824400000","933.0000","945.0000","928.0000","940.0000","942.0000","947.0000","938.0000","946.0000","933.0000","947.0000","928.0000","946.0000"," ","0.0000","0.0000","60800","57262200","941.8125"
"20200916","01","11","    69880","JP3684000007","6590.0000","6620.0000","6560.0000","6570.0000","6580.0000","6590.0000","6550.0000","6590.0000","6590.0000","6620.0000","6550.0000","6590.0000"," ","0.0000","0.0000","642500","4229457000","6582.8125"
"20200916","01","11","    69890","JP3844600001","932.0000","932.0000","922.0000","931.0000","931.0000","936.0000","927.0000","936.0000","932.0000","936.0000","922.0000","936.0000"," ","0.0000","0.0000","7200","6711400","932.1389"
"20200916","01","11","    69950","JP3566600007","1598.0000","1618.0000","1585.0000","1617.0000","1615.0000","1615.0000","1590.0000","1590.0000","1598.0000","1618.0000","1585.0000","1590.0000"," ","0.0000","0.0000","162000","259313500","1600.7006"
"20200916","01","11","    69960","JP3661800007","832.0000","837.0000","826.0000","827.0000","830.0000","830.0000","814.0000","821.0000","832.0000","837.0000","814.0000","821.0000"," ","0.0000","0.0000","229200","189293900","825.8896"
"20200916","01","11","    69970","JP3701200002","1480.0000","1489.0000","1468.0000","1483.0000","1480.0000","1486.0000","1456.0000","1460.0000","1480.0000","1489.0000","1456.0000","1460.0000"," ","0.0000","0.0000","245900","362153900","1472.7690"
"20200916","01","11","    69990","JP3283400004","1105.0000","1126.0000","1099.0000","1121.0000","1121.0000","1121.0000","1108.0000","1113.0000","1105.0000","1126.0000","1099.0000","1113.0000"," ","0.0000","0.0000","101400","113135000","1115.7298"
"20200916","01","11","    70030","JP3891600003","421.0000","423.0000","418.0000","420.0000","422.0000","422.0000","415.0000","415.0000","421.0000","423.0000","415.0000","415.0000"," ","0.0000","0.0000","633000","265178700","418.9237"
"20200916","01","11","    70040","JP3789000001","441.0000","445.0000","438.0000","442.0000","442.0000","442.0000","439.0000","439.0000","441.0000","445.0000","438.0000","439.0000"," ","0.0000","0.0000","488500","215437300","441.0180"
"20200916","01","11","    70110","JP3900000005","2575.0000","2575.0000","2547.5000","2553.5000","2557.5000","2557.5000","2531.5000","2533.5000","2575.0000","2575.0000","2531.5000","2533.5000"," ","0.0000","0.0000","1508600","3844481650","2548.3771"
"20200916","01","11","    70120","JP3224200000","1567.0000","1568.0000","1541.0000","1545.0000","1545.0000","1550.0000","1535.0000","1537.0000","1567.0000","1568.0000","1535.0000","1537.0000"," ","0.0000","0.0000","965000","1490782100","1544.8519"
"20200916","01","11","    70130","JP3134800006","1602.0000","1602.0000","1575.0000","1590.0000","1592.0000","1593.0000","1563.0000","1567.0000","1602.0000","1602.0000","1563.0000","1567.0000"," ","0.0000","0.0000","1312800","2074155000","1579.9474"
"20200916","01","11","    70140","JP3651400008","159.0000","160.0000","157.0000","158.0000","158.0000","158.0000","156.0000","157.0000","159.0000","160.0000","156.0000","157.0000"," ","0.0000","0.0000","385000","60657600","157.5522"
"20200916","01","11","    70220","JP3322810007","163.0000","164.0000","163.0000","164.0000","164.0000","165.0000","163.0000","165.0000","163.0000","165.0000","163.0000","165.0000"," ","0.0000","0.0000","25800","4241400","164.3953"
"20200916","01","11","    70300","JP3400020008","909.0000","920.0000","899.0000","900.0000","901.0000","908.0000","890.0000","902.0000","909.0000","920.0000","890.0000","902.0000"," ","0.0000","0.0000","73000","65865700","902.2699"
"20200916","01","11","    70330","JP3869980007","1383.0000","1519.0000","1370.0000","1501.0000","1488.0000","1514.0000","1435.0000","1477.0000","1383.0000","1519.0000","1370.0000","1477.0000"," ","0.0000","0.0000","456400","667770400","1463.1253"
"20200916","01","11","    70340","JP3833830007","4815.0000","4925.0000","4725.0000","4780.0000","4800.0000","4800.0000","4735.0000","4755.0000","4815.0000","4925.0000","4725.0000","4755.0000"," ","0.0000","0.0000","180100","865828000","4807.4847"
"20200916","01","11","    70350","JP3128620006","985.0000","1040.0000","971.0000","1026.0000","1032.0000","1048.0000","1023.0000","1040.0000","985.0000","1048.0000","971.0000","1040.0000"," ","0.0000","0.0000","188600","193270600","1024.7646"
"20200916","01","11","    70380","JP3829550007","4875.0000","4990.0000","4795.0000","4890.0000","4945.0000","4970.0000","4895.0000","4930.0000","4875.0000","4990.0000","4795.0000","4930.0000"," ","0.0000","0.0000","79600","391282500","4915.6093"
"20200916","01","11","    70440","JP3801650007","2190.0000","2328.0000","2161.0000","2283.0000","2275.0000","2280.0000","2170.0000","2215.0000","2190.0000","2328.0000","2161.0000","2215.0000"," ","0.0000","0.0000","336400","757974000","2253.1926"
"20200916","01","11","    70590","JP3302000009","3095.0000","3095.0000","3025.0000","3085.0000","3085.0000","3090.0000","3045.0000","3045.0000","3095.0000","3095.0000","3025.0000","3045.0000"," ","0.0000","0.0000","29300","89895000","3068.0887"
"20200916","01","11","    70600","JP3263700001","1287.0000","1288.0000","1253.0000","1255.0000","1268.0000","1281.0000","1257.0000","1281.0000","1287.0000","1288.0000","1253.0000","1281.0000"," ","0.0000","0.0000","29200","37059400","1269.1575"
"20200916","01","11","    70850","JP3205100005","700.0000","714.0000","699.0000","711.0000","707.0000","707.0000","685.0000","689.0000","700.0000","714.0000","685.0000","689.0000"," ","0.0000","0.0000","278100","193956800","697.4355"
"20200916","01","11","    70880","JP3803060007","850.0000","875.0000","845.0000","860.0000","864.0000","869.0000","860.0000","862.0000","850.0000","875.0000","845.0000","862.0000"," ","0.0000","0.0000","171600","148251600","863.9371"
"20200916","01","11","    71020","JP3713600009","2922.0000","2922.0000","2868.0000","2910.0000","2919.0000","2929.0000","2900.0000","2927.0000","2922.0000","2929.0000","2868.0000","2927.0000"," ","0.0000","0.0000","13100","38148600","2912.1069"
"20200916","01","11","    71050","JP3753800006","983.0000","983.0000","963.0000","965.0000","965.0000","968.0000","953.0000","956.0000","983.0000","983.0000","953.0000","956.0000"," ","0.0000","0.0000","105100","101226100","963.1408"
"20200916","01","11","    71220","JP3258800006","1365.0000","1385.0000","1364.0000","1379.0000","1379.0000","1384.0000","1379.0000","1384.0000","1365.0000","1385.0000","1364.0000","1384.0000"," ","0.0000","0.0000","2300","3170000","1378.2609"
"20200916","01","11","    71480","JP3166990006","618.0000","618.0000","599.0000","604.0000","604.0000","608.0000","601.0000","601.0000","618.0000","618.0000","599.0000","601.0000"," ","0.0000","0.0000","1359400","822388600","604.9644"
"20200916","01","11","    71500","JP3357800006","705.0000","715.0000","703.0000","706.0000","703.0000","705.0000","696.0000","700.0000","705.0000","715.0000","696.0000","700.0000"," ","0.0000","0.0000","17800","12530000","703.9326"
"20200916","01","11","    71610","JP3387970001","116.0000","118.0000","114.0000","118.0000","117.0000","118.0000","114.0000","116.0000","116.0000","118.0000","114.0000","116.0000"," ","0.0000","0.0000","433500","50437300","116.3490"
"20200916","01","11","    71640","JP3429250008","4135.0000","4150.0000","4105.0000","4120.0000","4120.0000","4125.0000","4075.0000","4085.0000","4135.0000","4150.0000","4075.0000","4085.0000"," ","0.0000","0.0000","247300","1016157500","4109.0073"
"20200916","01","11","    71670","JP3117700009","251.0000","251.0000","248.0000","250.0000","250.0000","251.0000","248.0000","248.0000","251.0000","251.0000","248.0000","248.0000"," ","0.0000","0.0000","4879000","1217621300","249.5637"
"20200916","01","11","    71730","JP3584400000","1247.0000","1248.0000","1230.0000","1248.0000","1249.0000","1250.0000","1220.0000","1222.0000","1247.0000","1250.0000","1220.0000","1222.0000"," ","0.0000","0.0000","42800","52742200","1232.2944"
"20200916","01","11","    71800","JP3246500007","491.0000","494.0000","487.0000","493.0000","493.0000","495.0000","492.0000","495.0000","491.0000","495.0000","487.0000","495.0000"," ","0.0000","0.0000","737000","363120000","492.7001"
"20200916","01","11","    71810","JP3233250004","1705.0000","1724.0000","1698.0000","1717.0000","1722.0000","1726.0000","1710.0000","1711.0000","1705.0000","1726.0000","1698.0000","1711.0000"," ","0.0000","0.0000","1334900","2288314400","1714.2216"
"20200916","01","11","    71820","JP3946750001","860.0000","868.0000","853.0000","867.0000","867.0000","867.0000","861.0000","861.0000","860.0000","868.0000","853.0000","861.0000"," ","0.0000","0.0000","1845600","1591404700","862.2696"
"20200916","01","11","    71840","JP3632150003","306.0000","306.0000","303.0000","306.0000","306.0000","306.0000","304.0000","306.0000","306.0000","306.0000","303.0000","306.0000"," ","0.0000","0.0000","62600","19097400","305.0703"
"20200916","01","11","    71860","JP3305990008","396.0000","399.0000","390.0000","398.0000","400.0000","400.0000","391.0000","392.0000","396.0000","400.0000","390.0000","392.0000"," ","0.0000","0.0000","4279900","1686922100","394.1499"
"20200916","01","11","    71870","JP3386590008","551.0000","557.0000","535.0000","540.0000","542.0000","548.0000","538.0000","548.0000","551.0000","557.0000","535.0000","548.0000"," ","0.0000","0.0000","456500","248151500","543.5958"
"20200916","01","11","    71890","JP3658850007","750.0000","763.0000","743.0000","763.0000","763.0000","765.0000","758.0000","762.0000","750.0000","765.0000","743.0000","762.0000"," ","0.0000","0.0000","366800","278690300","759.7882"
"20200916","01","11","    71900","JP3860150006","630.0000","638.0000","625.0000","636.0000","635.0000","635.0000","625.0000","631.0000","630.0000","638.0000","625.0000","631.0000"," ","0.0000","0.0000","25500","16052900","629.5255"
"20200916","01","11","    71910","JP3153160001","876.0000","881.0000","857.0000","857.0000","857.0000","869.0000","857.0000","865.0000","876.0000","881.0000","857.0000","865.0000"," ","0.0000","0.0000","46300","40069200","865.4255"
"20200916","01","11","    71920","JP3752500003","1100.0000","1129.0000","1100.0000","1114.0000","1115.0000","1117.0000","1083.0000","1092.0000","1100.0000","1129.0000","1083.0000","1092.0000"," ","0.0000","0.0000","143700","159008200","1106.5289"
"20200916","01","11","    71960","JP3204500007","1279.0000","1290.0000","1259.0000","1259.0000","1259.0000","1276.0000","1259.0000","1276.0000","1279.0000","1290.0000","1259.0000","1276.0000"," ","0.0000","0.0000","52100","66235300","1271.3109"
"20200916","01","11","    71980","JP3126290000","1700.0000","1722.0000","1685.0000","1718.0000","1714.0000","1718.0000","1705.0000","1709.0000","1700.0000","1722.0000","1685.0000","1709.0000"," ","0.0000","0.0000","204500","349435700","1708.7320"
"20200916","01","11","    71990","JP3833710001","2063.0000","2072.0000","2041.0000","2050.0000","2051.0000","2051.0000","2034.0000","2044.0000","2063.0000","2072.0000","2034.0000","2044.0000"," ","0.0000","0.0000","33200","68051200","2049.7349"
"20200916","01","11","    72010","JP3672400003","394.0000","394.2000","385.9000","391.4000","391.8000","392.9000","388.3000","388.3000","394.0000","394.2000","385.9000","388.3000"," ","0.0000","0.0000","16419200","6400491590","389.8175"
"20200916","01","11","    72020","JP3137200006","1015.5000","1018.5000","1001.0000","1006.5000","1005.0000","1007.5000","983.5000","985.0000","1015.5000","1018.5000","983.5000","985.0000"," ","0.0000","0.0000","2843100","2831218660","995.8210"
"20200916","01","11","    72030","JP3633400001","7045.0000","7058.0000","7002.0000","7047.0000","7059.0000","7067.0000","7042.0000","7064.0000","7045.0000","7067.0000","7002.0000","7064.0000"," ","0.0000","0.0000","3030600","21358358900","7047.5678"
"20200916","01","11","    72050","JP3792600003","698.0000","700.0000","690.0000","691.0000","690.0000","692.0000","683.0000","683.0000","698.0000","700.0000","683.0000","683.0000"," ","0.0000","0.0000","2441400","1682581600","689.1872"
"20200916","01","11","    72110","JP3899800001","261.0000","261.0000","256.0000","257.0000","258.0000","258.0000","253.0000","253.0000","261.0000","261.0000","253.0000","253.0000"," ","0.0000","0.0000","7225900","1850865400","256.1432"
"20200916","01","11","    72120","JP3166950000","518.0000","518.0000","509.0000","514.0000","515.0000","515.0000","506.0000","510.0000","518.0000","518.0000","506.0000","510.0000"," ","0.0000","0.0000","25300","12936000","511.3043"
"20200916","01","11","    72130","JP3979550005","618.0000","618.0000","613.0000","613.0000","615.0000","616.0000","609.0000","615.0000","618.0000","618.0000","609.0000","615.0000"," ","0.0000","0.0000","13300","8180700","615.0902"
"20200916","01","11","    72140","JP3385860006","644.0000","644.0000","644.0000","644.0000","644.0000","648.0000","644.0000","646.0000","644.0000","648.0000","644.0000","646.0000"," ","0.0000","0.0000","2700","1742200","645.2593"
"20200916","01","11","    72150","JP3802660005","614.0000","615.0000","610.0000","615.0000","619.0000","619.0000","610.0000","611.0000","614.0000","619.0000","610.0000","611.0000"," ","0.0000","0.0000","5500","3373500","613.3636"
"20200916","01","11","    72200","JP3912700006","1151.0000","1155.0000","1136.0000","1146.0000","1142.0000","1144.0000","1127.0000","1127.0000","1151.0000","1155.0000","1127.0000","1127.0000"," ","0.0000","0.0000","188700","214463400","1136.5310"
"20200916","01","11","    72220","JP3672000001","941.0000","941.0000","918.0000","933.0000","934.0000","937.0000","926.0000","937.0000","941.0000","941.0000","918.0000","937.0000"," ","0.0000","0.0000","100700","93691500","930.4022"
"20200916","01","11","    72240","JP3384600007","935.0000","937.0000","927.0000","930.0000","929.0000","930.0000","923.0000","926.0000","935.0000","937.0000","923.0000","926.0000"," ","0.0000","0.0000","343200","318828100","928.9863"
"20200916","01","11","    72260","JP3256900006","1398.0000","1414.0000","1382.0000","1409.0000","1414.0000","1415.0000","1391.0000","1397.0000","1398.0000","1415.0000","1382.0000","1397.0000"," ","0.0000","0.0000","54300","75997200","1399.5801"
"20200916","01","11","    72300","JP3675300002","2247.0000","2247.0000","2246.0000","2247.0000","2247.0000","2247.0000","2245.0000","2245.0000","2247.0000","2247.0000","2245.0000","2245.0000"," ","0.0000","0.0000","446600","1003150100","2246.1937"
"20200916","01","11","    72310","JP3630200008","1182.0000","1182.0000","1160.0000","1179.0000","1181.0000","1181.0000","1165.0000","1175.0000","1182.0000","1182.0000","1160.0000","1175.0000"," ","0.0000","0.0000","32200","37724200","1171.5590"
"20200916","01","11","    72360","JP3620200000","1281.0000","1301.0000","1281.0000","1299.0000","1299.0000","1306.0000","1292.0000","1299.0000","1281.0000","1306.0000","1281.0000","1299.0000"," ","0.0000","0.0000","17000","22082000","1298.9412"
"20200916","01","11","    72380","JP3108400007","165.0000","166.0000","163.0000","164.0000","164.0000","165.0000","162.0000","163.0000","165.0000","166.0000","162.0000","163.0000"," ","0.0000","0.0000","611700","100193000","163.7943"
"20200916","01","11","    72390","JP3465400004","944.0000","955.0000","932.0000","954.0000","955.0000","955.0000","942.0000","946.0000","944.0000","955.0000","932.0000","946.0000"," ","0.0000","0.0000","81600","77194700","946.0135"
"20200916","01","11","    72400","JP3164800009","1176.0000","1179.0000","1164.0000","1178.0000","1175.0000","1177.0000","1161.0000","1161.0000","1176.0000","1179.0000","1161.0000","1161.0000"," ","0.0000","0.0000","263700","308209100","1168.7869"
"20200916","01","11","    72410","JP3824000008","558.0000","560.0000","545.0000","549.0000","551.0000","551.0000","546.0000","546.0000","558.0000","560.0000","545.0000","546.0000"," ","0.0000","0.0000","217500","119336600","548.6740"
"20200916","01","11","    72420","JP3220200004","2181.0000","2192.0000","2158.0000","2182.0000","2177.0000","2185.0000","2164.0000","2171.0000","2181.0000","2192.0000","2158.0000","2171.0000"," ","0.0000","0.0000","71500","155271900","2171.6350"
"20200916","01","11","    72440","JP3141600001","502.0000","503.0000","496.0000","501.0000","505.0000","505.0000","488.0000","490.0000","502.0000","505.0000","488.0000","490.0000"," ","0.0000","0.0000","110500","54682300","494.8624"
"20200916","01","11","    72450","JP3491800003","543.0000","544.0000","536.0000","542.0000","544.0000","544.0000","537.0000","539.0000","543.0000","544.0000","536.0000","539.0000"," ","0.0000","0.0000","87500","47189600","539.3097"
"20200916","01","11","    72460","JP3833600004","305.0000","306.0000","299.0000","301.0000","303.0000","308.0000","300.0000","304.0000","305.0000","308.0000","299.0000","304.0000"," ","0.0000","0.0000","396400","120270800","303.4077"
"20200916","01","11","    72470","JP3882800000","279.0000","279.0000","275.0000","278.0000","278.0000","278.0000","273.0000","277.0000","279.0000","279.0000","273.0000","277.0000"," ","0.0000","0.0000","23600","6533000","276.8220"
"20200916","01","11","    72500","JP3448400006","1032.0000","1034.0000","1014.0000","1027.0000","1030.0000","1030.0000","1019.0000","1025.0000","1032.0000","1034.0000","1014.0000","1025.0000"," ","0.0000","0.0000","101300","103655100","1023.2488"
"20200916","01","11","    72510","JP3277230003","2594.0000","2594.0000","2592.0000","2593.0000","2593.0000","2593.0000","2592.0000","2592.0000","2594.0000","2594.0000","2592.0000","2592.0000"," ","0.0000","0.0000","357000","925461800","2592.3300"
"20200916","01","11","    72560","JP3208600001","365.0000","367.0000","358.0000","360.0000","360.0000","361.0000","359.0000","359.0000","365.0000","367.0000","358.0000","359.0000"," ","0.0000","0.0000","164800","59425800","360.5934"
"20200916","01","11","    72590","JP3102000001","3420.0000","3465.0000","3395.0000","3435.0000","3445.0000","3450.0000","3410.0000","3425.0000","3420.0000","3465.0000","3395.0000","3425.0000"," ","0.0000","0.0000","772100","2645085500","3425.8328"
"20200916","01","11","    72610","JP3868400007","668.0000","668.0000","649.0000","656.0000","658.0000","666.0000","656.0000","658.0000","668.0000","668.0000","649.0000","658.0000"," ","0.0000","0.0000","5354600","3525612900","658.4269"
"20200916","01","11","    72660","JP3149100004","720.0000","720.0000","706.0000","712.0000","713.0000","713.0000","698.0000","704.0000","720.0000","720.0000","698.0000","704.0000"," ","0.0000","0.0000","29800","21116200","708.5973"
"20200916","01","11","    72670","JP3854600008","2656.0000","2663.5000","2611.0000","2631.5000","2638.5000","2645.5000","2627.0000","2629.5000","2656.0000","2663.5000","2611.0000","2629.5000"," ","0.0000","0.0000","6429500","16913707250","2630.6411"
"20200916","01","11","    72690","JP3397200001","4312.0000","4358.0000","4271.0000","4340.0000","4333.0000","4345.0000","4320.0000","4333.0000","4312.0000","4358.0000","4271.0000","4333.0000"," ","0.0000","0.0000","1443500","6245986800","4326.9739"
"20200916","01","11","    72700","JP3814800003","2168.0000","2177.5000","2145.0000","2174.0000","2169.0000","2172.5000","2155.0000","2156.5000","2168.0000","2177.5000","2145.0000","2156.5000"," ","0.0000","0.0000","2782100","6013213750","2161.3938"
"20200916","01","11","    72710","JP3932850005","1117.0000","1123.0000","1112.0000","1112.0000","1121.0000","1150.0000","1116.0000","1150.0000","1117.0000","1150.0000","1112.0000","1150.0000"," ","0.0000","0.0000","16600","18765800","1130.4699"
"20200916","01","11","    72720","JP3942800008","1694.0000","1694.0000","1659.0000","1671.0000","1672.0000","1675.0000","1656.0000","1656.0000","1694.0000","1694.0000","1656.0000","1656.0000"," ","0.0000","0.0000","1690500","2814759200","1665.0454"
"20200916","01","11","    72740","JP3360300002","2295.0000","2296.0000","2293.0000","2294.0000","2294.0000","2294.0000","2293.0000","2293.0000","2295.0000","2296.0000","2293.0000","2293.0000"," ","0.0000","0.0000","404500","927929800","2294.0168"
"20200916","01","11","    72760","JP3284600008","5610.0000","5680.0000","5570.0000","5650.0000","5650.0000","5670.0000","5610.0000","5610.0000","5610.0000","5680.0000","5570.0000","5610.0000"," ","0.0000","0.0000","341800","1923040000","5626.2142"
"20200916","01","11","    72770","JP3588200000","443.0000","444.0000","441.0000","444.0000","446.0000","450.0000","445.0000","450.0000","443.0000","450.0000","441.0000","450.0000"," ","0.0000","0.0000","17200","7676100","446.2849"
"20200916","01","11","    72780","JP3161160001","1429.0000","1429.0000","1398.0000","1413.0000","1418.0000","1418.0000","1397.0000","1398.0000","1429.0000","1429.0000","1397.0000","1398.0000"," ","0.0000","0.0000","145000","203568500","1403.9207"
"20200916","01","11","    72800","JP3895200008","407.0000","408.0000","398.0000","406.0000","406.0000","407.0000","400.0000","403.0000","407.0000","408.0000","398.0000","403.0000"," ","0.0000","0.0000","63500","25612300","403.3433"
"20200916","01","11","    72820","JP3634200004","2393.0000","2393.0000","2362.0000","2374.0000","2369.0000","2371.0000","2338.0000","2364.0000","2393.0000","2393.0000","2338.0000","2364.0000"," ","0.0000","0.0000","474700","1122452000","2364.5502"
"20200916","01","11","    72830","JP3101600009","495.0000","495.0000","483.0000","489.0000","492.0000","492.0000","485.0000","485.0000","495.0000","495.0000","483.0000","485.0000"," ","0.0000","0.0000","71900","35016200","487.0125"
"20200916","01","11","    72840","JP3920800004","935.0000","980.0000","927.0000","980.0000","1010.0000","1060.0000","996.0000","1008.0000","935.0000","1060.0000","927.0000","1008.0000"," ","0.0000","0.0000","10300","10269300","997.0194"
"20200916","01","11","    72910","JP3749200006","438.0000","440.0000","433.0000","436.0000","441.0000","441.0000","433.0000","434.0000","438.0000","441.0000","433.0000","434.0000"," ","0.0000","0.0000","31700","13804500","435.4732"
"20200916","01","11","    72940","JP3961400003","1004.0000","1004.0000","983.0000","989.0000","989.0000","1006.0000","982.0000","1002.0000","1004.0000","1006.0000","982.0000","1002.0000"," ","0.0000","0.0000","69000","68586400","994.0058"
"20200916","01","11","    72960","JP3166900005","2058.0000","2058.0000","2033.0000","2045.0000","2053.0000","2053.0000","2024.0000","2032.0000","2058.0000","2058.0000","2024.0000","2032.0000"," ","0.0000","0.0000","109600","223544100","2039.6359"
"20200916","01","11","    73050","JP3125600001","1096.0000","1110.0000","1092.0000","1110.0000","1110.0000","1110.0000","1105.0000","1105.0000","1096.0000","1110.0000","1092.0000","1105.0000"," ","0.0000","0.0000","5900","6511100","1103.5763"
"20200916","01","11","    73090","JP3358000002","21120.0000","21230.0000","21030.0000","21160.0000","21210.0000","21280.0000","21110.0000","21270.0000","21120.0000","21280.0000","21030.0000","21270.0000"," ","0.0000","0.0000","171800","3642302000","21200.8265"
"20200916","01","11","    73130","JP3539230007","3300.0000","3300.0000","3260.0000","3265.0000","3260.0000","3265.0000","3210.0000","3215.0000","3300.0000","3300.0000","3210.0000","3215.0000"," ","0.0000","0.0000","168200","544656000","3238.1451"
"20200916","01","11","    73210","JP3229500008","471.0000","471.0000","461.0000","468.0000","469.0000","469.0000","460.0000","460.0000","471.0000","471.0000","460.0000","460.0000"," ","0.0000","0.0000","274300","127227700","463.8268"
"20200916","01","11","    73220","JP3333500001","1376.0000","1383.0000","1364.0000","1383.0000","1384.0000","1386.0000","1371.0000","1381.0000","1376.0000","1386.0000","1364.0000","1381.0000"," ","0.0000","0.0000","31400","43210500","1376.1306"
"20200916","01","11","    73270","JP3483850008","2237.0000","2250.0000","2214.0000","2250.0000","2250.0000","2252.0000","2233.0000","2240.0000","2237.0000","2252.0000","2214.0000","2240.0000"," ","0.0000","0.0000","121600","271992100","2236.7771"
"20200916","01","11","    74080","JP3390000002","701.0000","708.0000","695.0000","706.0000","705.0000","708.0000","698.0000","700.0000","701.0000","708.0000","695.0000","700.0000"," ","0.0000","0.0000","42000","29500800","702.4000"
"20200916","01","11","    74140","JP3196700003","1146.0000","1146.0000","1132.0000","1139.0000","1141.0000","1142.0000","1134.0000","1140.0000","1146.0000","1146.0000","1132.0000","1140.0000"," ","0.0000","0.0000","21200","24150400","1139.1698"
"20200916","01","11","    74160","JP3773600006","735.0000","735.0000","726.0000","727.0000","728.0000","739.0000","728.0000","739.0000","735.0000","739.0000","726.0000","739.0000"," ","0.0000","0.0000","6400","4699700","734.3281"
"20200916","01","11","    74170","JP3653700009","1648.0000","1650.0000","1630.0000","1630.0000","1644.0000","1667.0000","1644.0000","1660.0000","1648.0000","1667.0000","1630.0000","1660.0000"," ","0.0000","0.0000","4500","7444100","1654.2444"
"20200916","01","11","    74190","JP3761600000","2784.0000","2825.0000","2780.0000","2808.0000","2813.0000","2829.0000","2807.0000","2825.0000","2784.0000","2829.0000","2780.0000","2825.0000"," ","0.0000","0.0000","140600","395439400","2812.5135"
"20200916","01","11","    74200","JP3322300009","849.0000","850.0000","843.0000","850.0000","850.0000","850.0000","845.0000","848.0000","849.0000","850.0000","843.0000","848.0000"," ","0.0000","0.0000","8600","7293500","848.0814"
"20200916","01","11","    74210","JP3212400000","1568.0000","1586.0000","1558.0000","1583.0000","1584.0000","1595.0000","1581.0000","1595.0000","1568.0000","1595.0000","1558.0000","1595.0000"," ","0.0000","0.0000","234500","370030400","1577.9548"
"20200916","01","11","    74270","JP3161170000","582.0000","582.0000","580.0000","581.0000","581.0000","581.0000","576.0000","578.0000","582.0000","582.0000","576.0000","578.0000"," ","0.0000","0.0000","3200","1851400","578.5625"
"20200916","01","11","    74330","JP3766400000","1139.0000","1146.0000","1126.0000","1139.0000","1140.0000","1140.0000","1128.0000","1138.0000","1139.0000","1146.0000","1126.0000","1138.0000"," ","0.0000","0.0000","106100","120525200","1135.9585"
"20200916","01","11","    74380","JP3306050000","1283.0000","1291.0000","1250.0000","1278.0000","1279.0000","1280.0000","1269.0000","1280.0000","1283.0000","1291.0000","1250.0000","1280.0000"," ","0.0000","0.0000","45700","58453100","1279.0613"
"20200916","01","11","    74420","JP3646600001","479.0000","480.0000","479.0000","480.0000","480.0000","480.0000","478.0000","480.0000","479.0000","480.0000","478.0000","480.0000"," ","0.0000","0.0000","11000","5275600","479.6000"
"20200916","01","11","    74450","JP3965600004","555.0000","557.0000","549.0000","552.0000","555.0000","558.0000","551.0000","558.0000","555.0000","558.0000","549.0000","558.0000"," ","0.0000","0.0000","64100","35502800","553.8658"
"20200916","01","11","    74470","JP3647000003","2727.0000","2763.0000","2720.0000","2753.0000","2763.0000","2763.0000","2744.0000","2750.0000","2727.0000","2763.0000","2720.0000","2750.0000"," ","0.0000","0.0000","29700","81740100","2752.1919"
"20200916","01","11","    74480","JP3385920008","217.0000","220.0000","212.0000","220.0000","220.0000","225.0000","218.0000","218.0000","217.0000","225.0000","212.0000","218.0000"," ","0.0000","0.0000","57100","12508600","219.0648"
"20200916","01","11","    74510","JP3976000004","2791.0000","2809.0000","2791.0000","2806.0000","2807.0000","2814.0000","2806.0000","2812.0000","2791.0000","2814.0000","2791.0000","2812.0000"," ","0.0000","0.0000","32900","92347300","2806.9088"
"20200916","01","11","    74530","JP3976300008","1666.0000","1669.0000","1648.0000","1662.0000","1661.0000","1664.0000","1645.0000","1652.0000","1666.0000","1669.0000","1645.0000","1652.0000"," ","0.0000","0.0000","1922200","3182901700","1655.8640"
"20200916","01","11","    74550","JP3882600004","294.0000","294.0000","291.0000","293.0000","291.0000","293.0000","287.0000","290.0000","294.0000","294.0000","287.0000","290.0000"," ","0.0000","0.0000","19300","5617200","291.0466"
"20200916","01","11","    74560","JP3868500004","1510.0000","1516.0000","1500.0000","1516.0000","1516.0000","1518.0000","1500.0000","1510.0000","1510.0000","1518.0000","1500.0000","1510.0000"," ","0.0000","0.0000","35400","53365400","1507.4972"
"20200916","01","11","    74580","JP3475200006","3415.0000","3420.0000","3365.0000","3420.0000","3415.0000","3415.0000","3395.0000","3405.0000","3415.0000","3420.0000","3365.0000","3405.0000"," ","0.0000","0.0000","168800","573428000","3397.0853"
"20200916","01","11","    74590","JP3268950007","2105.0000","2105.0000","2084.0000","2098.0000","2095.0000","2104.0000","2094.0000","2098.0000","2105.0000","2105.0000","2084.0000","2098.0000"," ","0.0000","0.0000","360900","756843900","2097.1014"
"20200916","01","11","    74630","JP3121950004","1273.0000","1300.0000","1268.0000","1300.0000","1301.0000","1301.0000","1288.0000","1298.0000","1273.0000","1301.0000","1268.0000","1298.0000"," ","0.0000","0.0000","44600","57652900","1292.6659"
"20200916","01","11","    74660","JP3163800000","1399.0000","1399.0000","1372.0000","1395.0000","1397.0000","1399.0000","1388.0000","1399.0000","1399.0000","1399.0000","1372.0000","1399.0000"," ","0.0000","0.0000","6800","9487900","1395.2794"
"20200916","01","11","    74670","JP3765600006","2160.0000","2160.0000","2127.0000","2148.0000","2156.0000","2171.0000","2156.0000","2171.0000","2160.0000","2171.0000","2127.0000","2171.0000"," ","0.0000","0.0000","5700","12281200","2154.5965"
"20200916","01","11","    74750","JP3126300007","2614.0000","2691.0000","2614.0000","2676.0000","2676.0000","2696.0000","2648.0000","2696.0000","2614.0000","2696.0000","2614.0000","2696.0000"," ","0.0000","0.0000","16200","43242300","2669.2778"
"20200916","01","11","    74760","JP3131300000","14620.0000","14950.0000","14510.0000","14530.0000","14600.0000","14610.0000","14360.0000","14400.0000","14620.0000","14950.0000","14360.0000","14400.0000"," ","0.0000","0.0000","94700","1381737000","14590.6758"
"20200916","01","11","    74800","JP3398400006","1174.0000","1185.0000","1174.0000","1185.0000","1190.0000","1200.0000","1190.0000","1200.0000","1174.0000","1200.0000","1174.0000","1200.0000"," ","0.0000","0.0000","8800","10478200","1190.7045"
"20200916","01","11","    74810","JP3174150007","1557.0000","1588.0000","1557.0000","1586.0000","1588.0000","1589.0000","1578.0000","1589.0000","1557.0000","1589.0000","1557.0000","1589.0000"," ","0.0000","0.0000","5900","9337000","1582.5424"
"20200916","01","11","    74820","JP3359500000","1308.0000","1314.0000","1304.0000","1314.0000","1314.0000","1320.0000","1307.0000","1320.0000","1308.0000","1320.0000","1304.0000","1320.0000"," ","0.0000","0.0000","13000","17055600","1311.9692"
"20200916","01","11","    74830","JP3638000004","2153.0000","2153.0000","2118.0000","2127.0000","2125.0000","2130.0000","2106.0000","2109.0000","2153.0000","2153.0000","2106.0000","2109.0000"," ","0.0000","0.0000","70000","148560300","2122.2900"
"20200916","01","11","    74870","JP3196650000","1816.0000","1822.0000","1809.0000","1809.0000","1820.0000","1820.0000","1807.0000","1813.0000","1816.0000","1822.0000","1807.0000","1813.0000"," ","0.0000","0.0000","9700","17596400","1814.0619"
"20200916","01","11","    74940","JP3300000001","286.0000","287.0000","282.0000","285.0000","282.0000","287.0000","282.0000","287.0000","286.0000","287.0000","282.0000","287.0000"," ","0.0000","0.0000","51400","14662700","285.2665"
"20200916","01","11","    75040","JP3288900008","1579.0000","1585.0000","1571.0000","1584.0000","1588.0000","1597.0000","1582.0000","1597.0000","1579.0000","1597.0000","1571.0000","1597.0000"," ","0.0000","0.0000","33200","52677100","1586.6596"
"20200916","01","11","    75060","JP3765300003","1633.0000","1633.0000","1600.0000","1600.0000","1633.0000","1635.0000","1607.0000","1635.0000","1633.0000","1635.0000","1600.0000","1635.0000"," ","0.0000","0.0000","1400","2271500","1622.5000"
"20200916","01","11","    75080","JP3172450003","2682.0000","2747.0000","2682.0000","2739.0000","2748.0000","2763.0000","2733.0000","2753.0000","2682.0000","2763.0000","2682.0000","2753.0000"," ","0.0000","0.0000","118900","325563100","2738.1253"
"20200916","01","11","    75100","JP3463100002","1499.0000","1500.0000","1498.0000","1499.0000","1499.0000","1500.0000","1495.0000","1500.0000","1499.0000","1500.0000","1495.0000","1500.0000"," ","0.0000","0.0000","2200","3298200","1499.1818"
"20200916","01","11","    75120","JP3860270002","823.0000","840.0000","822.0000","835.0000","838.0000","840.0000","835.0000","840.0000","823.0000","840.0000","822.0000","840.0000"," ","0.0000","0.0000","64400","53779300","835.0823"
"20200916","01","11","    75130","JP3297380002","511.0000","519.0000","510.0000","517.0000","517.0000","517.0000","511.0000","513.0000","511.0000","519.0000","510.0000","513.0000"," ","0.0000","0.0000","311400","160151200","514.2942"
"20200916","01","11","    75140","JP3793500004","936.0000","938.0000","917.0000","926.0000","937.0000","940.0000","933.0000","937.0000","936.0000","940.0000","917.0000","937.0000"," ","0.0000","0.0000","8000","7473500","934.1875"
"20200916","01","11","    75160","JP3283750002","3760.0000","3820.0000","3735.0000","3810.0000","3810.0000","3810.0000","3745.0000","3795.0000","3760.0000","3820.0000","3735.0000","3795.0000"," ","0.0000","0.0000","343000","1296435000","3779.6939"
"20200916","01","11","    75180","JP3758200004","4385.0000","4470.0000","4370.0000","4440.0000","4425.0000","4480.0000","4410.0000","4480.0000","4385.0000","4480.0000","4370.0000","4480.0000"," ","0.0000","0.0000","681900","3027667000","4440.0455"
"20200916","01","11","    75200","JP3161180009","2087.0000","2145.0000","2075.0000","2117.0000","2117.0000","2139.0000","2113.0000","2138.0000","2087.0000","2145.0000","2075.0000","2138.0000"," ","0.0000","0.0000","74100","157107200","2120.2051"
"20200916","01","11","    75220","JP3993900004","1071.0000","1087.0000","1062.0000","1063.0000","1068.0000","1070.0000","1053.0000","1054.0000","1071.0000","1087.0000","1053.0000","1054.0000"," ","0.0000","0.0000","168200","179479300","1067.0589"
"20200916","01","11","    75240","JP3875000006","622.0000","626.0000","622.0000","626.0000","624.0000","630.0000","624.0000","630.0000","622.0000","630.0000","622.0000","630.0000"," ","0.0000","0.0000","18300","11425600","624.3497"
"20200916","01","11","    75250","JP3974500005","1566.0000","1601.0000","1566.0000","1601.0000","1600.0000","1600.0000","1591.0000","1600.0000","1566.0000","1601.0000","1566.0000","1600.0000"," ","0.0000","0.0000","4700","7479800","1591.4468"
"20200916","01","11","    75270","JP3351000009","101.0000","101.0000","99.0000","101.0000","101.0000","101.0000","100.0000","101.0000","101.0000","101.0000","99.0000","101.0000"," ","0.0000","0.0000","238000","23893600","100.3933"
"20200916","01","11","    75320","JP3639650005","2314.0000","2327.0000","2307.0000","2321.0000","2324.0000","2346.0000","2316.0000","2345.0000","2314.0000","2346.0000","2307.0000","2345.0000"," ","0.0000","0.0000","925000","2154485900","2329.1739"
"20200916","01","11","    75370","JP3877500003","486.0000","493.0000","484.0000","492.0000","492.0000","499.0000","491.0000","499.0000","486.0000","499.0000","484.0000","499.0000"," ","0.0000","0.0000","49400","24416000","494.2510"
"20200916","01","11","    75450","JP3659300002","1237.0000","1242.0000","1227.0000","1238.0000","1240.0000","1241.0000","1231.0000","1241.0000","1237.0000","1242.0000","1227.0000","1241.0000"," ","0.0000","0.0000","390200","482557000","1236.6914"
"20200916","01","11","    75500","JP3429300001","2520.0000","2559.0000","2515.0000","2550.0000","2555.0000","2557.0000","2542.0000","2552.0000","2520.0000","2559.0000","2515.0000","2552.0000"," ","0.0000","0.0000","451300","1147594800","2542.8646"
"20200916","01","11","    75520","JP3770300006","1333.0000","1340.0000","1326.0000","1332.0000","1334.0000","1335.0000","1321.0000","1330.0000","1333.0000","1340.0000","1321.0000","1330.0000"," ","0.0000","0.0000","33400","44423600","1330.0479"
"20200916","01","11","    75540","JP3292400003","1763.0000","1796.0000","1748.0000","1779.0000","1782.0000","1806.0000","1782.0000","1801.0000","1763.0000","1806.0000","1748.0000","1801.0000"," ","0.0000","0.0000","104500","186653700","1786.1598"
"20200916","01","11","    75610","JP3765100007","985.0000","987.0000","984.0000","987.0000","987.0000","991.0000","987.0000","989.0000","985.0000","991.0000","984.0000","989.0000"," ","0.0000","0.0000","8600","8499200","988.2791"
"20200916","01","11","    75700","JP3768000006","2499.0000","2500.0000","2426.0000","2454.0000","2454.0000","2471.0000","2404.0000","2432.0000","2499.0000","2500.0000","2404.0000","2432.0000"," ","0.0000","0.0000","9800","24144500","2463.7245"
"20200916","01","11","    75750","JP3754500001","1469.0000","1480.0000","1455.0000","1477.0000","1479.0000","1480.0000","1467.0000","1475.0000","1469.0000","1480.0000","1455.0000","1475.0000"," ","0.0000","0.0000","215800","317661300","1472.0171"
"20200916","01","11","    75810","JP3310500008","2109.0000","2146.0000","2096.0000","2142.0000","2146.0000","2155.0000","2139.0000","2153.0000","2109.0000","2155.0000","2096.0000","2153.0000"," ","0.0000","0.0000","375000","801866400","2138.3104"
"20200916","01","11","    75900","JP3456500002","656.0000","659.0000","644.0000","655.0000","657.0000","657.0000","651.0000","655.0000","656.0000","659.0000","644.0000","655.0000"," ","0.0000","0.0000","48400","31704700","655.0558"
"20200916","01","11","    75930","JP3854700006","415.0000","420.0000","409.0000","419.0000","419.0000","423.0000","415.0000","420.0000","415.0000","423.0000","409.0000","420.0000"," ","0.0000","0.0000","397300","166042000","417.9260"
"20200916","01","11","    75940","JP3873000008","2036.0000","2036.0000","2014.0000","2022.0000","2034.0000","2034.0000","1992.0000","2010.0000","2036.0000","2036.0000","1992.0000","2010.0000"," ","0.0000","0.0000","15300","30835100","2015.3660"
"20200916","01","11","    75950","JP3126110000","3545.0000","3620.0000","3520.0000","3620.0000","3620.0000","3620.0000","3570.0000","3600.0000","3545.0000","3620.0000","3520.0000","3600.0000"," ","0.0000","0.0000","40900","146648000","3585.5257"
"20200916","01","11","    75960","JP3155800000","1858.0000","1872.0000","1849.0000","1867.0000","1867.0000","1878.0000","1867.0000","1875.0000","1858.0000","1878.0000","1849.0000","1875.0000"," ","0.0000","0.0000","18500","34544500","1867.2703"
"20200916","01","11","    75990","JP3235700006","624.0000","646.0000","622.0000","640.0000","640.0000","640.0000","627.0000","629.0000","624.0000","646.0000","622.0000","629.0000"," ","0.0000","0.0000","902300","573467700","635.5621"
"20200916","01","11","    76000","JP3689100000","2199.0000","2259.0000","2188.0000","2255.0000","2255.0000","2259.0000","2237.0000","2237.0000","2199.0000","2259.0000","2188.0000","2237.0000"," ","0.0000","0.0000","117300","262875600","2241.0537"
"20200916","01","11","    76010","JP3856600006","415.0000","420.0000","415.0000","419.0000","420.0000","420.0000","418.0000","418.0000","415.0000","420.0000","415.0000","418.0000"," ","0.0000","0.0000","9900","4140400","418.2222"
"20200916","01","11","    76050","JP3812300006","2257.0000","2291.0000","2238.0000","2286.0000","2286.0000","2304.0000","2286.0000","2304.0000","2257.0000","2304.0000","2238.0000","2304.0000"," ","0.0000","0.0000","9400","21538500","2291.3298"
"20200916","01","11","    76060","JP3949400000","1639.0000","1650.0000","1605.0000","1621.0000","1620.0000","1627.0000","1611.0000","1623.0000","1639.0000","1650.0000","1605.0000","1623.0000"," ","0.0000","0.0000","373400","605205100","1620.7957"
"20200916","01","11","    76070","JP3384710004","2193.0000","2200.0000","2158.0000","2199.0000","2200.0000","2207.0000","2186.0000","2192.0000","2193.0000","2207.0000","2158.0000","2192.0000"," ","0.0000","0.0000","31800","69782900","2194.4308"
"20200916","01","11","    76080","JP3162670008","304.0000","304.0000","301.0000","302.0000","302.0000","311.0000","302.0000","311.0000","304.0000","311.0000","301.0000","311.0000"," ","0.0000","0.0000","27900","8531500","305.7885"
"20200916","01","11","    76090","JP3487600003","1469.0000","1506.0000","1469.0000","1502.0000","1504.0000","1524.0000","1494.0000","1524.0000","1469.0000","1524.0000","1469.0000","1524.0000"," ","0.0000","0.0000","19000","28547700","1502.5105"
"20200916","01","11","    76110","JP3765180009","1885.0000","1890.0000","1860.0000","1880.0000","1885.0000","1885.0000","1868.0000","1882.0000","1885.0000","1890.0000","1860.0000","1882.0000"," ","0.0000","0.0000","100200","188163800","1877.8822"
"20200916","01","11","    76130","JP3346700002","1195.0000","1195.0000","1164.0000","1172.0000","1170.0000","1170.0000","1152.0000","1160.0000","1195.0000","1195.0000","1152.0000","1160.0000"," ","0.0000","0.0000","214800","251011900","1168.5843"
"20200916","01","11","    76150","JP3250600008","240.0000","245.0000","240.0000","244.0000","243.0000","243.0000","241.0000","243.0000","240.0000","245.0000","240.0000","243.0000"," ","0.0000","0.0000","12700","3074500","242.0866"
"20200916","01","11","    76160","JP3305970000","1836.0000","1862.0000","1833.0000","1851.0000","1851.0000","1862.0000","1846.0000","1856.0000","1836.0000","1862.0000","1833.0000","1856.0000"," ","0.0000","0.0000","376400","696802200","1851.2279"
"20200916","01","11","    76180","JP3801520002","633.0000","649.0000","633.0000","640.0000","641.0000","645.0000","639.0000","645.0000","633.0000","649.0000","633.0000","645.0000"," ","0.0000","0.0000","207000","132828700","641.6845"
"20200916","01","11","    76190","JP3468820000","738.0000","738.0000","736.0000","738.0000","738.0000","740.0000","738.0000","740.0000","738.0000","740.0000","736.0000","740.0000"," ","0.0000","0.0000","2400","1773800","739.0833"
"20200916","01","11","    76280","JP3173100003","1399.0000","1416.0000","1399.0000","1411.0000","1410.0000","1410.0000","1390.0000","1401.0000","1399.0000","1416.0000","1390.0000","1401.0000"," ","0.0000","0.0000","18700","26200100","1401.0749"
"20200916","01","11","    76300","JP3142150006","5600.0000","5720.0000","5570.0000","5720.0000","5730.0000","5730.0000","5660.0000","5690.0000","5600.0000","5730.0000","5570.0000","5690.0000"," ","0.0000","0.0000","48700","275754000","5662.2998"
"20200916","01","11","    76370","JP3766500007","1281.0000","1281.0000","1264.0000","1270.0000","1266.0000","1275.0000","1255.0000","1261.0000","1281.0000","1281.0000","1255.0000","1261.0000"," ","0.0000","0.0000","6300","7947100","1261.4444"
"20200916","01","11","    76400","JP3629250006","400.0000","408.0000","395.0000","407.0000","407.0000","409.0000","402.0000","402.0000","400.0000","409.0000","395.0000","402.0000"," ","0.0000","0.0000","47000","18947800","403.1447"
"20200916","01","11","    76460","JP3895000002","818.0000","820.0000","807.0000","816.0000","816.0000","828.0000","812.0000","823.0000","818.0000","828.0000","807.0000","823.0000"," ","0.0000","0.0000","61000","49942300","818.7262"
"20200916","01","11","    76490","JP3397060009","7250.0000","7450.0000","7230.0000","7430.0000","7440.0000","7550.0000","7440.0000","7530.0000","7250.0000","7550.0000","7230.0000","7530.0000"," ","0.0000","0.0000","268900","1996228000","7423.6817"
"20200916","01","11","    76730","JP3482700006","1308.0000","1308.0000","1285.0000","1296.0000","1292.0000","1312.0000","1292.0000","1308.0000","1308.0000","1312.0000","1285.0000","1308.0000"," ","0.0000","0.0000","11300","14700700","1300.9469"
"20200916","01","11","    76790","JP3931410009","2506.0000","2549.0000","2506.0000","2544.0000","2544.0000","2561.0000","2523.0000","2529.0000","2506.0000","2561.0000","2506.0000","2529.0000"," ","0.0000","0.0000","27900","70802700","2537.7312"
"20200916","01","11","    77010","JP3357200009","3295.0000","3295.0000","3255.0000","3285.0000","3285.0000","3290.0000","3260.0000","3290.0000","3295.0000","3295.0000","3255.0000","3290.0000"," ","0.0000","0.0000","554600","1819918500","3281.4975"
"20200916","01","11","    77020","JP3386050003","920.0000","921.0000","914.0000","917.0000","917.0000","917.0000","906.0000","913.0000","920.0000","921.0000","906.0000","913.0000"," ","0.0000","0.0000","43700","39968900","914.6201"
"20200916","01","11","    77090","JP3266600000","354.0000","354.0000","350.0000","351.0000","351.0000","351.0000","343.0000","343.0000","354.0000","354.0000","343.0000","343.0000"," ","0.0000","0.0000","14400","5026300","349.0486"
"20200916","01","11","    77150","JP3648350001","875.0000","886.0000","873.0000","880.0000","881.0000","883.0000","872.0000","876.0000","875.0000","886.0000","872.0000","876.0000"," ","0.0000","0.0000","109800","96567600","879.4863"
"20200916","01","11","    77170","JP3829900004","4195.0000","4195.0000","4130.0000","4155.0000","4175.0000","4180.0000","4145.0000","4165.0000","4195.0000","4195.0000","4130.0000","4165.0000"," ","0.0000","0.0000","77400","321968500","4159.7997"
"20200916","01","11","    77180","JP3399000003","1439.0000","1453.0000","1432.0000","1435.0000","1435.0000","1438.0000","1416.0000","1420.0000","1439.0000","1453.0000","1416.0000","1420.0000"," ","0.0000","0.0000","184900","264469200","1430.3364"
"20200916","01","11","    77210","JP3624000000","928.0000","939.0000","924.0000","937.0000","937.0000","940.0000","932.0000","940.0000","928.0000","940.0000","924.0000","940.0000"," ","0.0000","0.0000","24000","22452500","935.5208"
"20200916","01","11","    77230","JP3104400001","4445.0000","4465.0000","4445.0000","4450.0000","4430.0000","4475.0000","4430.0000","4475.0000","4445.0000","4475.0000","4430.0000","4475.0000"," ","0.0000","0.0000","1600","7133500","4458.4375"
"20200916","01","11","    77250","JP3152720003","2000.0000","2046.0000","1969.0000","1971.0000","1974.0000","1979.0000","1953.0000","1956.0000","2000.0000","2046.0000","1953.0000","1956.0000"," ","0.0000","0.0000","255300","505840600","1981.3576"
"20200916","01","11","    77270","JP3173200001","233.0000","237.0000","231.0000","236.0000","233.0000","233.0000","230.0000","232.0000","233.0000","237.0000","230.0000","232.0000"," ","0.0000","0.0000","26600","6194100","232.8609"
"20200916","01","11","    77290","JP3580200008","3255.0000","3335.0000","3250.0000","3335.0000","3340.0000","3365.0000","3305.0000","3350.0000","3255.0000","3365.0000","3250.0000","3350.0000"," ","0.0000","0.0000","255000","847220500","3322.4333"
"20200916","01","11","    77300","JP3869920003","2827.0000","2845.0000","2805.0000","2819.0000","2823.0000","2828.0000","2814.0000","2821.0000","2827.0000","2845.0000","2805.0000","2821.0000"," ","0.0000","0.0000","192400","542994600","2822.2173"
"20200916","01","11","    77310","JP3657400002","751.0000","755.0000","745.0000","753.0000","754.0000","755.0000","743.0000","743.0000","751.0000","755.0000","743.0000","743.0000"," ","0.0000","0.0000","2344000","1752974800","747.8561"
"20200916","01","11","    77320","JP3630400004","1015.0000","1022.0000","1009.0000","1015.0000","1014.0000","1014.0000","998.0000","1003.0000","1015.0000","1022.0000","998.0000","1003.0000"," ","0.0000","0.0000","691500","697636500","1008.8742"
"20200916","01","11","    77330","JP3201200007","2164.5000","2173.0000","2149.5000","2170.5000","2167.5000","2170.0000","2152.5000","2157.0000","2164.5000","2173.0000","2149.5000","2157.0000"," ","0.0000","0.0000","2404000","5191684250","2159.6024"
"20200916","01","11","    77340","JP3971000009","2735.0000","2834.0000","2723.0000","2731.0000","2731.0000","2743.0000","2641.0000","2680.0000","2735.0000","2834.0000","2641.0000","2680.0000"," ","0.0000","0.0000","53400","145395900","2722.7697"
"20200916","01","11","    77350","JP3494600004","5610.0000","5700.0000","5600.0000","5660.0000","5670.0000","5680.0000","5620.0000","5660.0000","5610.0000","5700.0000","5600.0000","5660.0000"," ","0.0000","0.0000","720200","4072638000","5654.8709"
"20200916","01","11","    77390","JP3243200007","1481.0000","1481.0000","1464.0000","1473.0000","1465.0000","1471.0000","1456.0000","1457.0000","1481.0000","1481.0000","1456.0000","1457.0000"," ","0.0000","0.0000","61200","89740400","1466.3464"
"20200916","01","11","    77400","JP3471800007","1717.0000","1717.0000","1684.0000","1697.0000","1695.0000","1695.0000","1671.0000","1671.0000","1717.0000","1717.0000","1671.0000","1671.0000"," ","0.0000","0.0000","73000","123008600","1685.0493"
"20200916","01","11","    77410","JP3837800006","10990.0000","11225.0000","10960.0000","11220.0000","11220.0000","11220.0000","11170.0000","11215.0000","10990.0000","11225.0000","10960.0000","11215.0000"," ","0.0000","0.0000","769800","8586932000","11154.7571"
"20200916","01","11","    77430","JP3347000006","708.0000","718.0000","708.0000","715.0000","719.0000","731.0000","718.0000","731.0000","708.0000","731.0000","708.0000","731.0000"," ","0.0000","0.0000","17900","12919100","721.7374"
"20200916","01","11","    77440","JP3759500006","1635.0000","1699.0000","1635.0000","1692.0000","1694.0000","1699.0000","1690.0000","1698.0000","1635.0000","1699.0000","1635.0000","1698.0000"," ","0.0000","0.0000","340200","574371700","1688.3354"
"20200916","01","11","    77450","JP3160130005","666.0000","680.0000","663.0000","680.0000","680.0000","684.0000","671.0000","674.0000","666.0000","684.0000","663.0000","674.0000"," ","0.0000","0.0000","102200","68898100","674.1497"
"20200916","01","11","    77470","JP3110650003","3055.0000","3090.0000","3050.0000","3075.0000","3065.0000","3070.0000","3030.0000","3045.0000","3055.0000","3090.0000","3030.0000","3045.0000"," ","0.0000","0.0000","518000","1583011500","3056.0068"
"20200916","01","11","    77510","JP3242800005","1755.0000","1758.5000","1738.5000","1750.0000","1750.0000","1752.5000","1742.0000","1742.5000","1755.0000","1758.5000","1738.5000","1742.5000"," ","0.0000","0.0000","3964600","6924160900","1746.4967"
"20200916","01","11","    77520","JP3973400009","734.0000","734.0000","727.0000","728.0000","729.0000","730.0000","720.0000","721.0000","734.0000","734.0000","720.0000","721.0000"," ","0.0000","0.0000","3194600","2322495900","727.0068"
"20200916","01","11","    77620","JP3352400000","321.0000","325.0000","320.0000","321.0000","321.0000","322.0000","319.0000","321.0000","321.0000","325.0000","319.0000","321.0000"," ","0.0000","0.0000","2030400","652430400","321.3310"
"20200916","01","11","    77690","JP3974200002","643.0000","643.0000","642.0000","643.0000","643.0000","643.0000","641.0000","643.0000","643.0000","643.0000","641.0000","643.0000"," ","0.0000","0.0000","5800","3727000","642.5862"
"20200916","01","11","    77750","JP3482500000","560.0000","563.0000","559.0000","560.0000","560.0000","562.0000","559.0000","561.0000","560.0000","563.0000","559.0000","561.0000"," ","0.0000","0.0000","18900","10602600","560.9841"
"20200916","01","11","    77800","JP3921270009","6760.0000","6820.0000","6750.0000","6800.0000","6800.0000","6800.0000","6700.0000","6720.0000","6760.0000","6820.0000","6700.0000","6720.0000"," ","0.0000","0.0000","112900","761197000","6742.2232"
"20200916","01","11","    77820","JP3376500009","392.0000","396.0000","392.0000","393.0000","396.0000","396.0000","393.0000","395.0000","392.0000","396.0000","392.0000","395.0000"," ","0.0000","0.0000","6600","2603300","394.4394"
"20200916","01","11","    78110","JP3646100002","1548.0000","1557.0000","1545.0000","1554.0000","1558.0000","1558.0000","1544.0000","1558.0000","1548.0000","1558.0000","1544.0000","1558.0000"," ","0.0000","0.0000","6900","10714800","1552.8696"
"20200916","01","11","    78160","JP3399770001","1917.0000","1934.0000","1805.0000","1889.0000","1895.0000","1935.0000","1882.0000","1904.0000","1917.0000","1935.0000","1805.0000","1904.0000"," ","0.0000","0.0000","1164200","2181368700","1873.7062"
"20200916","01","11","    78170","JP3781620004","4380.0000","4430.0000","4345.0000","4430.0000","4450.0000","4450.0000","4405.0000","4425.0000","4380.0000","4450.0000","4345.0000","4425.0000"," ","0.0000","0.0000","31500","138911000","4409.8730"
"20200916","01","11","    78180","JP3635670007","1130.0000","1158.0000","1122.0000","1140.0000","1138.0000","1146.0000","1129.0000","1138.0000","1130.0000","1158.0000","1122.0000","1138.0000"," ","0.0000","0.0000","140700","160791800","1142.7989"
"20200916","01","11","    78190","JP3360150001","402.0000","403.0000","400.0000","403.0000","403.0000","404.0000","402.0000","404.0000","402.0000","404.0000","400.0000","404.0000"," ","0.0000","0.0000","8000","3219900","402.4875"
"20200916","01","11","    78200","JP3756230003","1400.0000","1402.0000","1390.0000","1399.0000","1400.0000","1402.0000","1396.0000","1400.0000","1400.0000","1402.0000","1390.0000","1400.0000"," ","0.0000","0.0000","65600","91777400","1399.0457"
"20200916","01","11","    78210","JP3861250003","2573.0000","2636.0000","2569.0000","2599.0000","2601.0000","2616.0000","2596.0000","2605.0000","2573.0000","2636.0000","2569.0000","2605.0000"," ","0.0000","0.0000","125000","325283300","2602.2664"
"20200916","01","11","    78220","JP3160840009","308.0000","318.0000","305.0000","318.0000","316.0000","318.0000","315.0000","315.0000","308.0000","318.0000","305.0000","315.0000"," ","0.0000","0.0000","52000","16276700","313.0135"
"20200916","01","11","    78230","JP3100210008","640.0000","670.0000","639.0000","667.0000","669.0000","674.0000","669.0000","674.0000","640.0000","674.0000","639.0000","674.0000"," ","0.0000","0.0000","51900","34562900","665.9518"
"20200916","01","11","    78320","JP3778630008","6887.0000","6909.0000","6854.0000","6909.0000","6924.0000","6924.0000","6891.0000","6911.0000","6887.0000","6924.0000","6854.0000","6911.0000"," ","0.0000","0.0000","434100","2995939900","6901.4971"
"20200916","01","11","    78330","JP3105070001","850.0000","850.0000","813.0000","821.0000","822.0000","825.0000","816.0000","820.0000","850.0000","850.0000","813.0000","820.0000"," ","0.0000","0.0000","25800","21280700","824.8333"
"20200916","01","11","    78380","JP3253700003","138.0000","138.0000","136.0000","138.0000","138.0000","138.0000","137.0000","137.0000","138.0000","138.0000","136.0000","137.0000"," ","0.0000","0.0000","100300","13809500","137.6820"
"20200916","01","11","    78390","JP3360900009","3550.0000","3580.0000","3525.0000","3550.0000","3550.0000","3550.0000","3535.0000","3545.0000","3550.0000","3580.0000","3525.0000","3545.0000"," ","0.0000","0.0000","83800","297283500","3547.5358"
"20200916","01","11","    78400","JP3826500005","891.0000","891.0000","883.0000","890.0000","894.0000","894.0000","886.0000","889.0000","891.0000","894.0000","883.0000","889.0000"," ","0.0000","0.0000","24300","21619000","889.6708"
"20200916","01","11","    78440","JP3860230006","785.0000","804.0000","781.0000","803.0000","802.0000","802.0000","797.0000","802.0000","785.0000","804.0000","781.0000","802.0000"," ","0.0000","0.0000","212000","169348700","798.8146"
"20200916","01","11","    78460","JP3780610006","3240.0000","3240.0000","3195.0000","3200.0000","3220.0000","3220.0000","3165.0000","3185.0000","3240.0000","3240.0000","3165.0000","3185.0000"," ","0.0000","0.0000","42100","134361500","3191.4846"
"20200916","01","11","    78560","JP3765500008","1549.0000","1580.0000","1546.0000","1572.0000","1572.0000","1574.0000","1549.0000","1566.0000","1549.0000","1580.0000","1546.0000","1566.0000"," ","0.0000","0.0000","40800","63810400","1563.9804"
"20200916","01","11","    78600","JP3160950006","1028.0000","1029.0000","1015.0000","1017.0000","1020.0000","1020.0000","1007.0000","1007.0000","1028.0000","1029.0000","1007.0000","1007.0000"," ","0.0000","0.0000","187000","190093800","1016.5444"
"20200916","01","11","    78620","JP3629200001","981.0000","993.0000","981.0000","992.0000","992.0000","993.0000","982.0000","990.0000","981.0000","993.0000","981.0000","990.0000"," ","0.0000","0.0000","182300","180202700","988.4953"
"20200916","01","11","    78640","JP3813800004","1970.0000","1996.0000","1956.0000","1990.0000","1995.0000","1995.0000","1971.0000","1985.0000","1970.0000","1996.0000","1956.0000","1985.0000"," ","0.0000","0.0000","225200","445560600","1978.5107"
"20200916","01","11","    78670","JP3630550006","861.0000","862.0000","854.0000","859.0000","860.0000","884.0000","860.0000","873.0000","861.0000","884.0000","854.0000","873.0000"," ","0.0000","0.0000","936700","813622400","868.6051"
"20200916","01","11","    78680","JP3287700003","688.0000","696.0000","685.0000","693.0000","693.0000","696.0000","692.0000","693.0000","688.0000","696.0000","685.0000","693.0000"," ","0.0000","0.0000","80100","55552500","693.5393"
"20200916","01","11","    78720","JP3163000007","676.0000","676.0000","665.0000","665.0000","673.0000","673.0000","670.0000","672.0000","676.0000","676.0000","665.0000","672.0000"," ","0.0000","0.0000","6500","4371200","672.4923"
"20200916","01","11","    78740","JP3410800001","1621.0000","1661.0000","1621.0000","1661.0000","1662.0000","1671.0000","1655.0000","1659.0000","1621.0000","1671.0000","1621.0000","1659.0000"," ","0.0000","0.0000","47100","78027100","1656.6263"
"20200916","01","11","    78850","JP3457750002","624.0000","624.0000","621.0000","622.0000","621.0000","626.0000","621.0000","626.0000","624.0000","626.0000","621.0000","626.0000"," ","0.0000","0.0000","20200","12600500","623.7871"
"20200916","01","11","    78880","JP3330900006","276.0000","276.0000","272.0000","273.0000","273.0000","279.0000","273.0000","279.0000","276.0000","279.0000","272.0000","279.0000"," ","0.0000","0.0000","28100","7757000","276.0498"
"20200916","01","11","    78930","JP3119000002","1147.0000","1147.0000","1126.0000","1135.0000","1135.0000","1146.0000","1130.0000","1146.0000","1147.0000","1147.0000","1126.0000","1146.0000"," ","0.0000","0.0000","14300","16269700","1137.7413"
"20200916","01","11","    78970","JP3843000005","120.0000","122.0000","120.0000","121.0000","121.0000","122.0000","121.0000","122.0000","120.0000","122.0000","120.0000","122.0000"," ","0.0000","0.0000","38900","4700200","120.8278"
"20200916","01","11","    78980","JP3390600009","1229.0000","1252.0000","1221.0000","1252.0000","1255.0000","1255.0000","1250.0000","1255.0000","1229.0000","1255.0000","1221.0000","1255.0000"," ","0.0000","0.0000","5600","6970600","1244.7500"
"20200916","01","11","    79050","JP3482600008","1762.0000","1772.0000","1729.0000","1763.0000","1771.0000","1810.0000","1771.0000","1810.0000","1762.0000","1810.0000","1729.0000","1810.0000"," ","0.0000","0.0000","21300","37918300","1780.2019"
"20200916","01","11","    79080","JP3242600009","168.0000","168.0000","166.0000","168.0000","168.0000","169.0000","168.0000","168.0000","168.0000","169.0000","166.0000","168.0000"," ","0.0000","0.0000","36400","6108200","167.8077"
"20200916","01","11","    79110","JP3629000005","1554.0000","1556.0000","1542.0000","1551.0000","1556.0000","1556.0000","1542.0000","1548.0000","1554.0000","1556.0000","1542.0000","1548.0000"," ","0.0000","0.0000","923100","1428734400","1547.7569"
"20200916","01","11","    79120","JP3493800001","2180.0000","2182.0000","2156.0000","2175.0000","2182.0000","2183.0000","2171.0000","2172.0000","2180.0000","2183.0000","2156.0000","2172.0000"," ","0.0000","0.0000","674900","1465490700","2171.4190"
"20200916","01","11","    79140","JP3252800002","2668.0000","2668.0000","2640.0000","2659.0000","2666.0000","2738.0000","2663.0000","2698.0000","2668.0000","2738.0000","2640.0000","2698.0000"," ","0.0000","0.0000","5600","15046800","2686.9286"
"20200916","01","11","    79150","JP3713200008","1270.0000","1295.0000","1266.0000","1279.0000","1280.0000","1282.0000","1254.0000","1254.0000","1270.0000","1295.0000","1254.0000","1254.0000"," ","0.0000","0.0000","174300","222013000","1273.7407"
"20200916","01","11","    79160","JP3904800004","1722.0000","1722.0000","1720.0000","1720.0000","1722.0000","1722.0000","1720.0000","1720.0000","1722.0000","1722.0000","1720.0000","1720.0000"," ","0.0000","0.0000","1800","3099000","1721.6667"
"20200916","01","11","    79170","JP3821000001","4235.0000","4235.0000","4150.0000","4165.0000","4180.0000","4195.0000","4150.0000","4195.0000","4235.0000","4235.0000","4150.0000","4195.0000"," ","0.0000","0.0000","33900","141913500","4186.2389"
"20200916","01","11","    79180","JP3107200002","355.0000","358.0000","351.0000","357.0000","357.0000","357.0000","354.0000","356.0000","355.0000","358.0000","351.0000","356.0000"," ","0.0000","0.0000","76600","27220600","355.3603"
"20200916","01","11","    79210","JP3459000000","2346.0000","2398.0000","2296.0000","2311.0000","2304.0000","2321.0000","2279.0000","2319.0000","2346.0000","2398.0000","2279.0000","2319.0000"," ","0.0000","0.0000","290700","677276600","2329.8129"
"20200916","01","11","    79250","JP3860250004","1037.0000","1038.0000","1030.0000","1034.0000","1035.0000","1040.0000","1035.0000","1040.0000","1037.0000","1040.0000","1030.0000","1040.0000"," ","0.0000","0.0000","56400","58438100","1036.1365"
"20200916","01","11","    79310","JP3910600000","2075.0000","2104.0000","2030.0000","2056.0000","2059.0000","2109.0000","2059.0000","2107.0000","2075.0000","2109.0000","2030.0000","2107.0000"," ","0.0000","0.0000","24900","51990000","2087.9518"
"20200916","01","11","    79360","JP3118000003","1450.0000","1471.0000","1435.0000","1468.0000","1468.0000","1470.0000","1446.0000","1451.0000","1450.0000","1471.0000","1435.0000","1451.0000"," ","0.0000","0.0000","1024800","1490225700","1454.1625"
"20200916","01","11","    79370","JP3533500009","2131.0000","2135.0000","2089.0000","2128.0000","2128.0000","2192.0000","2122.0000","2182.0000","2131.0000","2192.0000","2089.0000","2182.0000"," ","0.0000","0.0000","7800","16748700","2147.2692"
"20200916","01","11","    79400","JP3687800007","794.0000","803.0000","792.0000","799.0000","800.0000","805.0000","798.0000","802.0000","794.0000","805.0000","792.0000","802.0000"," ","0.0000","0.0000","77800","62250400","800.1337"
"20200916","01","11","    79420","JP3386000008","1610.0000","1620.0000","1593.0000","1611.0000","1604.0000","1616.0000","1596.0000","1610.0000","1610.0000","1620.0000","1593.0000","1610.0000"," ","0.0000","0.0000","46400","74526200","1606.1681"
"20200916","01","11","    79430","JP3662200009","3085.0000","3150.0000","3085.0000","3095.0000","3105.0000","3105.0000","3070.0000","3070.0000","3085.0000","3150.0000","3070.0000","3070.0000"," ","0.0000","0.0000","100700","311598000","3094.3198"
"20200916","01","11","    79470","JP3167000003","8330.0000","8390.0000","8280.0000","8360.0000","8370.0000","8450.0000","8360.0000","8420.0000","8330.0000","8450.0000","8280.0000","8420.0000"," ","0.0000","0.0000","94200","790868000","8395.6263"
"20200916","01","11","    79490","JP3303200004","1806.0000","1807.0000","1789.0000","1799.0000","1807.0000","1830.0000","1799.0000","1830.0000","1806.0000","1830.0000","1789.0000","1830.0000"," ","0.0000","0.0000","11600","21010600","1811.2586"
"20200916","01","11","    79510","JP3942600002","5280.0000","5300.0000","5220.0000","5230.0000","5230.0000","5230.0000","5160.0000","5190.0000","5280.0000","5300.0000","5160.0000","5190.0000"," ","0.0000","0.0000","357300","1863244000","5214.7887"
"20200916","01","11","    79520","JP3221400009","2758.0000","2764.0000","2724.0000","2729.0000","2753.0000","2783.0000","2734.0000","2777.0000","2758.0000","2783.0000","2724.0000","2777.0000"," ","0.0000","0.0000","15900","43834400","2756.8805"
"20200916","01","11","    79550","JP3270200003","510.0000","511.0000","506.0000","510.0000","510.0000","513.0000","508.0000","513.0000","510.0000","513.0000","506.0000","513.0000"," ","0.0000","0.0000","20300","10351500","509.9261"
"20200916","01","11","    79560","JP3801600002","4565.0000","4620.0000","4560.0000","4590.0000","4590.0000","4605.0000","4560.0000","4605.0000","4565.0000","4620.0000","4560.0000","4605.0000"," ","0.0000","0.0000","607400","2788763500","4591.3130"
"20200916","01","11","    79580","JP3547800007","1839.0000","1900.0000","1828.0000","1893.0000","1893.0000","1893.0000","1875.0000","1889.0000","1839.0000","1900.0000","1828.0000","1889.0000"," ","0.0000","0.0000","47300","88807900","1877.5455"
"20200916","01","11","    79590","JP3200600009","2516.0000","2548.0000","2516.0000","2531.0000","2531.0000","2541.0000","2516.0000","2516.0000","2516.0000","2548.0000","2516.0000","2516.0000"," ","0.0000","0.0000","9600","24209500","2521.8229"
"20200916","01","11","    79610","JP3217600000","1600.0000","1600.0000","1600.0000","1600.0000","1613.0000","1613.0000","1613.0000","1613.0000","1600.0000","1613.0000","1600.0000","1613.0000"," ","0.0000","0.0000","500","805200","1610.4000"
"20200916","01","11","    79620","JP3262000007","882.0000","896.0000","880.0000","896.0000","894.0000","897.0000","889.0000","896.0000","882.0000","897.0000","880.0000","896.0000"," ","0.0000","0.0000","14200","12676600","892.7183"
"20200916","01","11","    79650","JP3437400009","1710.0000","1744.0000","1698.0000","1743.0000","1743.0000","1745.0000","1703.0000","1710.0000","1710.0000","1745.0000","1698.0000","1710.0000"," ","0.0000","0.0000","90500","155630900","1719.6785"
"20200916","01","11","    79660","JP3977200009","2492.0000","2522.0000","2489.0000","2517.0000","2517.0000","2520.0000","2499.0000","2499.0000","2492.0000","2522.0000","2489.0000","2499.0000"," ","0.0000","0.0000","100900","253072600","2508.1526"
"20200916","01","11","    79700","JP3371600002","899.0000","903.0000","895.0000","902.0000","903.0000","903.0000","888.0000","889.0000","899.0000","903.0000","888.0000","889.0000"," ","0.0000","0.0000","79300","70857000","893.5309"
"20200916","01","11","    79710","JP3620600001","263.0000","265.0000","260.0000","265.0000","265.0000","265.0000","263.0000","265.0000","263.0000","265.0000","260.0000","265.0000"," ","0.0000","0.0000","52800","13920400","263.6439"
"20200916","01","11","    79720","JP3142700008","365.0000","365.0000","360.0000","364.0000","364.0000","365.0000","360.0000","363.0000","365.0000","365.0000","360.0000","363.0000"," ","0.0000","0.0000","129800","47105900","362.9114"
"20200916","01","11","    79740","JP3756600007","59890.0000","59890.0000","59220.0000","59790.0000","59820.0000","59920.0000","59560.0000","59830.0000","59890.0000","59920.0000","59220.0000","59830.0000"," ","0.0000","0.0000","757000","45160547000","59657.2616"
"20200916","01","11","    79760","JP3895600009","1308.0000","1341.0000","1304.0000","1338.0000","1340.0000","1342.0000","1324.0000","1335.0000","1308.0000","1342.0000","1304.0000","1335.0000"," ","0.0000","0.0000","43900","58465400","1331.7859"
"20200916","01","11","    79790","JP3363600002","1527.0000","1545.0000","1518.0000","1534.0000","1529.0000","1538.0000","1517.0000","1523.0000","1527.0000","1545.0000","1517.0000","1523.0000"," ","0.0000","0.0000","27700","42433600","1531.8989"
"20200916","01","11","    79810","JP3460000007","1356.0000","1399.0000","1350.0000","1397.0000","1399.0000","1409.0000","1396.0000","1399.0000","1356.0000","1409.0000","1350.0000","1399.0000"," ","0.0000","0.0000","131700","182975500","1389.3356"
"20200916","01","11","    79840","JP3297000006","1290.0000","1295.0000","1285.0000","1291.0000","1289.0000","1297.0000","1288.0000","1293.0000","1290.0000","1297.0000","1285.0000","1293.0000"," ","0.0000","0.0000","269100","347637700","1291.8532"
"20200916","01","11","    79870","JP3644400008","639.0000","639.0000","634.0000","638.0000","639.0000","645.0000","639.0000","645.0000","639.0000","645.0000","634.0000","645.0000"," ","0.0000","0.0000","23700","15193800","641.0886"
"20200916","01","11","    79880","JP3756200006","2960.0000","3005.0000","2960.0000","2984.0000","2977.0000","2984.0000","2957.0000","2962.0000","2960.0000","3005.0000","2957.0000","2962.0000"," ","0.0000","0.0000","219500","652783000","2973.9544"
"20200916","01","11","    79890","JP3466200007","1314.0000","1315.0000","1307.0000","1315.0000","1315.0000","1316.0000","1309.0000","1316.0000","1314.0000","1316.0000","1307.0000","1316.0000"," ","0.0000","0.0000","12100","15901200","1314.1488"
"20200916","01","11","    79900","JP3503800009","3235.0000","3330.0000","3235.0000","3305.0000","3300.0000","3300.0000","3190.0000","3220.0000","3235.0000","3330.0000","3190.0000","3220.0000"," ","0.0000","0.0000","45600","148667500","3260.2522"
"20200916","01","11","    79940","JP3192400004","760.0000","767.0000","757.0000","764.0000","765.0000","765.0000","757.0000","757.0000","760.0000","767.0000","757.0000","757.0000"," ","0.0000","0.0000","164500","125212800","761.1720"
"20200916","01","11","    79950","JP3744200001","1920.0000","1947.0000","1911.0000","1943.0000","1933.0000","1943.0000","1911.0000","1912.0000","1920.0000","1947.0000","1911.0000","1912.0000"," ","0.0000","0.0000","61800","118976100","1925.1796"
"20200916","01","11","    79990","JP3914000009","1499.0000","1499.0000","1495.0000","1495.0000","1499.0000","1500.0000","1499.0000","1500.0000","1499.0000","1500.0000","1495.0000","1500.0000"," ","0.0000","0.0000","1000","1499000","1499.0000"
"20200916","01","11","    80010","JP3143600009","2725.5000","2733.5000","2715.5000","2726.5000","2735.0000","2736.5000","2726.0000","2729.0000","2725.5000","2736.5000","2715.5000","2729.0000"," ","0.0000","0.0000","3190400","8702316750","2727.6570"
"20200916","01","11","    80020","JP3877600001","654.2000","654.2000","648.6000","651.0000","651.0000","652.5000","649.5000","651.0000","654.2000","654.2000","648.6000","651.0000"," ","0.0000","0.0000","4395600","2861761870","651.0515"
"20200916","01","11","    80050","JP3913600007","876.0000","886.0000","857.0000","883.0000","883.0000","914.0000","874.0000","914.0000","876.0000","914.0000","857.0000","914.0000"," ","0.0000","0.0000","1565500","1385483100","885.0100"
"20200916","01","11","    80070","JP3455600001","1900.0000","1914.0000","1900.0000","1913.0000","1913.0000","1914.0000","1909.0000","1914.0000","1900.0000","1914.0000","1900.0000","1914.0000"," ","0.0000","0.0000","4900","9346000","1907.3469"
"20200916","01","11","    80080","JP3119950008","1856.0000","1878.0000","1839.0000","1878.0000","1839.0000","1881.0000","1839.0000","1881.0000","1856.0000","1881.0000","1839.0000","1881.0000"," ","0.0000","0.0000","43200","80578800","1865.2500"
"20200916","01","11","    80110","JP3339400008","612.0000","615.0000","604.0000","610.0000","610.0000","611.0000","602.0000","606.0000","612.0000","615.0000","602.0000","606.0000"," ","0.0000","0.0000","93700","56932500","607.6041"
"20200916","01","11","    80120","JP3647800006","1503.0000","1518.0000","1492.0000","1511.0000","1517.0000","1517.0000","1505.0000","1508.0000","1503.0000","1518.0000","1492.0000","1508.0000"," ","0.0000","0.0000","197200","297609800","1509.1775"
"20200916","01","11","    80130","JP3640800003","396.0000","396.0000","379.0000","381.0000","382.0000","382.0000","362.0000","373.0000","396.0000","396.0000","362.0000","373.0000"," ","0.0000","0.0000","68200","25706500","376.9282"
"20200916","01","11","    80140","JP3528200003","1615.0000","1652.0000","1606.0000","1647.0000","1645.0000","1666.0000","1629.0000","1664.0000","1615.0000","1666.0000","1606.0000","1664.0000"," ","0.0000","0.0000","40200","66050200","1643.0398"
"20200916","01","11","    80150","JP3635000007","3150.0000","3160.0000","3120.0000","3140.0000","3150.0000","3150.0000","3115.0000","3115.0000","3150.0000","3160.0000","3115.0000","3115.0000"," ","0.0000","0.0000","535900","1676372000","3128.1433"
"20200916","01","11","    80160","JP3203500008","278.0000","279.0000","273.0000","277.0000","277.0000","278.0000","274.0000","275.0000","278.0000","279.0000","273.0000","275.0000"," ","0.0000","0.0000","585600","161688400","276.1072"
"20200916","01","11","    80180","JP3328000009","429.0000","429.0000","424.0000","426.0000","427.0000","429.0000","425.0000","429.0000","429.0000","429.0000","424.0000","429.0000"," ","0.0000","0.0000","31500","13454100","427.1143"
"20200916","01","11","    80200","JP3217100001","1332.0000","1338.0000","1315.0000","1331.0000","1328.0000","1333.0000","1320.0000","1320.0000","1332.0000","1338.0000","1315.0000","1320.0000"," ","0.0000","0.0000","217100","287498400","1324.2672"
"20200916","01","11","    80220","JP3905200006","2003.0000","2003.0000","1975.0000","1978.0000","1989.0000","1989.0000","1973.0000","1982.0000","2003.0000","2003.0000","1973.0000","1982.0000"," ","0.0000","0.0000","37400","74181900","1983.4733"
"20200916","01","11","    80250","JP3531400004","1248.0000","1261.0000","1233.0000","1257.0000","1260.0000","1263.0000","1242.0000","1263.0000","1248.0000","1263.0000","1233.0000","1263.0000"," ","0.0000","0.0000","6800","8522400","1253.2941"
"20200916","01","11","    80280","JP3802600001","2313.0000","2339.0000","2302.0000","2332.0000","2327.0000","2343.0000","2327.0000","2339.0000","2313.0000","2343.0000","2302.0000","2339.0000"," ","0.0000","0.0000","917600","2138186000","2330.1940"
"20200916","01","11","    80290","JP3981000007","850.0000","854.0000","846.0000","851.0000","851.0000","855.0000","831.0000","837.0000","850.0000","855.0000","831.0000","837.0000"," ","0.0000","0.0000","51800","43816800","845.8842"
"20200916","01","11","    80310","JP3893600001","1905.5000","1913.5000","1897.5000","1909.0000","1913.0000","1914.0000","1905.5000","1908.5000","1905.5000","1914.0000","1897.5000","1908.5000"," ","0.0000","0.0000","3068000","5852620000","1907.6336"
"20200916","01","11","    80320","JP3694000005","3745.0000","3750.0000","3725.0000","3745.0000","3760.0000","3780.0000","3745.0000","3780.0000","3745.0000","3780.0000","3725.0000","3780.0000"," ","0.0000","0.0000","9400","35342500","3759.8404"
"20200916","01","11","    80350","JP3571400005","25985.0000","26125.0000","25860.0000","26100.0000","26115.0000","26160.0000","26025.0000","26160.0000","25985.0000","26160.0000","25860.0000","26160.0000"," ","0.0000","0.0000","790500","20597522500","26056.3219"
"20200916","01","11","    80370","JP3219400003","1129.0000","1144.0000","1123.0000","1143.0000","1143.0000","1155.0000","1123.0000","1128.0000","1129.0000","1155.0000","1123.0000","1128.0000"," ","0.0000","0.0000","58100","66197800","1139.3769"
"20200916","01","11","    80380","JP3596600001","3500.0000","3510.0000","3470.0000","3500.0000","3505.0000","3505.0000","3480.0000","3495.0000","3500.0000","3510.0000","3470.0000","3495.0000"," ","0.0000","0.0000","4900","17125000","3494.8980"
"20200916","01","11","    80410","JP3180000006","2878.0000","2878.0000","2850.0000","2850.0000","2850.0000","2878.0000","2840.0000","2878.0000","2878.0000","2878.0000","2840.0000","2878.0000"," ","0.0000","0.0000","9100","26057900","2863.5055"
"20200916","01","11","    80430","JP3399100001","4065.0000","4080.0000","4025.0000","4080.0000","4085.0000","4120.0000","4075.0000","4120.0000","4065.0000","4120.0000","4025.0000","4120.0000"," ","0.0000","0.0000","11100","45348500","4085.4505"
"20200916","01","11","    80500","JP3414700009","1590.0000","1594.0000","1554.0000","1562.0000","1565.0000","1566.0000","1540.0000","1540.0000","1590.0000","1594.0000","1540.0000","1540.0000"," ","0.0000","0.0000","225700","351287100","1556.4338"
"20200916","01","11","    80510","JP3936800006","1047.0000","1057.0000","1035.0000","1056.0000","1060.0000","1060.0000","1051.0000","1051.0000","1047.0000","1060.0000","1035.0000","1051.0000"," ","0.0000","0.0000","142100","149095900","1049.2322"
"20200916","01","11","    80520","JP3534600006","3570.0000","3570.0000","3420.0000","3530.0000","3530.0000","3530.0000","3500.0000","3510.0000","3570.0000","3570.0000","3420.0000","3510.0000"," ","0.0000","0.0000","4900","17208000","3511.8367"
"20200916","01","11","    80530","JP3404600003","1330.0000","1330.0000","1318.0000","1321.0000","1321.5000","1324.0000","1318.0000","1318.0000","1330.0000","1330.0000","1318.0000","1318.0000"," ","0.0000","0.0000","3156900","4169441250","1320.7391"
"20200916","01","11","    80560","JP3754200008","3145.0000","3210.0000","3140.0000","3195.0000","3195.0000","3200.0000","3175.0000","3175.0000","3145.0000","3210.0000","3140.0000","3175.0000"," ","0.0000","0.0000","400300","1275005000","3185.1237"
"20200916","01","11","    80570","JP3157200001","5210.0000","5340.0000","5200.0000","5240.0000","5280.0000","5280.0000","5210.0000","5230.0000","5210.0000","5340.0000","5200.0000","5230.0000"," ","0.0000","0.0000","99500","522946000","5255.7387"
"20200916","01","11","    80580","JP3898400001","2562.0000","2564.0000","2548.0000","2562.0000","2562.0000","2564.0000","2557.5000","2561.0000","2562.0000","2564.0000","2548.0000","2561.0000"," ","0.0000","0.0000","2944900","7534346250","2558.4387"
"20200916","01","11","    80590","JP3475800003","3705.0000","3720.0000","3685.0000","3685.0000","3715.0000","3735.0000","3670.0000","3720.0000","3705.0000","3735.0000","3670.0000","3720.0000"," ","0.0000","0.0000","15400","57076500","3706.2662"
"20200916","01","11","    80600","JP3243600008","1974.0000","1986.0000","1958.0000","1983.0000","1983.0000","1987.0000","1972.0000","1972.0000","1974.0000","1987.0000","1958.0000","1972.0000"," ","0.0000","0.0000","210700","416080100","1974.7513"
"20200916","01","11","    80610","JP3414200000","1360.0000","1369.0000","1346.0000","1358.0000","1363.0000","1369.0000","1348.0000","1368.0000","1360.0000","1369.0000","1346.0000","1368.0000"," ","0.0000","0.0000","12300","16734200","1360.5041"
"20200916","01","11","    80650","JP3322000005","941.0000","956.0000","938.0000","955.0000","954.0000","962.0000","953.0000","962.0000","941.0000","962.0000","938.0000","962.0000"," ","0.0000","0.0000","9100","8685500","954.4505"
"20200916","01","11","    80680","JP3976600001","2850.0000","2894.0000","2850.0000","2885.0000","2876.0000","2886.0000","2833.0000","2844.0000","2850.0000","2894.0000","2833.0000","2844.0000"," ","0.0000","0.0000","286100","819656600","2864.9304"
"20200916","01","11","    80700","JP3576600005","514.0000","521.0000","512.0000","520.0000","524.0000","526.0000","521.0000","526.0000","514.0000","526.0000","512.0000","526.0000"," ","0.0000","0.0000","20000","10427900","521.3950"
"20200916","01","11","    80740","JP3945200008","3240.0000","3290.0000","3215.0000","3285.0000","3300.0000","3315.0000","3285.0000","3305.0000","3240.0000","3315.0000","3215.0000","3305.0000"," ","0.0000","0.0000","30700","101066500","3292.0684"
"20200916","01","11","    80750","JP3374000002","1750.0000","1750.0000","1725.0000","1730.0000","1740.0000","1752.0000","1732.0000","1752.0000","1750.0000","1752.0000","1725.0000","1752.0000"," ","0.0000","0.0000","21900","38034400","1736.7306"
"20200916","01","11","    80770","JP3301000000","316.0000","316.0000","310.0000","312.0000","314.0000","314.0000","310.0000","313.0000","316.0000","316.0000","310.0000","313.0000"," ","0.0000","0.0000","24500","7656600","312.5143"
"20200916","01","11","    80780","JP3777800008","2232.0000","2233.0000","2203.0000","2217.0000","2225.0000","2225.0000","2204.0000","2204.0000","2232.0000","2233.0000","2203.0000","2204.0000"," ","0.0000","0.0000","142700","315736200","2212.5872"
"20200916","01","11","    80790","JP3361200003","4295.0000","4400.0000","4285.0000","4370.0000","4360.0000","4390.0000","4330.0000","4360.0000","4295.0000","4400.0000","4285.0000","4360.0000"," ","0.0000","0.0000","32100","139881500","4357.6791"
"20200916","01","11","    80810","JP3215000005","1450.0000","1450.0000","1448.0000","1449.0000","1450.0000","1450.0000","1444.0000","1450.0000","1450.0000","1450.0000","1444.0000","1450.0000"," ","0.0000","0.0000","10000","14493900","1449.3900"
"20200916","01","11","    80840","JP3976200000","1470.0000","1480.0000","1469.0000","1474.0000","1474.0000","1475.0000","1461.0000","1474.0000","1470.0000","1480.0000","1461.0000","1474.0000"," ","0.0000","0.0000","24100","35488300","1472.5436"
"20200916","01","11","    80860","JP3673600007","1240.0000","1243.0000","1230.0000","1241.0000","1245.0000","1245.0000","1237.0000","1238.0000","1240.0000","1245.0000","1230.0000","1238.0000"," ","0.0000","0.0000","261400","323609000","1237.9839"
"20200916","01","11","    80870","JP3828000004","1364.0000","1364.0000","1354.0000","1360.0000","1370.0000","1370.0000","1356.0000","1365.0000","1364.0000","1370.0000","1354.0000","1365.0000"," ","0.0000","0.0000","11000","14980700","1361.8818"
"20200916","01","11","    80880","JP3151600008","4095.0000","4135.0000","4080.0000","4085.0000","4085.0000","4105.0000","4065.0000","4065.0000","4095.0000","4135.0000","4065.0000","4065.0000"," ","0.0000","0.0000","219100","896427000","4091.4058"
"20200916","01","11","    80890","JP3641300003","1418.0000","1444.0000","1413.0000","1430.0000","1426.0000","1450.0000","1420.0000","1450.0000","1418.0000","1450.0000","1413.0000","1450.0000"," ","0.0000","0.0000","25000","35849400","1433.9760"
"20200916","01","11","    80900","JP3362400008","620.0000","621.0000","616.0000","616.0000","618.0000","621.0000","613.0000","621.0000","620.0000","621.0000","613.0000","621.0000"," ","0.0000","0.0000","7200","4447800","617.7500"
"20200916","01","11","    80910","JP3664400003","1992.0000","2000.0000","1989.0000","2000.0000","2000.0000","2004.0000","1990.0000","2004.0000","1992.0000","2004.0000","1989.0000","2004.0000"," ","0.0000","0.0000","3200","6394300","1998.2188"
"20200916","01","11","    80930","JP3257000004","1378.0000","1428.0000","1364.0000","1422.0000","1422.0000","1433.0000","1418.0000","1430.0000","1378.0000","1433.0000","1364.0000","1430.0000"," ","0.0000","0.0000","6600","9324700","1412.8333"
"20200916","01","11","    80950","JP3150000002","505.0000","511.0000","503.0000","510.0000","509.0000","510.0000","506.0000","508.0000","505.0000","511.0000","503.0000","508.0000"," ","0.0000","0.0000","119300","60638600","508.2867"
"20200916","01","11","    80960","JP3217200009","4075.0000","4145.0000","4075.0000","4110.0000","4110.0000","4175.0000","4105.0000","4175.0000","4075.0000","4175.0000","4075.0000","4175.0000"," ","0.0000","0.0000","27200","112509500","4136.3787"
"20200916","01","11","    80970","JP3323600001","975.0000","988.0000","963.0000","987.0000","997.0000","997.0000","971.0000","978.0000","975.0000","997.0000","963.0000","978.0000"," ","0.0000","0.0000","62100","60857800","979.9968"
"20200916","01","11","    80980","JP3146000009","1362.0000","1377.0000","1358.0000","1374.0000","1376.0000","1379.0000","1369.0000","1370.0000","1362.0000","1379.0000","1358.0000","1370.0000"," ","0.0000","0.0000","191900","263163500","1371.3575"
"20200916","01","11","    81010","JP3276000001","1804.0000","1814.0000","1785.0000","1785.0000","1785.0000","1794.0000","1780.0000","1789.0000","1804.0000","1814.0000","1780.0000","1789.0000"," ","0.0000","0.0000","45900","82312600","1793.3028"
"20200916","01","11","    81030","JP3920600008","491.0000","492.0000","479.0000","484.0000","484.0000","490.0000","482.0000","490.0000","491.0000","492.0000","479.0000","490.0000"," ","0.0000","0.0000","113600","55043900","484.5414"
"20200916","01","11","    81040","JP3273200000","531.0000","534.0000","530.0000","534.0000","535.0000","535.0000","533.0000","535.0000","531.0000","535.0000","530.0000","535.0000"," ","0.0000","0.0000","5200","2775700","533.7885"
"20200916","01","11","    81070","JP3242400004","27.0000","28.0000","26.0000","27.0000","27.0000","27.0000","26.0000","26.0000","27.0000","28.0000","26.0000","26.0000"," ","0.0000","0.0000","358100","9574300","26.7364"
"20200916","01","11","    81080","JP3934400007","1269.0000","1282.0000","1221.0000","1275.0000","1279.0000","1290.0000","1274.0000","1290.0000","1269.0000","1290.0000","1221.0000","1290.0000"," ","0.0000","0.0000","38700","49380700","1275.9871"
"20200916","01","11","    81110","JP3306600002","7840.0000","7940.0000","7690.0000","7840.0000","7810.0000","7850.0000","7740.0000","7740.0000","7840.0000","7940.0000","7690.0000","7740.0000"," ","0.0000","0.0000","122900","956309000","7781.1961"
"20200916","01","11","    81130","JP3951600000","4456.0000","4544.0000","4456.0000","4542.0000","4546.0000","4560.0000","4533.0000","4550.0000","4456.0000","4560.0000","4456.0000","4550.0000"," ","0.0000","0.0000","685800","3107036900","4530.5292"
"20200916","01","11","    81140","JP3548800006","1839.0000","1848.0000","1832.0000","1833.0000","1841.0000","1841.0000","1822.0000","1827.0000","1839.0000","1848.0000","1822.0000","1827.0000"," ","0.0000","0.0000","97800","179321000","1833.5481"
"20200916","01","11","    81180","JP3261200004","595.0000","597.0000","594.0000","594.0000","597.0000","597.0000","594.0000","597.0000","595.0000","597.0000","594.0000","597.0000"," ","0.0000","0.0000","5400","3218900","596.0926"
"20200916","01","11","    81250","JP3992000004","989.0000","995.0000","982.0000","993.0000","995.0000","996.0000","986.0000","996.0000","989.0000","996.0000","982.0000","996.0000"," ","0.0000","0.0000","136300","135067700","990.9589"
"20200916","01","11","    81270","JP3939600007","362.0000","364.0000","359.0000","362.0000","362.0000","365.0000","361.0000","365.0000","362.0000","365.0000","359.0000","365.0000"," ","0.0000","0.0000","27000","9785400","362.4222"
"20200916","01","11","    81290","JP3602600003","2318.0000","2356.0000","2311.0000","2353.0000","2353.0000","2367.0000","2344.0000","2351.0000","2318.0000","2367.0000","2311.0000","2351.0000"," ","0.0000","0.0000","138200","324320700","2346.7489"
"20200916","01","11","    81300","JP3330000005","1657.0000","1677.0000","1650.0000","1652.0000","1653.0000","1656.0000","1647.0000","1654.0000","1657.0000","1677.0000","1647.0000","1654.0000"," ","0.0000","0.0000","76500","126714200","1656.3948"
"20200916","01","11","    81310","JP3894400005","1304.0000","1317.0000","1292.0000","1312.0000","1309.0000","1317.0000","1285.0000","1317.0000","1304.0000","1317.0000","1285.0000","1317.0000"," ","0.0000","0.0000","55500","72604000","1308.1802"
"20200916","01","11","    81320","JP3354000006","3285.0000","3300.0000","3225.0000","3275.0000","3270.0000","3280.0000","3255.0000","3270.0000","3285.0000","3300.0000","3225.0000","3270.0000"," ","0.0000","0.0000","22000","71910500","3268.6591"
"20200916","01","11","    81330","JP3144000001","980.0000","981.0000","970.0000","980.0000","979.0000","980.0000","972.0000","977.0000","980.0000","981.0000","970.0000","977.0000"," ","0.0000","0.0000","78800","76914100","976.0673"
"20200916","01","11","    81360","JP3343200006","1935.0000","1944.0000","1923.0000","1942.0000","1945.0000","1954.0000","1939.0000","1954.0000","1935.0000","1954.0000","1923.0000","1954.0000"," ","0.0000","0.0000","146200","284233600","1944.1423"
"20200916","01","11","    81370","JP3345400000","909.0000","922.0000","897.0000","922.0000","916.0000","918.0000","906.0000","910.0000","909.0000","922.0000","897.0000","910.0000"," ","0.0000","0.0000","38900","35495400","912.4781"
"20200916","01","11","    81400","JP3975400007","2100.0000","2116.0000","2090.0000","2110.0000","2112.0000","2115.0000","2103.0000","2107.0000","2100.0000","2116.0000","2090.0000","2107.0000"," ","0.0000","0.0000","29600","62392900","2107.8682"
"20200916","01","11","    81410","JP3374200008","875.0000","881.0000","869.0000","878.0000","886.0000","887.0000","875.0000","884.0000","875.0000","887.0000","869.0000","884.0000"," ","0.0000","0.0000","26900","23701000","881.0781"
"20200916","01","11","    81420","JP3553200001","1937.0000","1965.0000","1926.0000","1958.0000","1958.0000","1972.0000","1954.0000","1972.0000","1937.0000","1972.0000","1926.0000","1972.0000"," ","0.0000","0.0000","17000","33277000","1957.4706"
"20200916","01","11","    81500","JP3333200008","1831.0000","1856.0000","1831.0000","1856.0000","1859.0000","1874.0000","1853.0000","1873.0000","1831.0000","1874.0000","1831.0000","1873.0000"," ","0.0000","0.0000","9800","18259400","1863.2041"
"20200916","01","11","    81510","JP3616600007","995.0000","1006.0000","987.0000","989.0000","990.0000","998.0000","988.0000","992.0000","995.0000","1006.0000","987.0000","992.0000"," ","0.0000","0.0000","124000","123549700","996.3685"
"20200916","01","11","    81530","JP3922400001","2998.0000","3030.0000","2985.0000","3030.0000","3030.0000","3045.0000","3025.0000","3040.0000","2998.0000","3045.0000","2985.0000","3040.0000"," ","0.0000","0.0000","97500","294498000","3020.4923"
"20200916","01","11","    81540","JP3206200002","2241.0000","2250.0000","2218.0000","2223.0000","2218.0000","2219.0000","2192.0000","2193.0000","2241.0000","2250.0000","2192.0000","2193.0000"," ","0.0000","0.0000","40000","88471100","2211.7775"
"20200916","01","11","    81550","JP3907200004","2373.0000","2399.0000","2359.0000","2394.0000","2389.0000","2400.0000","2382.0000","2395.0000","2373.0000","2400.0000","2359.0000","2395.0000"," ","0.0000","0.0000","86200","205714700","2386.4814"
"20200916","01","11","    81570","JP3533800003","1655.0000","1689.0000","1651.0000","1686.0000","1690.0000","1705.0000","1682.0000","1696.0000","1655.0000","1705.0000","1651.0000","1696.0000"," ","0.0000","0.0000","42500","71673500","1686.4353"
"20200916","01","11","    81580","JP3431400005","536.0000","536.0000","534.0000","536.0000","535.0000","548.0000","535.0000","548.0000","536.0000","548.0000","534.0000","548.0000"," ","0.0000","0.0000","23700","12817000","540.8017"
"20200916","01","11","    81590","JP3466600008","1739.0000","1766.0000","1739.0000","1748.0000","1757.0000","1774.0000","1738.0000","1763.0000","1739.0000","1774.0000","1738.0000","1763.0000"," ","0.0000","0.0000","13700","24106000","1759.5620"
"20200916","01","11","    81600","JP3237000009","2546.0000","2581.0000","2544.0000","2572.0000","2580.0000","2582.0000","2570.0000","2576.0000","2546.0000","2582.0000","2544.0000","2576.0000"," ","0.0000","0.0000","117400","300825100","2562.3944"
"20200916","01","11","    81630","JP3322350004","993.0000","1010.0000","993.0000","998.0000","994.0000","1000.0000","991.0000","997.0000","993.0000","1010.0000","991.0000","997.0000"," ","0.0000","0.0000","120400","120203200","998.3654"
"20200916","01","11","    81650","JP3424600009","383.0000","396.0000","381.0000","387.0000","387.0000","394.0000","385.0000","394.0000","383.0000","396.0000","381.0000","394.0000"," ","0.0000","0.0000","375800","145809500","387.9976"
"20200916","01","11","    81660","JP3453600003","139.0000","139.0000","135.0000","139.0000","139.0000","140.0000","138.0000","139.0000","139.0000","140.0000","135.0000","139.0000"," ","0.0000","0.0000","25800","3548900","137.5543"
"20200916","01","11","    81670","JP3873200004","1792.0000","1841.0000","1777.0000","1784.0000","1785.0000","1815.0000","1781.0000","1815.0000","1792.0000","1841.0000","1777.0000","1815.0000"," ","0.0000","0.0000","125900","227007500","1803.0778"
"20200916","01","11","    81680","JP3277400002","950.0000","970.0000","926.0000","947.0000","941.0000","948.0000","935.0000","943.0000","950.0000","970.0000","926.0000","943.0000"," ","0.0000","0.0000","1749500","1653413900","945.0780"
"20200916","01","11","    81730","JP3393000009","2304.0000","2362.0000","2288.0000","2343.0000","2342.0000","2351.0000","2324.0000","2346.0000","2304.0000","2362.0000","2288.0000","2346.0000"," ","0.0000","0.0000","33200","77555500","2336.0090"
"20200916","01","11","    81740","JP3695600001","4405.0000","4475.0000","4405.0000","4440.0000","4445.0000","4470.0000","4425.0000","4450.0000","4405.0000","4475.0000","4405.0000","4450.0000"," ","0.0000","0.0000","291400","1295877500","4447.0745"
"20200916","01","11","    81790","JP3983600002","1906.0000","1939.0000","1906.0000","1932.0000","1936.0000","1938.0000","1923.0000","1932.0000","1906.0000","1939.0000","1906.0000","1932.0000"," ","0.0000","0.0000","116500","224667900","1928.4798"
"20200916","01","11","    81810","JP3595800008","0.0000","0.0000","0.0000","0.0000","1042.0000","1043.0000","1042.0000","1043.0000","1042.0000","1043.0000","1042.0000","1043.0000"," ","0.0000","0.0000","300","312800","1042.6667"
"20200916","01","11","    81820","JP3145200006","1882.0000","1915.0000","1882.0000","1901.0000","1909.0000","1920.0000","1900.0000","1910.0000","1882.0000","1920.0000","1882.0000","1910.0000"," ","0.0000","0.0000","67500","128560900","1904.6059"
"20200916","01","11","    81840","JP3356800007","2899.0000","2911.0000","2884.0000","2893.0000","2908.0000","2908.0000","2881.0000","2888.0000","2899.0000","2911.0000","2881.0000","2888.0000"," ","0.0000","0.0000","183400","530505500","2892.6145"
"20200916","01","11","    81850","JP3528400009","1001.0000","1005.0000","995.0000","995.0000","1000.0000","1000.0000","988.0000","989.0000","1001.0000","1005.0000","988.0000","989.0000"," ","0.0000","0.0000","46600","46379200","995.2618"
"20200916","01","11","    81940","JP3966600003","4825.0000","4875.0000","4600.0000","4615.0000","4610.0000","4780.0000","4560.0000","4765.0000","4825.0000","4875.0000","4560.0000","4765.0000"," ","0.0000","0.0000","717900","3386543000","4717.2907"
"20200916","01","11","    82000","JP3977000003","2558.0000","2589.0000","2554.0000","2584.0000","2584.0000","2596.0000","2584.0000","2589.0000","2558.0000","2596.0000","2554.0000","2589.0000"," ","0.0000","0.0000","97200","251248100","2584.8570"
"20200916","01","11","    82030","JP3885200000","781.0000","816.0000","775.0000","807.0000","807.0000","817.0000","805.0000","815.0000","781.0000","817.0000","775.0000","815.0000"," ","0.0000","0.0000","295300","238181700","806.5753"
"20200916","01","11","    82070","JP3547200000","415.0000","416.0000","414.0000","416.0000","417.0000","417.0000","414.0000","417.0000","415.0000","417.0000","414.0000","417.0000"," ","0.0000","0.0000","20600","8555500","415.3155"
"20200916","01","11","    82140","JP3105400000","599.0000","600.0000","581.0000","586.0000","587.0000","589.0000","584.0000","587.0000","599.0000","600.0000","581.0000","587.0000"," ","0.0000","0.0000","417700","245174900","586.9641"
"20200916","01","11","    82170","JP3172150009","1341.0000","1377.0000","1341.0000","1358.0000","1361.0000","1367.0000","1354.0000","1367.0000","1341.0000","1377.0000","1341.0000","1367.0000"," ","0.0000","0.0000","150800","204932900","1358.9715"
"20200916","01","11","    82180","JP3305600003","3085.0000","3140.0000","3075.0000","3125.0000","3130.0000","3130.0000","3080.0000","3120.0000","3085.0000","3140.0000","3075.0000","3120.0000"," ","0.0000","0.0000","146900","456731500","3109.1321"
"20200916","01","11","    82190","JP3106200003","607.0000","607.0000","596.0000","603.0000","603.0000","603.0000","598.0000","600.0000","607.0000","607.0000","596.0000","600.0000"," ","0.0000","0.0000","522100","313443500","600.3515"
"20200916","01","11","    82270","JP3358200008","8630.0000","8700.0000","8600.0000","8670.0000","8690.0000","8780.0000","8650.0000","8750.0000","8630.0000","8780.0000","8600.0000","8750.0000"," ","0.0000","0.0000","99000","861516000","8702.1818"
"20200916","01","11","    82300","JP3768400008","300.0000","300.0000","299.0000","300.0000","300.0000","301.0000","299.0000","301.0000","300.0000","301.0000","299.0000","301.0000"," ","0.0000","0.0000","5400","1620700","300.1296"
"20200916","01","11","    82330","JP3456000003","872.0000","876.0000","861.0000","867.0000","866.0000","867.0000","860.0000","861.0000","872.0000","876.0000","860.0000","861.0000"," ","0.0000","0.0000","803000","694842500","865.3082"
"20200916","01","11","    82370","JP3869200000","714.0000","719.0000","705.0000","706.0000","712.0000","713.0000","707.0000","708.0000","714.0000","719.0000","705.0000","708.0000"," ","0.0000","0.0000","110000","78226400","711.1491"
"20200916","01","11","    82420","JP3774600005","713.0000","717.0000","705.0000","715.0000","717.0000","720.0000","713.0000","720.0000","713.0000","720.0000","705.0000","720.0000"," ","0.0000","0.0000","554600","396315000","714.5961"
"20200916","01","11","    82440","JP3250800004","3225.0000","3280.0000","3175.0000","3260.0000","3260.0000","3295.0000","3255.0000","3290.0000","3225.0000","3295.0000","3175.0000","3290.0000"," ","0.0000","0.0000","37200","120915000","3250.4032"
"20200916","01","11","    82520","JP3870400003","2033.0000","2033.0000","1992.0000","2001.0000","2006.0000","2006.0000","1984.0000","1987.0000","2033.0000","2033.0000","1984.0000","1987.0000"," ","0.0000","0.0000","850100","1698996700","1998.5845"
"20200916","01","11","    82530","JP3271400008","1175.0000","1191.0000","1172.0000","1189.0000","1186.0000","1189.0000","1176.0000","1179.0000","1175.0000","1191.0000","1172.0000","1179.0000"," ","0.0000","0.0000","1242800","1468714900","1181.7790"
"20200916","01","11","    82550","JP3772400002","4645.0000","4775.0000","4640.0000","4760.0000","4765.0000","4765.0000","4650.0000","4670.0000","4645.0000","4775.0000","4640.0000","4670.0000"," ","0.0000","0.0000","28200","132505500","4698.7766"
"20200916","01","11","    82600","JP3142400005","176.0000","177.0000","173.0000","177.0000","178.0000","179.0000","177.0000","178.0000","176.0000","179.0000","173.0000","178.0000"," ","0.0000","0.0000","35000","6196300","177.0371"
"20200916","01","11","    82670","JP3388200002","2694.5000","2696.0000","2670.0000","2687.0000","2687.0000","2692.0000","2682.5000","2692.0000","2694.5000","2696.0000","2670.0000","2692.0000"," ","0.0000","0.0000","1078900","2898118100","2686.1786"
"20200916","01","11","    82730","JP3138400001","3835.0000","3880.0000","3825.0000","3840.0000","3830.0000","3830.0000","3800.0000","3820.0000","3835.0000","3880.0000","3800.0000","3820.0000"," ","0.0000","0.0000","115000","440534500","3830.7348"
"20200916","01","11","    82750","JP3802750004","920.0000","920.0000","913.0000","913.0000","915.0000","920.0000","911.0000","920.0000","920.0000","920.0000","911.0000","920.0000"," ","0.0000","0.0000","11900","10910600","916.8571"
"20200916","01","11","    82760","JP3834400008","2178.0000","2203.0000","2178.0000","2196.0000","2204.0000","2210.0000","2189.0000","2210.0000","2178.0000","2210.0000","2178.0000","2210.0000"," ","0.0000","0.0000","86600","190479000","2199.5266"
"20200916","01","11","    82780","JP3807400001","1829.0000","1845.0000","1822.0000","1834.0000","1846.0000","1846.0000","1833.0000","1840.0000","1829.0000","1846.0000","1822.0000","1840.0000"," ","0.0000","0.0000","33600","61694900","1836.1577"
"20200916","01","11","    82790","JP3930200005","7890.0000","8040.0000","7850.0000","7900.0000","7900.0000","7980.0000","7860.0000","7960.0000","7890.0000","8040.0000","7850.0000","7960.0000"," ","0.0000","0.0000","102500","815385000","7954.9756"
"20200916","01","11","    82810","JP3428800001","801.0000","803.0000","791.0000","801.0000","801.0000","802.0000","796.0000","800.0000","801.0000","803.0000","791.0000","800.0000"," ","0.0000","0.0000","102900","82165500","798.4985"
"20200916","01","11","    82820","JP3277150003","1400.0000","1403.0000","1393.0000","1400.0000","1398.0000","1408.0000","1395.0000","1400.0000","1400.0000","1408.0000","1393.0000","1400.0000"," ","0.0000","0.0000","913200","1278310000","1399.8138"
"20200916","01","11","    82830","JP3782200004","5840.0000","5840.0000","5740.0000","5790.0000","5790.0000","5790.0000","5730.0000","5760.0000","5840.0000","5840.0000","5730.0000","5760.0000"," ","0.0000","0.0000","54400","313913000","5770.4596"
"20200916","01","11","    82850","JP3886600000","352.0000","357.0000","350.0000","356.0000","356.0000","361.0000","355.0000","361.0000","352.0000","361.0000","350.0000","361.0000"," ","0.0000","0.0000","97700","34880500","357.0164"
"20200916","01","11","    82890","JP3201400003","958.0000","983.0000","946.0000","982.0000","977.0000","997.0000","977.0000","997.0000","958.0000","997.0000","946.0000","997.0000"," ","0.0000","0.0000","74900","73127900","976.3405"
"20200916","01","11","    82910","JP3587800008","250.0000","252.0000","250.0000","252.0000","250.0000","253.0000","250.0000","252.0000","250.0000","253.0000","250.0000","252.0000"," ","0.0000","0.0000","28500","7156800","251.1158"
"20200916","01","11","    83030","JP3729000004","1459.0000","1459.0000","1432.0000","1443.0000","1442.0000","1444.0000","1427.0000","1428.0000","1459.0000","1459.0000","1427.0000","1428.0000"," ","0.0000","0.0000","1552000","2230352700","1437.0829"
"20200916","01","11","    83040","JP3711200000","1880.0000","1883.0000","1845.0000","1862.0000","1865.0000","1865.0000","1855.0000","1855.0000","1880.0000","1883.0000","1845.0000","1855.0000"," ","0.0000","0.0000","2004800","3725893300","1858.4863"
"20200916","01","11","    83060","JP3902900004","444.1000","444.4000","439.8000","443.8000","444.4000","444.4000","441.8000","441.8000","444.1000","444.4000","439.8000","441.8000"," ","0.0000","0.0000","47748300","21126375750","442.4529"
"20200916","01","11","    83080","JP3500610005","394.7000","396.1000","389.2000","393.9000","393.9000","394.1000","390.8000","391.0000","394.7000","396.1000","389.2000","391.0000"," ","0.0000","0.0000","10151400","3978526600","391.9190"
"20200916","01","11","    83090","JP3892100003","3078.0000","3081.0000","3045.0000","3079.0000","3082.0000","3082.0000","3056.0000","3058.0000","3078.0000","3082.0000","3045.0000","3058.0000"," ","0.0000","0.0000","811600","2485286400","3062.2060"
"20200916","01","11","    83160","JP3890350006","3110.0000","3110.0000","3087.0000","3106.0000","3110.0000","3110.0000","3094.0000","3094.0000","3110.0000","3110.0000","3087.0000","3094.0000"," ","0.0000","0.0000","5520300","17107041800","3098.9334"
"20200916","01","11","    83310","JP3511800009","621.0000","627.0000","614.0000","624.0000","623.0000","624.0000","614.0000","616.0000","621.0000","627.0000","614.0000","616.0000"," ","0.0000","0.0000","2251700","1394088000","619.1269"
"20200916","01","11","    83340","JP3276400003","365.0000","372.0000","364.0000","372.0000","372.0000","373.0000","370.0000","371.0000","365.0000","373.0000","364.0000","371.0000"," ","0.0000","0.0000","736500","272514800","370.0133"
"20200916","01","11","    83360","JP3912800004","1681.0000","1695.0000","1669.0000","1695.0000","1697.0000","1700.0000","1680.0000","1681.0000","1681.0000","1700.0000","1669.0000","1681.0000"," ","0.0000","0.0000","32000","53905500","1684.5469"
"20200916","01","11","    83370","JP3512200001","257.0000","258.0000","250.0000","254.0000","253.0000","255.0000","251.0000","253.0000","257.0000","258.0000","250.0000","253.0000"," ","0.0000","0.0000","218400","55210000","252.7930"
"20200916","01","11","    83380","JP3231000005","205.0000","206.0000","202.0000","205.0000","205.0000","205.0000","203.0000","204.0000","205.0000","206.0000","202.0000","204.0000"," ","0.0000","0.0000","417000","85138800","204.1698"
"20200916","01","11","    83410","JP3352000008","1612.0000","1652.0000","1606.0000","1649.0000","1658.0000","1659.0000","1643.0000","1647.0000","1612.0000","1659.0000","1606.0000","1647.0000"," ","0.0000","0.0000","147100","241671800","1642.9082"
"20200916","01","11","    83420","JP3106000007","2566.0000","2629.0000","2552.0000","2627.0000","2628.0000","2628.0000","2588.0000","2600.0000","2566.0000","2629.0000","2552.0000","2600.0000"," ","0.0000","0.0000","51800","134620100","2598.8436"
"20200916","01","11","    83430","JP3107600003","1639.0000","1651.0000","1614.0000","1651.0000","1654.0000","1654.0000","1637.0000","1645.0000","1639.0000","1654.0000","1614.0000","1645.0000"," ","0.0000","0.0000","55400","90801600","1639.0181"
"20200916","01","11","    83440","JP3934800008","1307.0000","1322.0000","1296.0000","1322.0000","1316.0000","1324.0000","1305.0000","1319.0000","1307.0000","1324.0000","1296.0000","1319.0000"," ","0.0000","0.0000","38100","50122500","1315.5512"
"20200916","01","11","    83450","JP3152400002","2500.0000","2544.0000","2492.0000","2533.0000","2545.0000","2545.0000","2521.0000","2523.0000","2500.0000","2545.0000","2492.0000","2523.0000"," ","0.0000","0.0000","18100","45656700","2522.4696"
"20200916","01","11","    83460","JP3601000007","234.0000","236.0000","231.0000","236.0000","236.0000","236.0000","233.0000","235.0000","234.0000","236.0000","231.0000","235.0000"," ","0.0000","0.0000","268600","62866000","234.0506"
"20200916","01","11","    83490","JP3604200000","1065.0000","1089.0000","1059.0000","1089.0000","1090.0000","1109.0000","1090.0000","1107.0000","1065.0000","1109.0000","1059.0000","1107.0000"," ","0.0000","0.0000","18100","19699700","1088.3812"
"20200916","01","11","    83500","JP3888000001","1224.0000","1230.0000","1205.0000","1227.0000","1231.0000","1238.0000","1219.0000","1238.0000","1224.0000","1238.0000","1205.0000","1238.0000"," ","0.0000","0.0000","56100","68673000","1224.1176"
"20200916","01","11","    83540","JP3805010000","1935.0000","1968.0000","1928.0000","1966.0000","1969.0000","1972.0000","1950.0000","1951.0000","1935.0000","1972.0000","1928.0000","1951.0000"," ","0.0000","0.0000","688500","1344517400","1952.8212"
"20200916","01","11","    83550","JP3351200005","763.0000","767.0000","758.0000","766.0000","764.0000","767.0000","761.0000","764.0000","763.0000","767.0000","758.0000","764.0000"," ","0.0000","0.0000","1481300","1130625500","763.2657"
"20200916","01","11","    83560","JP3392600007","2006.0000","2026.0000","1990.0000","2026.0000","2026.0000","2034.0000","2016.0000","2022.0000","2006.0000","2034.0000","1990.0000","2022.0000"," ","0.0000","0.0000","50200","101315900","2018.2450"
"20200916","01","11","    83580","JP3411000007","399.0000","404.0000","397.0000","403.0000","403.0000","404.0000","401.0000","402.0000","399.0000","404.0000","397.0000","402.0000"," ","0.0000","0.0000","1694900","679194400","400.7283"
"20200916","01","11","    83590","JP3769000005","422.0000","427.0000","419.0000","426.0000","428.0000","428.0000","425.0000","427.0000","422.0000","428.0000","419.0000","427.0000"," ","0.0000","0.0000","1021800","434760900","425.4853"
"20200916","01","11","    83600","JP3942000005","855.0000","861.0000","850.0000","859.0000","859.0000","859.0000","850.0000","851.0000","855.0000","861.0000","850.0000","851.0000"," ","0.0000","0.0000","39400","33661500","854.3528"
"20200916","01","11","    83610","JP3176000002","2371.0000","2420.0000","2350.0000","2417.0000","2420.0000","2434.0000","2414.0000","2421.0000","2371.0000","2434.0000","2350.0000","2421.0000"," ","0.0000","0.0000","89900","216830000","2411.9021"
"20200916","01","11","    83620","JP3803600000","1732.0000","1740.0000","1716.0000","1736.0000","1740.0000","1758.0000","1732.0000","1754.0000","1732.0000","1758.0000","1716.0000","1754.0000"," ","0.0000","0.0000","26300","45809200","1741.7947"
"20200916","01","11","    83630","JP3851400006","3070.0000","3130.0000","3055.0000","3130.0000","3145.0000","3145.0000","3090.0000","3140.0000","3070.0000","3145.0000","3055.0000","3140.0000"," ","0.0000","0.0000","43500","135395500","3112.5402"
"20200916","01","11","    83640","JP3358400004","1889.0000","1897.0000","1876.0000","1894.0000","1898.0000","1900.0000","1883.0000","1900.0000","1889.0000","1900.0000","1876.0000","1900.0000"," ","0.0000","0.0000","15900","30090800","1892.5031"
"20200916","01","11","    83650","JP3632000000","2937.0000","2997.0000","2937.0000","2993.0000","3000.0000","3080.0000","2998.0000","3080.0000","2937.0000","3080.0000","2937.0000","3080.0000"," ","0.0000","0.0000","13200","39755500","3011.7803"
"20200916","01","11","    83660","JP3347600003","2575.0000","2596.0000","2560.0000","2586.0000","2594.0000","2599.0000","2583.0000","2586.0000","2575.0000","2599.0000","2560.0000","2586.0000"," ","0.0000","0.0000","60900","157507800","2586.3350"
"20200916","01","11","    83670","JP3653400006","2023.0000","2030.0000","1992.0000","2016.0000","2020.0000","2025.0000","2012.0000","2014.0000","2023.0000","2030.0000","1992.0000","2014.0000"," ","0.0000","0.0000","53500","107763100","2014.2636"
"20200916","01","11","    83680","JP3793800008","326.0000","332.0000","325.0000","332.0000","332.0000","332.0000","328.0000","329.0000","326.0000","332.0000","325.0000","329.0000"," ","0.0000","0.0000","236500","77709400","328.5810"
"20200916","01","11","    83690","JP3251200006","5250.0000","5260.0000","5170.0000","5250.0000","5240.0000","5260.0000","5180.0000","5200.0000","5250.0000","5260.0000","5170.0000","5200.0000"," ","0.0000","0.0000","211800","1103904000","5212.0113"
"20200916","01","11","    83700","JP3248000006","1615.0000","1635.0000","1605.0000","1634.0000","1640.0000","1640.0000","1620.0000","1628.0000","1615.0000","1640.0000","1605.0000","1628.0000"," ","0.0000","0.0000","103700","168635900","1626.1900"
"20200916","01","11","    83770","JP3842400008","1100.0000","1114.0000","1083.0000","1113.0000","1113.0000","1120.0000","1109.0000","1114.0000","1100.0000","1120.0000","1083.0000","1114.0000"," ","0.0000","0.0000","440000","488082900","1109.2793"
"20200916","01","11","    83790","JP3797000001","610.0000","620.0000","606.0000","617.0000","618.0000","618.0000","609.0000","611.0000","610.0000","620.0000","606.0000","611.0000"," ","0.0000","0.0000","681900","418066900","613.0912"
"20200916","01","11","    83810","JP3324000003","577.0000","590.0000","571.0000","590.0000","590.0000","590.0000","579.0000","580.0000","577.0000","590.0000","571.0000","580.0000"," ","0.0000","0.0000","215000","125199800","582.3247"
"20200916","01","11","    83820","JP3521000004","1020.0000","1034.0000","1016.0000","1034.0000","1039.0000","1039.0000","1025.0000","1030.0000","1020.0000","1039.0000","1016.0000","1030.0000"," ","0.0000","0.0000","272400","279969000","1027.7863"
"20200916","01","11","    83830","JP3628600003","1269.0000","1274.0000","1255.0000","1271.0000","1271.0000","1284.0000","1270.0000","1283.0000","1269.0000","1284.0000","1255.0000","1283.0000"," ","0.0000","0.0000","9100","11589100","1273.5275"
"20200916","01","11","    83850","JP3149600003","704.0000","715.0000","701.0000","713.0000","714.0000","716.0000","712.0000","715.0000","704.0000","716.0000","701.0000","715.0000"," ","0.0000","0.0000","558700","396997400","710.5735"
"20200916","01","11","    83860","JP3794200000","1831.0000","1845.0000","1820.0000","1844.0000","1831.0000","1838.0000","1813.0000","1816.0000","1831.0000","1845.0000","1813.0000","1816.0000"," ","0.0000","0.0000","43900","80158000","1825.9226"
"20200916","01","11","    83870","JP3350000000","768.0000","768.0000","757.0000","765.0000","761.0000","765.0000","759.0000","763.0000","768.0000","768.0000","757.0000","763.0000"," ","0.0000","0.0000","47200","35992800","762.5593"
"20200916","01","11","    83880","JP3126800006","2529.0000","2581.0000","2515.0000","2578.0000","2588.0000","2591.0000","2526.0000","2554.0000","2529.0000","2591.0000","2515.0000","2554.0000"," ","0.0000","0.0000","45600","116407900","2552.8048"
"20200916","01","11","    83920","JP3175200009","2450.0000","2451.0000","2418.0000","2450.0000","2450.0000","2450.0000","2419.0000","2427.0000","2450.0000","2451.0000","2418.0000","2427.0000"," ","0.0000","0.0000","14600","35491200","2430.9041"
"20200916","01","11","    83930","JP3908000007","2448.0000","2448.0000","2408.0000","2433.0000","2433.0000","2436.0000","2417.0000","2420.0000","2448.0000","2448.0000","2408.0000","2420.0000"," ","0.0000","0.0000","17300","41973600","2426.2197"
"20200916","01","11","    83950","JP3315200000","1425.0000","1435.0000","1407.0000","1430.0000","1421.0000","1423.0000","1406.0000","1409.0000","1425.0000","1435.0000","1406.0000","1409.0000"," ","0.0000","0.0000","22500","31930000","1419.1111"
"20200916","01","11","    83970","JP3194600007","3175.0000","3250.0000","3145.0000","3250.0000","3220.0000","3260.0000","3215.0000","3230.0000","3175.0000","3260.0000","3145.0000","3230.0000"," ","0.0000","0.0000","32500","104627500","3219.3077"
"20200916","01","11","    83990","JP3975000005","905.0000","916.0000","894.0000","916.0000","920.0000","920.0000","911.0000","918.0000","905.0000","920.0000","894.0000","918.0000"," ","0.0000","0.0000","111300","101453900","911.5355"
"20200916","01","11","    84100","JP3105220002","265.0000","266.0000","260.0000","261.0000","261.0000","263.0000","260.0000","260.0000","265.0000","266.0000","260.0000","260.0000"," ","0.0000","0.0000","6204000","1621956300","261.4372"
"20200916","01","11","    84110","JP3885780001","138.8000","139.6000","138.3000","139.4000","139.4000","139.5000","138.9000","139.0000","138.8000","139.6000","138.3000","139.0000"," ","0.0000","0.0000","90590100","12585234110","138.9250"
"20200916","01","11","    84160","JP3288960002","788.0000","808.0000","788.0000","798.0000","801.0000","812.0000","794.0000","800.0000","788.0000","812.0000","788.0000","800.0000"," ","0.0000","0.0000","18500","14822800","801.2324"
"20200916","01","11","    84180","JP3935300008","711.0000","720.0000","704.0000","719.0000","720.0000","724.0000","718.0000","724.0000","711.0000","724.0000","704.0000","724.0000"," ","0.0000","0.0000","899700","647271800","719.4307"
"20200916","01","11","    84210","JP3429200003","231600.0000","231600.0000","230900.0000","231200.0000","230900.0000","231200.0000","230800.0000","230800.0000","231600.0000","231600.0000","230800.0000","230800.0000"," ","0.0000","0.0000","31","7162400","231045.1613"
"20200916","01","11","    84240","JP3826270005","7080.0000","7110.0000","6960.0000","7110.0000","7110.0000","7110.0000","6960.0000","6960.0000","7080.0000","7110.0000","6960.0000","6960.0000"," ","0.0000","0.0000","38400","269584000","7020.4167"
"20200916","01","11","    84250","JP3286500008","2691.0000","2696.0000","2675.0000","2688.0000","2697.0000","2697.0000","2673.0000","2683.0000","2691.0000","2697.0000","2673.0000","2683.0000"," ","0.0000","0.0000","100000","268447900","2684.4790"
"20200916","01","11","    84390","JP3424950008","5740.0000","5750.0000","5690.0000","5730.0000","5730.0000","5750.0000","5610.0000","5650.0000","5740.0000","5750.0000","5610.0000","5650.0000"," ","0.0000","0.0000","116900","662381000","5666.2190"
"20200916","01","11","    84730","JP3436120004","2727.0000","2758.0000","2696.0000","2752.0000","2751.0000","2756.0000","2727.0000","2735.0000","2727.0000","2758.0000","2696.0000","2735.0000"," ","0.0000","0.0000","2272300","6226249200","2740.0648"
"20200916","01","11","    85110","JP3714400003","530.0000","535.0000","526.0000","531.0000","534.0000","534.0000","527.0000","529.0000","530.0000","535.0000","526.0000","529.0000"," ","0.0000","0.0000","172400","91274200","529.4327"
"20200916","01","11","    85150","JP3105040004","278.0000","286.0000","277.0000","285.0000","285.0000","290.0000","283.0000","287.0000","278.0000","290.0000","277.0000","287.0000"," ","0.0000","0.0000","12032900","3425166300","284.6501"
"20200916","01","11","    85180","JP3686150008","268.0000","268.0000","240.0000","248.0000","250.0000","253.0000","246.0000","253.0000","268.0000","268.0000","240.0000","253.0000"," ","0.0000","0.0000","805000","203298700","252.5450"
"20200916","01","11","    85210","JP3648300006","1310.0000","1365.0000","1310.0000","1355.0000","1340.0000","1371.0000","1340.0000","1371.0000","1310.0000","1371.0000","1310.0000","1371.0000"," ","0.0000","0.0000","12000","16176700","1348.0583"
"20200916","01","11","    85220","JP3648800005","2388.0000","2400.0000","2364.0000","2394.0000","2408.0000","2437.0000","2391.0000","2430.0000","2388.0000","2437.0000","2364.0000","2430.0000"," ","0.0000","0.0000","44800","108204700","2415.2835"
"20200916","01","11","    85240","JP3843400007","236.0000","237.0000","233.0000","237.0000","238.0000","238.0000","235.0000","235.0000","236.0000","238.0000","233.0000","235.0000"," ","0.0000","0.0000","877000","206857600","235.8696"
"20200916","01","11","    85270","JP3103000000","3370.0000","3375.0000","3350.0000","3375.0000","3355.0000","3355.0000","3310.0000","3310.0000","3370.0000","3375.0000","3310.0000","3310.0000"," ","0.0000","0.0000","9900","33066500","3340.0505"
"20200916","01","11","    85300","JP3520000005","2044.0000","2044.0000","2028.0000","2034.0000","2030.0000","2045.0000","2022.0000","2042.0000","2044.0000","2045.0000","2022.0000","2042.0000"," ","0.0000","0.0000","17500","35636600","2036.3771"
"20200916","01","11","    85370","JP3441600008","1387.0000","1423.0000","1374.0000","1402.0000","1412.0000","1429.0000","1380.0000","1420.0000","1387.0000","1429.0000","1374.0000","1420.0000"," ","0.0000","0.0000","9400","13191900","1403.3936"
"20200916","01","11","    85410","JP3166400006","1185.0000","1190.0000","1179.0000","1189.0000","1190.0000","1190.0000","1176.0000","1185.0000","1185.0000","1190.0000","1176.0000","1185.0000"," ","0.0000","0.0000","51200","60678900","1185.1348"
"20200916","01","11","    85420","JP3630500001","1097.0000","1103.0000","1082.0000","1103.0000","1105.0000","1123.0000","1105.0000","1123.0000","1097.0000","1123.0000","1082.0000","1123.0000"," ","0.0000","0.0000","10400","11521600","1107.8462"
"20200916","01","11","    85440","JP3281600001","499.0000","504.0000","494.0000","504.0000","505.0000","505.0000","498.0000","500.0000","499.0000","505.0000","494.0000","500.0000"," ","0.0000","0.0000","134000","66967700","499.7590"
"20200916","01","11","    85500","JP3627800000","198.0000","199.0000","197.0000","198.0000","198.0000","199.0000","195.0000","197.0000","198.0000","199.0000","195.0000","197.0000"," ","0.0000","0.0000","198600","39154200","197.1511"
"20200916","01","11","    85510","JP3238200004","1888.0000","1922.0000","1878.0000","1921.0000","1921.0000","1945.0000","1905.0000","1945.0000","1888.0000","1945.0000","1878.0000","1945.0000"," ","0.0000","0.0000","12700","24339400","1916.4882"
"20200916","01","11","    85580","JP3622400004","730.0000","745.0000","725.0000","745.0000","738.0000","741.0000","734.0000","741.0000","730.0000","745.0000","725.0000","741.0000"," ","0.0000","0.0000","136800","100647500","735.7273"
"20200916","01","11","    85620","JP3805100009","249.0000","257.0000","248.0000","256.0000","255.0000","256.0000","251.0000","252.0000","249.0000","257.0000","248.0000","252.0000"," ","0.0000","0.0000","2242600","567287300","252.9596"
"20200916","01","11","    85630","JP3486700002","679.0000","689.0000","678.0000","686.0000","686.0000","698.0000","677.0000","682.0000","679.0000","698.0000","677.0000","682.0000"," ","0.0000","0.0000","21200","14501600","684.0377"
"20200916","01","11","    85660","JP3974100004","2820.0000","2820.0000","2794.0000","2818.0000","2818.0000","2818.0000","2800.0000","2804.0000","2820.0000","2820.0000","2794.0000","2804.0000"," ","0.0000","0.0000","62600","175514200","2803.7412"
"20200916","01","11","    85700","JP3131400008","980.0000","980.0000","961.0000","976.0000","978.0000","979.0000","961.0000","964.0000","980.0000","980.0000","961.0000","964.0000"," ","0.0000","0.0000","1258800","1219865200","969.0699"
"20200916","01","11","    85720","JP3108600002","440.0000","445.0000","438.0000","445.0000","445.0000","446.0000","438.0000","441.0000","440.0000","446.0000","438.0000","441.0000"," ","0.0000","0.0000","1453000","641581500","441.5564"
"20200916","01","11","    85840","JP3388600003","1780.0000","1788.0000","1769.0000","1787.0000","1787.0000","1787.0000","1769.0000","1771.0000","1780.0000","1788.0000","1769.0000","1771.0000"," ","0.0000","0.0000","97100","172338300","1774.8538"
"20200916","01","11","    85850","JP3199000005","118.0000","119.0000","117.0000","118.0000","119.0000","119.0000","117.0000","117.0000","118.0000","119.0000","117.0000","117.0000"," ","0.0000","0.0000","1939600","228591600","117.8550"
"20200916","01","11","    85860","JP3786600001","2612.0000","2627.0000","2595.0000","2626.0000","2621.0000","2625.0000","2585.0000","2589.0000","2612.0000","2627.0000","2585.0000","2589.0000"," ","0.0000","0.0000","255800","666132800","2604.1157"
"20200916","01","11","    85890","JP3122550001","77.0000","77.0000","76.0000","77.0000","76.0000","78.0000","76.0000","77.0000","77.0000","78.0000","76.0000","77.0000"," ","0.0000","0.0000","759800","58375700","76.8304"
"20200916","01","11","    85910","JP3200450009","1407.0000","1407.0000","1390.5000","1399.5000","1400.0000","1400.5000","1389.5000","1389.5000","1407.0000","1407.0000","1389.5000","1389.5000"," ","0.0000","0.0000","5763300","8043639950","1395.6657"
"20200916","01","11","    85930","JP3499800005","537.0000","537.0000","525.0000","528.0000","529.0000","529.0000","521.0000","523.0000","537.0000","537.0000","521.0000","523.0000"," ","0.0000","0.0000","1932300","1016870400","526.2487"
"20200916","01","11","    85950","JP3389900006","4200.0000","4295.0000","4200.0000","4265.0000","4265.0000","4265.0000","4180.0000","4185.0000","4200.0000","4295.0000","4180.0000","4185.0000"," ","0.0000","0.0000","164500","693465500","4215.5957"
"20200916","01","11","    85960","JP3247000007","620.0000","626.0000","620.0000","626.0000","626.0000","634.0000","624.0000","634.0000","620.0000","634.0000","620.0000","634.0000"," ","0.0000","0.0000","18600","11666300","627.2204"
"20200916","01","11","    86000","JP3631700006","344.0000","350.0000","341.0000","349.0000","350.0000","350.0000","348.0000","350.0000","344.0000","350.0000","341.0000","350.0000"," ","0.0000","0.0000","184800","64307800","347.9859"
"20200916","01","11","    86010","JP3502200003","470.0000","471.4000","465.5000","468.2000","468.5000","469.0000","466.2000","467.8000","470.0000","471.4000","465.5000","467.8000"," ","0.0000","0.0000","4362900","2040384890","467.6671"
"20200916","01","11","    86040","JP3762600009","520.2000","523.9000","518.0000","520.8000","520.9000","521.6000","516.3000","516.9000","520.2000","523.9000","516.3000","516.9000"," ","0.0000","0.0000","12176500","6320255970","519.0536"
"20200916","01","11","    86090","JP3190800007","356.0000","365.0000","355.0000","365.0000","365.0000","367.0000","359.0000","361.0000","356.0000","367.0000","355.0000","361.0000"," ","0.0000","0.0000","554400","200536000","361.7172"
"20200916","01","11","    86130","JP3874800000","441.0000","470.0000","440.0000","467.0000","468.0000","484.0000","466.0000","482.0000","441.0000","484.0000","440.0000","482.0000"," ","0.0000","0.0000","841400","392915400","466.9781"
"20200916","01","11","    86140","JP3611800008","119.0000","120.0000","118.0000","120.0000","120.0000","121.0000","118.0000","121.0000","119.0000","121.0000","118.0000","121.0000"," ","0.0000","0.0000","262900","31295900","119.0411"
"20200916","01","11","    86160","JP3577600004","272.0000","272.0000","266.0000","271.0000","270.0000","272.0000","268.0000","271.0000","272.0000","272.0000","266.0000","271.0000"," ","0.0000","0.0000","1029400","277046300","269.1338"
"20200916","01","11","    86170","JP3288800000","618.0000","624.0000","617.0000","623.0000","624.0000","639.0000","624.0000","631.0000","618.0000","639.0000","617.0000","631.0000"," ","0.0000","0.0000","10400","6527200","627.6154"
"20200916","01","11","    86220","JP3905400002","214.0000","218.0000","213.0000","218.0000","218.0000","220.0000","203.0000","218.0000","214.0000","220.0000","203.0000","218.0000"," ","0.0000","0.0000","404000","86745000","214.7153"
"20200916","01","11","    86240","JP3142300007","460.0000","470.0000","458.0000","470.0000","470.0000","475.0000","468.0000","472.0000","460.0000","475.0000","458.0000","472.0000"," ","0.0000","0.0000","309700","144963800","468.0781"
"20200916","01","11","    86280","JP3863800003","960.0000","962.0000","953.0000","961.0000","963.0000","966.0000","960.0000","963.0000","960.0000","966.0000","953.0000","963.0000"," ","0.0000","0.0000","629400","604571700","960.5524"
"20200916","01","11","    86300","JP3165000005","3847.0000","3894.0000","3838.0000","3887.0000","3888.0000","3898.0000","3858.0000","3858.0000","3847.0000","3898.0000","3838.0000","3858.0000"," ","0.0000","0.0000","1386800","5365179800","3868.7481"
"20200916","01","11","    86970","JP3183200009","2895.0000","2910.0000","2875.0000","2900.0000","2900.0000","2918.0000","2898.0000","2898.0000","2895.0000","2918.0000","2875.0000","2898.0000"," ","0.0000","0.0000","1309800","3797783100","2899.5137"
"20200916","01","11","    86980","JP3869970008","267.0000","268.0000","266.0000","268.0000","267.0000","271.0000","267.0000","267.0000","267.0000","271.0000","266.0000","267.0000"," ","0.0000","0.0000","1319500","354033000","268.3085"
"20200916","01","11","    87060","JP3256970009","591.0000","598.0000","587.0000","596.0000","598.0000","598.0000","590.0000","596.0000","591.0000","598.0000","587.0000","596.0000"," ","0.0000","0.0000","63700","37849100","594.1774"
"20200916","01","11","    87070","JP3149950002","1278.0000","1287.0000","1274.0000","1287.0000","1287.0000","1287.0000","1280.0000","1283.0000","1278.0000","1287.0000","1274.0000","1283.0000"," ","0.0000","0.0000","31300","40166000","1283.2588"
"20200916","01","11","    87080","JP3101850000","695.0000","701.0000","692.0000","700.0000","698.0000","701.0000","695.0000","699.0000","695.0000","701.0000","692.0000","699.0000"," ","0.0000","0.0000","47500","33163900","698.1874"
"20200916","01","11","    87130","JP3802940001","116.0000","118.0000","115.0000","117.0000","116.0000","117.0000","115.0000","115.0000","116.0000","118.0000","115.0000","115.0000"," ","0.0000","0.0000","480100","55651800","115.9171"
"20200916","01","11","    87140","JP3132600002","185.0000","189.0000","181.0000","188.0000","188.0000","189.0000","185.0000","186.0000","185.0000","189.0000","181.0000","186.0000"," ","0.0000","0.0000","1058400","196720500","185.8659"
"20200916","01","11","    87150","JP3122440005","4200.0000","4230.0000","4180.0000","4225.0000","4215.0000","4225.0000","4195.0000","4205.0000","4200.0000","4230.0000","4180.0000","4205.0000"," ","0.0000","0.0000","79100","332692000","4205.9671"
"20200916","01","11","    87250","JP3890310000","2990.5000","3002.0000","2973.5000","3002.0000","2999.5000","3009.0000","2991.5000","2992.5000","2990.5000","3009.0000","2973.5000","2992.5000"," ","0.0000","0.0000","1220300","3652819550","2993.3783"
"20200916","01","11","    87320","JP3869930002","211.0000","212.0000","209.0000","212.0000","212.0000","213.0000","211.0000","213.0000","211.0000","213.0000","209.0000","213.0000"," ","0.0000","0.0000","46400","9803100","211.2737"
"20200916","01","11","    87390","JP3399900004","208.0000","212.0000","208.0000","212.0000","212.0000","212.0000","210.0000","212.0000","208.0000","212.0000","208.0000","212.0000"," ","0.0000","0.0000","414500","87313600","210.6480"
"20200916","01","11","    87420","JP3301300004","269.0000","269.0000","267.0000","267.0000","268.0000","268.0000","266.0000","266.0000","269.0000","269.0000","266.0000","266.0000"," ","0.0000","0.0000","2500","667600","267.0400"
"20200916","01","11","    87500","JP3476480003","1560.0000","1579.5000","1551.5000","1575.5000","1579.5000","1579.5000","1571.0000","1573.5000","1560.0000","1579.5000","1551.5000","1573.5000"," ","0.0000","0.0000","2447500","3840785850","1569.2690"
"20200916","01","11","    87660","JP3910660004","4962.0000","5005.0000","4960.0000","5003.0000","5008.0000","5011.0000","4993.0000","4994.0000","4962.0000","5011.0000","4960.0000","4994.0000"," ","0.0000","0.0000","1167500","5826223300","4990.3412"
"20200916","01","11","    87690","JP3122410008","793.0000","798.0000","791.0000","798.0000","798.0000","798.0000","789.0000","798.0000","793.0000","798.0000","789.0000","798.0000"," ","0.0000","0.0000","20900","16618900","795.1627"
"20200916","01","11","    87710","JP3130300001","2251.0000","2312.0000","2250.0000","2302.0000","2300.0000","2316.0000","2288.0000","2316.0000","2251.0000","2316.0000","2250.0000","2316.0000"," ","0.0000","0.0000","200000","458805000","2294.0250"
"20200916","01","11","    87720","JP3109900005","745.0000","749.0000","744.0000","749.0000","749.0000","750.0000","747.0000","750.0000","745.0000","750.0000","744.0000","750.0000"," ","0.0000","0.0000","10400","7782800","748.3462"
"20200916","01","11","    87930","JP3164740007","1877.0000","1877.0000","1863.0000","1877.0000","1870.0000","1884.0000","1870.0000","1875.0000","1877.0000","1884.0000","1863.0000","1875.0000"," ","0.0000","0.0000","21700","40717500","1876.3825"
"20200916","01","11","    87950","JP3539220008","1131.0000","1144.0000","1123.0000","1143.0000","1147.0000","1147.0000","1137.0000","1138.0000","1131.0000","1147.0000","1123.0000","1138.0000"," ","0.0000","0.0000","1994800","2267249000","1136.5796"
"20200916","01","11","    87980","JP3122100005","2324.0000","2359.0000","2311.0000","2342.0000","2342.0000","2380.0000","2337.0000","2364.0000","2324.0000","2380.0000","2311.0000","2364.0000"," ","0.0000","0.0000","20600","48323400","2345.7961"
"20200916","01","11","    88010","JP3893200000","2010.0000","2011.5000","1978.5000","1979.0000","1978.5000","1980.5000","1972.5000","1975.0000","2010.0000","2011.5000","1972.5000","1975.0000"," ","0.0000","0.0000","2012700","3985832300","1980.3410"
"20200916","01","11","    88020","JP3899600005","1633.0000","1634.0000","1609.5000","1626.0000","1624.0000","1637.0000","1623.0000","1632.0000","1633.0000","1637.0000","1609.5000","1632.0000"," ","0.0000","0.0000","3059600","4982226600","1628.3915"
"20200916","01","11","    88030","JP3834800009","2830.0000","2856.0000","2825.0000","2834.0000","2820.0000","2840.0000","2805.0000","2816.0000","2830.0000","2856.0000","2805.0000","2816.0000"," ","0.0000","0.0000","78800","222769500","2827.0241"
"20200916","01","11","    88040","JP3582600007","1348.0000","1348.0000","1325.0000","1339.0000","1340.0000","1340.0000","1328.0000","1330.0000","1348.0000","1348.0000","1325.0000","1330.0000"," ","0.0000","0.0000","576700","769062200","1333.5568"
"20200916","01","11","    88060","JP3497200000","1199.0000","1223.0000","1192.0000","1214.0000","1212.0000","1214.0000","1201.0000","1207.0000","1199.0000","1223.0000","1192.0000","1207.0000"," ","0.0000","0.0000","218400","264095300","1209.2276"
"20200916","01","11","    88180","JP3279000008","1622.0000","1635.0000","1621.0000","1635.0000","1635.0000","1643.0000","1630.0000","1641.0000","1622.0000","1643.0000","1621.0000","1641.0000"," ","0.0000","0.0000","131200","214530300","1635.1395"
"20200916","01","11","    88300","JP3409000001","3125.0000","3133.0000","3099.0000","3125.0000","3121.0000","3135.0000","3118.0000","3130.0000","3125.0000","3135.0000","3099.0000","3130.0000"," ","0.0000","0.0000","889200","2776767300","3122.7702"
"20200916","01","11","    88350","JP3448800007","624.0000","624.0000","623.0000","624.0000","624.0000","625.0000","623.0000","625.0000","624.0000","625.0000","623.0000","625.0000"," ","0.0000","0.0000","4100","2559700","624.3171"
"20200916","01","11","    88410","JP3538400007","690.0000","696.0000","684.0000","696.0000","697.0000","697.0000","682.0000","688.0000","690.0000","697.0000","682.0000","688.0000"," ","0.0000","0.0000","45500","31349600","689.0022"
"20200916","01","11","    88420","JP3589800006","4365.0000","4435.0000","4325.0000","4325.0000","4340.0000","4375.0000","4120.0000","4320.0000","4365.0000","4435.0000","4120.0000","4320.0000"," ","0.0000","0.0000","4200","18060000","4300.0000"
"20200916","01","11","    88480","JP3167500002","169.0000","173.0000","168.0000","171.0000","173.0000","174.0000","172.0000","173.0000","169.0000","174.0000","168.0000","173.0000"," ","0.0000","0.0000","2036000","349801600","171.8083"
"20200916","01","11","    88500","JP3399200009","2383.0000","2403.0000","2338.0000","2364.0000","2359.0000","2373.0000","2327.0000","2336.0000","2383.0000","2403.0000","2327.0000","2336.0000"," ","0.0000","0.0000","65600","154082800","2348.8232"
"20200916","01","11","    88600","JP3815000009","539.0000","544.0000","534.0000","542.0000","543.0000","545.0000","536.0000","545.0000","539.0000","545.0000","534.0000","545.0000"," ","0.0000","0.0000","67000","36267700","541.3090"
"20200916","01","11","    88640","JP3266050008","452.0000","455.0000","448.0000","453.0000","454.0000","457.0000","450.0000","457.0000","452.0000","457.0000","448.0000","457.0000"," ","0.0000","0.0000","32000","14480800","452.5250"
"20200916","01","11","    88690","JP3920850009","535.0000","555.0000","530.0000","551.0000","551.0000","559.0000","545.0000","555.0000","535.0000","559.0000","530.0000","555.0000"," ","0.0000","0.0000","135300","74067600","547.4324"
"20200916","01","11","    88710","JP3306800008","1430.0000","1431.0000","1417.0000","1419.0000","1420.0000","1420.0000","1407.0000","1407.0000","1430.0000","1431.0000","1407.0000","1407.0000"," ","0.0000","0.0000","71600","101404700","1416.2668"
"20200916","01","11","    88760","JP3755200007","2440.0000","2491.0000","2418.0000","2479.0000","2480.0000","2487.0000","2461.0000","2472.0000","2440.0000","2491.0000","2418.0000","2472.0000"," ","0.0000","0.0000","446300","1102002200","2469.1961"
"20200916","01","11","    88770","JP3688350002","1314.0000","1342.0000","1311.0000","1339.0000","1339.0000","1345.0000","1333.0000","1337.0000","1314.0000","1345.0000","1311.0000","1337.0000"," ","0.0000","0.0000","37300","49785000","1334.7185"
"20200916","01","11","    88810","JP3677900007","401.0000","406.0000","400.0000","405.0000","405.0000","407.0000","403.0000","406.0000","401.0000","407.0000","400.0000","406.0000"," ","0.0000","0.0000","48600","19664100","404.6111"
"20200916","01","11","    88920","JP3688330004","832.0000","846.0000","830.0000","844.0000","846.0000","846.0000","838.0000","842.0000","832.0000","846.0000","830.0000","842.0000"," ","0.0000","0.0000","206200","173388600","840.8758"
"20200916","01","11","    88970","JP3460800000","341.0000","342.0000","339.0000","341.0000","341.0000","341.0000","335.0000","335.0000","341.0000","342.0000","335.0000","335.0000"," ","0.0000","0.0000","567200","191865600","338.2680"
"20200916","01","11","    89040","JP3337500007","780.0000","787.0000","777.0000","783.0000","784.0000","785.0000","781.0000","785.0000","780.0000","787.0000","777.0000","785.0000"," ","0.0000","0.0000","16800","13153300","782.9345"
"20200916","01","11","    89050","JP3131430005","1494.0000","1500.0000","1476.0000","1491.0000","1491.0000","1494.0000","1482.0000","1489.0000","1494.0000","1500.0000","1476.0000","1489.0000"," ","0.0000","0.0000","566500","844001100","1489.8519"
"20200916","01","11","    89080","JP3860280001","777.0000","778.0000","767.0000","771.0000","774.0000","776.0000","774.0000","775.0000","777.0000","778.0000","767.0000","775.0000"," ","0.0000","0.0000","8100","6259700","772.8025"
"20200916","01","11","    89170","JP3802230007","1011.0000","1019.0000","1002.0000","1012.0000","1015.0000","1029.0000","1015.0000","1024.0000","1011.0000","1029.0000","1002.0000","1024.0000"," ","0.0000","0.0000","11900","12126900","1019.0672"
"20200916","01","11","    89180","JP3968800007","10.0000","10.0000","9.0000","9.0000","10.0000","10.0000","9.0000","10.0000","10.0000","10.0000","9.0000","10.0000"," ","0.0000","0.0000","11503500","113861100","9.8980"
"20200916","01","11","    89190","JP3932950003","2890.0000","2960.0000","2873.0000","2956.0000","2968.0000","2969.0000","2931.0000","2937.0000","2890.0000","2969.0000","2873.0000","2937.0000"," ","0.0000","0.0000","209100","614635800","2939.4347"
"20200916","01","11","    89200","JP3594400008","1365.0000","1387.0000","1359.0000","1369.0000","1370.0000","1370.0000","1349.0000","1351.0000","1365.0000","1387.0000","1349.0000","1351.0000"," ","0.0000","0.0000","154800","211192600","1364.2933"
"20200916","01","11","    89230","JP3595070008","1000.0000","1000.0000","986.0000","996.0000","997.0000","997.0000","979.0000","987.0000","1000.0000","1000.0000","979.0000","987.0000"," ","0.0000","0.0000","116200","115007800","989.7401"
"20200916","01","11","    89280","JP3122430006","1529.0000","1542.0000","1528.0000","1541.0000","1541.0000","1541.0000","1529.0000","1540.0000","1529.0000","1542.0000","1528.0000","1540.0000"," ","0.0000","0.0000","5100","7835600","1536.3922"
"20200916","01","11","    89340","JP3336950005","875.0000","894.0000","873.0000","888.0000","886.0000","890.0000","879.0000","880.0000","875.0000","894.0000","873.0000","880.0000"," ","0.0000","0.0000","148800","131626400","884.5860"
"20200916","01","11","    89350","JP3166930002","880.0000","888.0000","870.0000","883.0000","880.0000","880.0000","872.0000","878.0000","880.0000","888.0000","870.0000","878.0000"," ","0.0000","0.0000","56100","49270500","878.2620"
"20200916","01","11","    89400","JP3153150002","492.0000","497.0000","492.0000","497.0000","497.0000","497.0000","485.0000","485.0000","492.0000","497.0000","485.0000","485.0000"," ","0.0000","0.0000","10100","4951200","490.2178"
"20200916","01","11","    89440","JP3968850002","391.0000","391.0000","383.0000","383.0000","380.0000","386.0000","380.0000","381.0000","391.0000","391.0000","380.0000","381.0000"," ","0.0000","0.0000","21800","8408500","385.7110"
"20200916","01","11","    89450","JP3713400004","915.0000","916.0000","907.0000","910.0000","913.0000","917.0000","909.0000","915.0000","915.0000","917.0000","907.0000","915.0000"," ","0.0000","0.0000","15800","14413500","912.2468"
"20200916","01","11","    89510","JP3027670003","637000.0000","639000.0000","632000.0000","638000.0000","639000.0000","645000.0000","637000.0000","642000.0000","637000.0000","645000.0000","632000.0000","642000.0000"," ","0.0000","0.0000","4618","2957283000","640381.7670"
"20200916","01","11","    89520","JP3027680002","591000.0000","591000.0000","587000.0000","590000.0000","590000.0000","596000.0000","589000.0000","591000.0000","591000.0000","596000.0000","587000.0000","591000.0000"," ","0.0000","0.0000","3746","2214905000","591272.0235"
"20200916","01","11","    89530","JP3039710003","157300.0000","157300.0000","155400.0000","156100.0000","156500.0000","157500.0000","155700.0000","156600.0000","157300.0000","157500.0000","155400.0000","156600.0000"," ","0.0000","0.0000","13684","2142035300","156535.7571"
"20200916","01","11","    89540","JP3040880001","156000.0000","157200.0000","155400.0000","156100.0000","157000.0000","158100.0000","156100.0000","157000.0000","156000.0000","158100.0000","155400.0000","157000.0000"," ","0.0000","0.0000","8688","1360675800","156615.5387"
"20200916","01","11","    89550","JP3040890000","315000.0000","316000.0000","311500.0000","315500.0000","318000.0000","320000.0000","314500.0000","316500.0000","315000.0000","320000.0000","311500.0000","316500.0000"," ","0.0000","0.0000","3404","1074798000","315745.5934"
"20200916","01","11","    89560","JP3041770003","116800.0000","117100.0000","116000.0000","117100.0000","117100.0000","118400.0000","116900.0000","117200.0000","116800.0000","118400.0000","116000.0000","117200.0000"," ","0.0000","0.0000","4811","563768000","117183.1220"
"20200916","01","11","    89570","JP3044510000","141100.0000","142000.0000","139700.0000","141700.0000","142500.0000","144500.0000","142100.0000","144200.0000","141100.0000","144500.0000","139700.0000","144200.0000"," ","0.0000","0.0000","3238","462602800","142866.8314"
"20200916","01","11","    89580","JP3044520009","102100.0000","102700.0000","101500.0000","102700.0000","102500.0000","103700.0000","102000.0000","103200.0000","102100.0000","103700.0000","101500.0000","103200.0000"," ","0.0000","0.0000","3942","404437500","102597.0320"
"20200916","01","11","    89600","JP3045540006","113000.0000","113900.0000","111800.0000","113800.0000","114000.0000","115700.0000","113900.0000","115100.0000","113000.0000","115700.0000","111800.0000","115100.0000"," ","0.0000","0.0000","12525","1431618600","114300.8862"
"20200916","01","11","    89610","JP3046170001","135800.0000","135900.0000","135000.0000","135600.0000","136100.0000","137200.0000","135700.0000","136200.0000","135800.0000","137200.0000","135000.0000","136200.0000"," ","0.0000","0.0000","3244","441278900","136029.2540"
"20200916","01","11","    89630","JP3046190009","30850.0000","30850.0000","30400.0000","30700.0000","30800.0000","30800.0000","30450.0000","30500.0000","30850.0000","30850.0000","30400.0000","30500.0000"," ","0.0000","0.0000","36548","1118921350","30615.1185"
"20200916","01","11","    89640","JP3046200006","350000.0000","351500.0000","348500.0000","349500.0000","350000.0000","354000.0000","350000.0000","352000.0000","350000.0000","354000.0000","348500.0000","352000.0000"," ","0.0000","0.0000","2052","719997500","350875.9747"
"20200916","01","11","    89660","JP3046220004","113300.0000","113700.0000","111800.0000","113700.0000","113800.0000","114800.0000","113400.0000","114200.0000","113300.0000","114800.0000","111800.0000","114200.0000"," ","0.0000","0.0000","3319","377659200","113787.0443"
"20200916","01","11","    89670","JP3046230003","291800.0000","297700.0000","291700.0000","297700.0000","298500.0000","303500.0000","297700.0000","303500.0000","291800.0000","303500.0000","291700.0000","303500.0000"," ","0.0000","0.0000","4158","1247068600","299920.2982"
"20200916","01","11","    89680","JP3046240002","132700.0000","133800.0000","132300.0000","132700.0000","133400.0000","134400.0000","132800.0000","134400.0000","132700.0000","134400.0000","132300.0000","134400.0000"," ","0.0000","0.0000","2311","308466700","133477.5855"
"20200916","01","11","    89720","JP3046270009","610000.0000","612000.0000","603000.0000","609000.0000","611000.0000","619000.0000","610000.0000","614000.0000","610000.0000","619000.0000","603000.0000","614000.0000"," ","0.0000","0.0000","1235","755329000","611602.4291"
"20200916","01","11","    89750","JP3046300004","74800.0000","75000.0000","74200.0000","74900.0000","74800.0000","75500.0000","74500.0000","75300.0000","74800.0000","75500.0000","74200.0000","75300.0000"," ","0.0000","0.0000","3083","230877500","74887.2851"
"20200916","01","11","    89760","JP3046310003","584000.0000","586000.0000","578000.0000","585000.0000","587000.0000","592000.0000","584000.0000","587000.0000","584000.0000","592000.0000","578000.0000","587000.0000"," ","0.0000","0.0000","1216","712374000","585833.8816"
"20200916","01","11","    89770","JP3046320002","117600.0000","119200.0000","117400.0000","119000.0000","119000.0000","119600.0000","118800.0000","119100.0000","117600.0000","119600.0000","117400.0000","119100.0000"," ","0.0000","0.0000","1570","186643900","118881.4650"
"20200916","01","11","    89790","JP3046340000","201700.0000","202900.0000","200200.0000","201900.0000","201500.0000","204300.0000","201300.0000","202800.0000","201700.0000","204300.0000","200200.0000","202800.0000"," ","0.0000","0.0000","752","152150800","202328.1915"
"20200916","01","11","    89840","JP3046390005","274500.0000","275000.0000","270100.0000","274900.0000","275000.0000","276600.0000","273900.0000","276200.0000","274500.0000","276600.0000","270100.0000","276200.0000"," ","0.0000","0.0000","5288","1454420300","275041.6604"
"20200916","01","11","    89850","JP3046400002","48300.0000","49200.0000","48050.0000","48750.0000","49200.0000","49450.0000","48750.0000","49200.0000","48300.0000","49450.0000","48050.0000","49200.0000"," ","0.0000","0.0000","41978","2057499850","49013.7655"
"20200916","01","11","    89860","JP3046410001","109400.0000","109700.0000","108700.0000","109500.0000","109800.0000","110700.0000","109100.0000","109800.0000","109400.0000","110700.0000","108700.0000","109800.0000"," ","0.0000","0.0000","5963","653966800","109670.7697"
"20200916","01","11","    89870","JP3046420000","120900.0000","121600.0000","119600.0000","121200.0000","122400.0000","123100.0000","121100.0000","122200.0000","120900.0000","123100.0000","119600.0000","122200.0000"," ","0.0000","0.0000","4152","505039000","121637.5241"
"20200916","01","11","    89990","JP3274030000","364.0000","366.0000","363.0000","365.0000","365.0000","370.0000","364.0000","369.0000","364.0000","370.0000","363.0000","369.0000"," ","0.0000","0.0000","35500","13005800","366.3606"
"20200916","01","11","    90010","JP3597800006","3350.0000","3350.0000","3300.0000","3325.0000","3315.0000","3345.0000","3315.0000","3330.0000","3350.0000","3350.0000","3300.0000","3330.0000"," ","0.0000","0.0000","392600","1305570000","3325.4457"
"20200916","01","11","    90030","JP3316400005","2950.0000","2950.0000","2921.0000","2936.0000","2944.0000","2949.0000","2923.0000","2934.0000","2950.0000","2950.0000","2921.0000","2934.0000"," ","0.0000","0.0000","117900","346028200","2934.9296"
"20200916","01","11","    90050","JP3574200006","1458.0000","1459.0000","1438.0000","1444.0000","1444.0000","1450.0000","1439.0000","1439.0000","1458.0000","1459.0000","1438.0000","1439.0000"," ","0.0000","0.0000","1042600","1505171500","1443.6711"
"20200916","01","11","    90060","JP3280200001","1629.0000","1643.0000","1615.0000","1642.0000","1648.0000","1650.0000","1632.0000","1633.0000","1629.0000","1650.0000","1615.0000","1633.0000"," ","0.0000","0.0000","470900","768825800","1632.6732"
"20200916","01","11","    90070","JP3196000008","2600.0000","2610.0000","2583.0000","2599.0000","2596.0000","2605.0000","2590.0000","2592.0000","2600.0000","2610.0000","2583.0000","2592.0000"," ","0.0000","0.0000","427500","1108992400","2594.1343"
"20200916","01","11","    90080","JP3277800003","6550.0000","6550.0000","6450.0000","6520.0000","6520.0000","6560.0000","6510.0000","6530.0000","6550.0000","6560.0000","6450.0000","6530.0000"," ","0.0000","0.0000","175300","1142238000","6515.9042"
"20200916","01","11","    90090","JP3278600006","3125.0000","3130.0000","3095.0000","3120.0000","3125.0000","3125.0000","3090.0000","3090.0000","3125.0000","3130.0000","3090.0000","3090.0000"," ","0.0000","0.0000","229300","711411000","3102.5338"
"20200916","01","11","    90100","JP3810400006","3730.0000","3755.0000","3700.0000","3740.0000","3750.0000","3750.0000","3730.0000","3750.0000","3730.0000","3755.0000","3700.0000","3750.0000"," ","0.0000","0.0000","70500","263577500","3738.6879"
"20200916","01","11","    90140","JP3372400006","2341.0000","2394.0000","2321.0000","2392.0000","2394.0000","2415.0000","2390.0000","2394.0000","2341.0000","2415.0000","2321.0000","2394.0000"," ","0.0000","0.0000","9600","22944100","2390.0104"
"20200916","01","11","    90200","JP3783600004","6950.0000","6972.0000","6878.0000","6963.0000","6972.0000","6983.0000","6899.0000","6900.0000","6950.0000","6983.0000","6878.0000","6900.0000"," ","0.0000","0.0000","1180300","8171409800","6923.1634"
"20200916","01","11","    90210","JP3659000008","5780.0000","5793.0000","5683.0000","5785.0000","5789.0000","5794.0000","5723.0000","5726.0000","5780.0000","5794.0000","5683.0000","5726.0000"," ","0.0000","0.0000","747900","4290660700","5736.9444"
"20200916","01","11","    90220","JP3566800003","16510.0000","16550.0000","16330.0000","16525.0000","16500.0000","16555.0000","16405.0000","16405.0000","16510.0000","16555.0000","16330.0000","16405.0000"," ","0.0000","0.0000","605900","9962221500","16442.0226"
"20200916","01","11","    90240","JP3417200007","1293.0000","1295.0000","1279.0000","1292.0000","1291.0000","1292.0000","1275.0000","1275.0000","1293.0000","1295.0000","1275.0000","1275.0000"," ","0.0000","0.0000","1548000","1988600800","1284.6258"
"20200916","01","11","    90250","JP3288970001","1155.0000","1176.0000","1151.0000","1176.0000","1186.0000","1186.0000","1167.0000","1170.0000","1155.0000","1186.0000","1151.0000","1170.0000"," ","0.0000","0.0000","57000","66635500","1169.0439"
"20200916","01","11","    90310","JP3658800002","3105.0000","3125.0000","3100.0000","3115.0000","3130.0000","3130.0000","3110.0000","3125.0000","3105.0000","3130.0000","3100.0000","3125.0000"," ","0.0000","0.0000","102900","320835000","3117.9300"
"20200916","01","11","    90370","JP3771150004","3270.0000","3270.0000","3245.0000","3265.0000","3270.0000","3275.0000","3240.0000","3250.0000","3270.0000","3275.0000","3240.0000","3250.0000"," ","0.0000","0.0000","26500","86252500","3254.8113"
"20200916","01","11","    90390","JP3314200001","5050.0000","5060.0000","5020.0000","5060.0000","5050.0000","5060.0000","5020.0000","5040.0000","5050.0000","5060.0000","5020.0000","5040.0000"," ","0.0000","0.0000","26100","131637000","5043.5632"
"20200916","01","11","    90410","JP3260800002","4750.0000","4760.0000","4695.0000","4750.0000","4750.0000","4755.0000","4720.0000","4720.0000","4750.0000","4760.0000","4695.0000","4720.0000"," ","0.0000","0.0000","286500","1354952000","4729.3264"
"20200916","01","11","    90420","JP3774200004","3570.0000","3570.0000","3520.0000","3545.0000","3545.0000","3555.0000","3535.0000","3540.0000","3570.0000","3570.0000","3520.0000","3540.0000"," ","0.0000","0.0000","298800","1058120500","3541.2333"
"20200916","01","11","    90440","JP3653000004","2368.0000","2384.0000","2355.0000","2375.0000","2375.0000","2383.0000","2353.0000","2358.0000","2368.0000","2384.0000","2353.0000","2358.0000"," ","0.0000","0.0000","216300","511373000","2364.1840"
"20200916","01","11","    90450","JP3279400000","4505.0000","4545.0000","4485.0000","4540.0000","4540.0000","4555.0000","4500.0000","4505.0000","4505.0000","4555.0000","4485.0000","4505.0000"," ","0.0000","0.0000","197900","893274000","4513.7645"
"20200916","01","11","    90460","JP3290600000","3915.0000","3950.0000","3900.0000","3950.0000","3950.0000","3950.0000","3915.0000","3940.0000","3915.0000","3950.0000","3900.0000","3940.0000"," ","0.0000","0.0000","12600","49531500","3931.0714"
"20200916","01","11","    90480","JP3649800004","2952.0000","2960.0000","2935.0000","2956.0000","2953.0000","2959.0000","2938.0000","2946.0000","2952.0000","2960.0000","2935.0000","2946.0000"," ","0.0000","0.0000","516600","1522121400","2946.4216"
"20200916","01","11","    90520","JP3341600009","2143.0000","2202.0000","2128.0000","2197.0000","2201.0000","2233.0000","2199.0000","2228.0000","2143.0000","2233.0000","2128.0000","2228.0000"," ","0.0000","0.0000","39500","86240500","2183.3038"
"20200916","01","11","    90580","JP3635650009","7380.0000","7430.0000","7310.0000","7430.0000","7430.0000","7450.0000","7390.0000","7420.0000","7380.0000","7450.0000","7310.0000","7420.0000"," ","0.0000","0.0000","6400","47369000","7401.4063"
"20200916","01","11","    90620","JP3729400006","6220.0000","6320.0000","6170.0000","6300.0000","6320.0000","6320.0000","6210.0000","6230.0000","6220.0000","6320.0000","6170.0000","6230.0000"," ","0.0000","0.0000","276800","1726680000","6238.0058"
"20200916","01","11","    90640","JP3940000007","2600.0000","2637.0000","2600.0000","2618.0000","2619.0000","2631.0000","2608.0000","2629.0000","2600.0000","2637.0000","2600.0000","2629.0000"," ","0.0000","0.0000","987700","2588768800","2621.0072"
"20200916","01","11","    90650","JP3326000001","4600.0000","4600.0000","4515.0000","4590.0000","4590.0000","4600.0000","4510.0000","4515.0000","4600.0000","4600.0000","4510.0000","4515.0000"," ","0.0000","0.0000","209600","953127500","4547.3640"
"20200916","01","11","    90660","JP3674400001","1578.0000","1585.0000","1557.0000","1564.0000","1557.0000","1573.0000","1543.0000","1572.0000","1578.0000","1585.0000","1543.0000","1572.0000"," ","0.0000","0.0000","21300","33282100","1562.5399"
"20200916","01","11","    90670","JP3871600007","238.0000","244.0000","238.0000","240.0000","241.0000","241.0000","238.0000","241.0000","238.0000","244.0000","238.0000","241.0000"," ","0.0000","0.0000","55200","13281000","240.5978"
"20200916","01","11","    90680","JP3876000005","3275.0000","3300.0000","3270.0000","3295.0000","3275.0000","3315.0000","3275.0000","3315.0000","3275.0000","3315.0000","3270.0000","3315.0000"," ","0.0000","0.0000","22200","73090000","3292.3423"
"20200916","01","11","    90690","JP3423800006","975.0000","983.0000","968.0000","978.0000","977.0000","980.0000","968.0000","969.0000","975.0000","983.0000","968.0000","969.0000"," ","0.0000","0.0000","490300","477544000","973.9833"
"20200916","01","11","    90700","JP3629400007","6180.0000","6200.0000","6060.0000","6130.0000","6180.0000","6200.0000","6160.0000","6180.0000","6180.0000","6200.0000","6060.0000","6180.0000"," ","0.0000","0.0000","3300","20361000","6170.0000"
"20200916","01","11","    90720","JP3709600005","2311.0000","2345.0000","2310.0000","2337.0000","2337.0000","2340.0000","2323.0000","2334.0000","2311.0000","2345.0000","2310.0000","2334.0000"," ","0.0000","0.0000","109300","254929300","2332.3815"
"20200916","01","11","    90740","JP3724600006","2653.0000","2653.0000","2633.0000","2642.0000","2655.0000","2655.0000","2640.0000","2650.0000","2653.0000","2655.0000","2633.0000","2650.0000"," ","0.0000","0.0000","3000","7932000","2644.0000"
"20200916","01","11","    90750","JP3806800003","5100.0000","5170.0000","5100.0000","5170.0000","5200.0000","5230.0000","5170.0000","5230.0000","5100.0000","5230.0000","5100.0000","5230.0000"," ","0.0000","0.0000","34500","179061000","5190.1739"
"20200916","01","11","    90760","JP3415400005","1586.0000","1598.0000","1583.0000","1596.0000","1596.0000","1602.0000","1595.0000","1595.0000","1586.0000","1602.0000","1583.0000","1595.0000"," ","0.0000","0.0000","620000","988282900","1594.0047"
"20200916","01","11","    90780","JP3164000006","977.0000","990.0000","977.0000","987.0000","1000.0000","1018.0000","979.0000","992.0000","977.0000","1018.0000","977.0000","992.0000"," ","0.0000","0.0000","5400","5347600","990.2963"
"20200916","01","11","    90810","JP3214600003","4290.0000","4290.0000","4215.0000","4220.0000","4220.0000","4255.0000","4220.0000","4245.0000","4290.0000","4290.0000","4215.0000","4245.0000"," ","0.0000","0.0000","4800","20397000","4249.3750"
"20200916","01","11","    90860","JP3791200003","3610.0000","3640.0000","3575.0000","3635.0000","3640.0000","3650.0000","3610.0000","3630.0000","3610.0000","3650.0000","3575.0000","3630.0000"," ","0.0000","0.0000","146400","530460000","3623.3607"
"20200916","01","11","    90900","JP3879170003","3785.0000","3955.0000","3770.0000","3930.0000","3915.0000","3930.0000","3875.0000","3905.0000","3785.0000","3955.0000","3770.0000","3905.0000"," ","0.0000","0.0000","243200","947948000","3897.8125"
"20200916","01","11","    90990","JP3346180007","1589.0000","1629.0000","1579.0000","1619.0000","1626.0000","1659.0000","1623.0000","1659.0000","1589.0000","1659.0000","1579.0000","1659.0000"," ","0.0000","0.0000","39300","63952200","1627.2824"
"20200916","01","11","    91010","JP3753000003","1848.0000","1861.0000","1821.0000","1829.0000","1829.0000","1829.0000","1807.0000","1813.0000","1848.0000","1861.0000","1807.0000","1813.0000"," ","0.0000","0.0000","2349800","4294392200","1827.5565"
"20200916","01","11","    91040","JP3362700001","2258.0000","2259.0000","2222.0000","2232.0000","2235.0000","2236.0000","2203.0000","2206.0000","2258.0000","2259.0000","2203.0000","2206.0000"," ","0.0000","0.0000","1415300","3149065900","2225.0165"
"20200916","01","11","    91070","JP3223800008","1275.0000","1278.0000","1196.0000","1200.0000","1202.0000","1216.0000","1202.0000","1212.0000","1275.0000","1278.0000","1196.0000","1212.0000"," ","0.0000","0.0000","1810900","2213585900","1222.3678"
"20200916","01","11","    91100","JP3385000009","1489.0000","1489.0000","1458.0000","1460.0000","1460.0000","1466.0000","1445.0000","1446.0000","1489.0000","1489.0000","1445.0000","1446.0000"," ","0.0000","0.0000","24200","35278800","1457.8017"
"20200916","01","11","    91150","JP3916200003","349.0000","354.0000","348.0000","353.0000","354.0000","359.0000","353.0000","359.0000","349.0000","359.0000","348.0000","359.0000"," ","0.0000","0.0000","39900","14156200","354.7920"
"20200916","01","11","    91190","JP3131200002","378.0000","381.0000","377.0000","380.0000","380.0000","380.0000","375.0000","376.0000","378.0000","381.0000","375.0000","376.0000"," ","0.0000","0.0000","130000","49082800","377.5600"
"20200916","01","11","    91300","JP3247600004","786.0000","796.0000","786.0000","789.0000","788.0000","796.0000","788.0000","792.0000","786.0000","796.0000","786.0000","792.0000"," ","0.0000","0.0000","8700","6888300","791.7586"
"20200916","01","11","    91420","JP3247010006","2331.0000","2346.0000","2311.0000","2341.0000","2344.0000","2347.0000","2334.0000","2339.0000","2331.0000","2347.0000","2311.0000","2339.0000"," ","0.0000","0.0000","608700","1422024600","2336.1666"
"20200916","01","11","    91430","JP3162770006","4610.0000","4695.0000","4605.0000","4675.0000","4700.0000","4710.0000","4670.0000","4710.0000","4610.0000","4710.0000","4605.0000","4710.0000"," ","0.0000","0.0000","606800","2835336500","4672.6046"
"20200916","01","11","    92010","JP3705200008","2177.0000","2187.0000","2143.5000","2174.5000","2174.0000","2185.5000","2162.5000","2162.5000","2177.0000","2187.0000","2143.5000","2162.5000"," ","0.0000","0.0000","3367600","7307169100","2169.8447"
"20200916","01","11","    92020","JP3429800000","2772.0000","2772.0000","2724.5000","2764.0000","2764.0000","2778.0000","2753.5000","2773.0000","2772.0000","2778.0000","2724.5000","2773.0000"," ","0.0000","0.0000","1297600","3577851150","2757.2836"
"20200916","01","11","    92320","JP3781400001","1450.0000","1450.0000","1430.0000","1432.0000","1432.0000","1441.0000","1418.0000","1441.0000","1450.0000","1450.0000","1418.0000","1441.0000"," ","0.0000","0.0000","12500","17945600","1435.6480"
"20200916","01","11","    92600","JP3659350007","1900.0000","1903.0000","1885.0000","1896.0000","1900.0000","1910.0000","1895.0000","1910.0000","1900.0000","1910.0000","1885.0000","1910.0000"," ","0.0000","0.0000","19900","37868000","1902.9146"
"20200916","01","11","    92620","JP3369800002","2052.0000","2145.0000","2048.0000","2103.0000","2108.0000","2121.0000","2082.0000","2085.0000","2052.0000","2145.0000","2048.0000","2085.0000"," ","0.0000","0.0000","103400","217463500","2103.1286"
"20200916","01","11","    92650","JP3936200009","1530.0000","1530.0000","1515.0000","1522.0000","1522.0000","1524.0000","1518.0000","1523.0000","1530.0000","1530.0000","1515.0000","1523.0000"," ","0.0000","0.0000","5300","8071600","1522.9434"
"20200916","01","11","    92660","JP3142330004","609.0000","611.0000","609.0000","610.0000","611.0000","612.0000","609.0000","611.0000","609.0000","612.0000","609.0000","611.0000"," ","0.0000","0.0000","6100","3720400","609.9016"
"20200916","01","11","    92670","JP3282750003","3555.0000","3580.0000","3505.0000","3515.0000","3520.0000","3610.0000","3515.0000","3605.0000","3555.0000","3610.0000","3505.0000","3605.0000"," ","0.0000","0.0000","73800","262126000","3551.8428"
"20200916","01","11","    92730","JP3283420002","1880.0000","1920.0000","1873.0000","1888.0000","1917.0000","1917.0000","1890.0000","1890.0000","1880.0000","1920.0000","1873.0000","1890.0000"," ","0.0000","0.0000","30300","57646000","1902.5083"
"20200916","01","11","    92740","JP3293350009","286.0000","293.0000","285.0000","292.0000","292.0000","293.0000","290.0000","293.0000","286.0000","293.0000","285.0000","293.0000"," ","0.0000","0.0000","80600","23408900","290.4330"
"20200916","01","11","    92750","JP3652010004","600.0000","604.0000","585.0000","599.0000","600.0000","600.0000","588.0000","594.0000","600.0000","604.0000","585.0000","594.0000"," ","0.0000","0.0000","12000","7125700","593.8083"
"20200916","01","11","    92780","JP3829940000","948.0000","956.0000","940.0000","943.0000","943.0000","949.0000","941.0000","949.0000","948.0000","956.0000","940.0000","949.0000"," ","0.0000","0.0000","41600","39403800","947.2067"
"20200916","01","11","    92810","JP3048210003","115500.0000","115500.0000","115300.0000","115400.0000","115500.0000","115500.0000","115300.0000","115500.0000","115500.0000","115500.0000","115300.0000","115500.0000"," ","0.0000","0.0000","87","10044200","115450.5747"
"20200916","01","11","    92820","JP3048360006","56000.0000","56000.0000","55700.0000","55900.0000","55700.0000","56000.0000","55700.0000","55900.0000","56000.0000","56000.0000","55700.0000","55900.0000"," ","0.0000","0.0000","273","15239400","55821.9780"
"20200916","01","11","    92830","JP3048410009","98800.0000","99000.0000","98800.0000","99000.0000","99100.0000","99200.0000","98900.0000","99000.0000","98800.0000","99200.0000","98800.0000","99000.0000"," ","0.0000","0.0000","95","9404600","98995.7895"
"20200916","01","11","    92840","JP3048590008","118500.0000","118800.0000","118200.0000","118400.0000","118500.0000","118700.0000","118000.0000","118400.0000","118500.0000","118800.0000","118000.0000","118400.0000"," ","0.0000","0.0000","506","59944800","118467.9842"
"20200916","01","11","    92850","JP3048780005","90100.0000","90200.0000","90000.0000","90200.0000","90200.0000","90700.0000","90100.0000","90700.0000","90100.0000","90700.0000","90000.0000","90700.0000"," ","0.0000","0.0000","232","20930000","90215.5172"
"20200916","01","11","    92860","JP3048820009","96700.0000","96700.0000","96200.0000","96500.0000","96500.0000","96700.0000","96300.0000","96300.0000","96700.0000","96700.0000","96200.0000","96300.0000"," ","0.0000","0.0000","127","12246700","96430.7087"
"20200916","01","11","    92870","JP3049000007","94100.0000","94400.0000","94100.0000","94400.0000","94200.0000","95800.0000","94200.0000","94400.0000","94100.0000","95800.0000","94100.0000","94400.0000"," ","0.0000","0.0000","211","19967300","94631.7536"
"20200916","01","11","    93010","JP3902000003","3070.0000","3070.0000","3025.0000","3025.0000","3035.0000","3035.0000","2986.0000","2997.0000","3070.0000","3070.0000","2986.0000","2997.0000"," ","0.0000","0.0000","416200","1253645200","3012.1221"
"20200916","01","11","    93020","JP3891200002","1844.0000","1885.0000","1834.0000","1885.0000","1881.0000","1885.0000","1871.0000","1875.0000","1844.0000","1885.0000","1834.0000","1875.0000"," ","0.0000","0.0000","81200","151819400","1869.6970"
"20200916","01","11","    93030","JP3407000003","1366.0000","1373.0000","1360.0000","1367.0000","1374.0000","1374.0000","1356.0000","1360.0000","1366.0000","1374.0000","1356.0000","1360.0000"," ","0.0000","0.0000","117800","160594600","1363.2818"
"20200916","01","11","    93040","JP3355600002","2185.0000","2199.0000","2176.0000","2199.0000","2199.0000","2205.0000","2193.0000","2205.0000","2185.0000","2205.0000","2176.0000","2205.0000"," ","0.0000","0.0000","10100","22177800","2195.8218"
"20200916","01","11","    93050","JP3937600009","1294.0000","1295.0000","1275.0000","1287.0000","1288.0000","1299.0000","1284.0000","1299.0000","1294.0000","1299.0000","1275.0000","1299.0000"," ","0.0000","0.0000","38500","49510000","1285.9740"
"20200916","01","11","    93060","JP3615400003","340.0000","341.0000","338.0000","340.0000","340.0000","341.0000","330.0000","341.0000","340.0000","341.0000","330.0000","341.0000"," ","0.0000","0.0000","31600","10699100","338.5791"
"20200916","01","11","    93080","JP3146800002","872.0000","884.0000","856.0000","866.0000","864.0000","874.0000","858.0000","863.0000","872.0000","884.0000","856.0000","863.0000"," ","0.0000","0.0000","29400","25460600","866.0068"
"20200916","01","11","    93100","JP3739600009","539.0000","540.0000","533.0000","539.0000","540.0000","545.0000","539.0000","545.0000","539.0000","545.0000","533.0000","545.0000"," ","0.0000","0.0000","33500","18155000","541.9403"
"20200916","01","11","    93120","JP3279800001","1348.0000","1359.0000","1343.0000","1351.0000","1359.0000","1359.0000","1350.0000","1359.0000","1348.0000","1359.0000","1343.0000","1359.0000"," ","0.0000","0.0000","4000","5419200","1354.8000"
"20200916","01","11","    93190","JP3516600008","1099.0000","1100.0000","1085.0000","1100.0000","1100.0000","1117.0000","1100.0000","1117.0000","1099.0000","1117.0000","1085.0000","1117.0000"," ","0.0000","0.0000","12900","14214900","1101.9302"
"20200916","01","11","    93220","JP3226800005","1130.0000","1130.0000","1126.0000","1126.0000","1130.0000","1130.0000","1128.0000","1130.0000","1130.0000","1130.0000","1126.0000","1130.0000"," ","0.0000","0.0000","2800","3163000","1129.6429"
"20200916","01","11","    93240","JP3932820008","950.0000","951.0000","942.0000","950.0000","950.0000","952.0000","945.0000","952.0000","950.0000","952.0000","942.0000","952.0000"," ","0.0000","0.0000","23000","21840100","949.5696"
"20200916","01","11","    93250","JP3802360002","1093.0000","1131.0000","1081.0000","1110.0000","1110.0000","1123.0000","1105.0000","1118.0000","1093.0000","1131.0000","1081.0000","1118.0000"," ","0.0000","0.0000","236400","263314000","1113.8494"
"20200916","01","11","    93510","JP3619000007","1450.0000","1450.0000","1441.0000","1450.0000","1450.0000","1451.0000","1445.0000","1451.0000","1450.0000","1451.0000","1441.0000","1451.0000"," ","0.0000","0.0000","5200","7525300","1447.1731"
"20200916","01","11","    93580","JP3157600002","473.0000","480.0000","473.0000","480.0000","483.0000","489.0000","479.0000","479.0000","473.0000","489.0000","473.0000","479.0000"," ","0.0000","0.0000","39200","18725700","477.6964"
"20200916","01","11","    93640","JP3219000001","2132.0000","2144.0000","2121.0000","2140.0000","2137.0000","2142.0000","2110.0000","2112.0000","2132.0000","2144.0000","2110.0000","2112.0000"," ","0.0000","0.0000","406800","863545500","2122.7765"
"20200916","01","11","    93660","JP3343400002","635.0000","636.0000","630.0000","636.0000","633.0000","634.0000","631.0000","633.0000","635.0000","636.0000","630.0000","633.0000"," ","0.0000","0.0000","5800","3671900","633.0862"
"20200916","01","11","    93680","JP3242500001","1100.0000","1100.0000","1091.0000","1100.0000","1100.0000","1105.0000","1098.0000","1105.0000","1100.0000","1105.0000","1091.0000","1105.0000"," ","0.0000","0.0000","9000","9910500","1101.1667"
"20200916","01","11","    93690","JP3244700005","1543.0000","1560.0000","1536.0000","1556.0000","1555.0000","1558.0000","1533.0000","1535.0000","1543.0000","1560.0000","1533.0000","1535.0000"," ","0.0000","0.0000","20600","31866700","1546.9272"
"20200916","01","11","    93750","JP3262900008","2069.0000","2087.0000","2062.0000","2080.0000","2082.0000","2087.0000","2066.0000","2078.0000","2069.0000","2087.0000","2062.0000","2078.0000"," ","0.0000","0.0000","208400","432441000","2075.0528"
"20200916","01","11","    93800","JP3121190007","315.0000","315.0000","312.0000","312.0000","312.0000","313.0000","310.0000","312.0000","315.0000","315.0000","310.0000","312.0000"," ","0.0000","0.0000","56800","17740600","312.3345"
"20200916","01","11","    93810","JP3160050005","979.0000","1001.0000","976.0000","989.0000","1003.0000","1006.0000","982.0000","1001.0000","979.0000","1006.0000","976.0000","1001.0000"," ","0.0000","0.0000","37300","37033200","992.8472"
"20200916","01","11","    93840","JP3641230002","1164.0000","1197.0000","1164.0000","1194.0000","1194.0000","1222.0000","1192.0000","1217.0000","1164.0000","1222.0000","1164.0000","1217.0000"," ","0.0000","0.0000","33400","39949000","1196.0778"
"20200916","01","11","    93850","JP3360100006","1236.0000","1236.0000","1212.0000","1220.0000","1219.0000","1225.0000","1215.0000","1224.0000","1236.0000","1236.0000","1212.0000","1224.0000"," ","0.0000","0.0000","25500","31136600","1221.0431"
"20200916","01","11","    93860","JP3708600006","1455.0000","1475.0000","1455.0000","1464.0000","1470.0000","1479.0000","1462.0000","1472.0000","1455.0000","1479.0000","1455.0000","1472.0000"," ","0.0000","0.0000","14900","21858900","1467.0403"
"20200916","01","11","    94010","JP3588600001","1833.0000","1848.0000","1828.0000","1842.0000","1852.0000","1852.0000","1836.0000","1837.0000","1833.0000","1852.0000","1828.0000","1837.0000"," ","0.0000","0.0000","151200","278246700","1840.2560"
"20200916","01","11","    94040","JP3732200005","1225.0000","1231.0000","1221.0000","1231.0000","1231.0000","1232.0000","1219.0000","1219.0000","1225.0000","1232.0000","1219.0000","1219.0000"," ","0.0000","0.0000","216400","264790100","1223.6141"
"20200916","01","11","    94050","JP3116800008","731.0000","737.0000","727.0000","735.0000","735.0000","739.0000","733.0000","739.0000","731.0000","739.0000","727.0000","739.0000"," ","0.0000","0.0000","41200","30227300","733.6723"
"20200916","01","11","    94090","JP3429000007","1710.0000","1732.0000","1708.0000","1725.0000","1721.0000","1724.0000","1703.0000","1703.0000","1710.0000","1732.0000","1703.0000","1703.0000"," ","0.0000","0.0000","93600","160588300","1715.6870"
"20200916","01","11","    94120","JP3396350005","452.0000","453.0000","447.0000","452.0000","451.0000","453.0000","447.0000","449.0000","452.0000","453.0000","447.0000","449.0000"," ","0.0000","0.0000","576900","259522800","449.8575"
"20200916","01","11","    94130","JP3547060008","2360.0000","2382.0000","2360.0000","2377.0000","2389.0000","2389.0000","2360.0000","2371.0000","2360.0000","2389.0000","2360.0000","2371.0000"," ","0.0000","0.0000","21200","50322900","2373.7217"
"20200916","01","11","    94140","JP3746000003","1120.0000","1120.0000","1114.0000","1115.0000","1118.0000","1120.0000","1111.0000","1116.0000","1120.0000","1120.0000","1111.0000","1116.0000"," ","0.0000","0.0000","16100","17978900","1116.7019"
"20200916","01","11","    94160","JP3800330007","839.0000","848.0000","830.0000","838.0000","836.0000","838.0000","828.0000","835.0000","839.0000","848.0000","828.0000","835.0000"," ","0.0000","0.0000","629700","526093200","835.4664"
"20200916","01","11","    94170","JP3400090001","1097.0000","1107.0000","1081.0000","1092.0000","1097.0000","1097.0000","1084.0000","1089.0000","1097.0000","1107.0000","1081.0000","1089.0000"," ","0.0000","0.0000","71000","77680500","1094.0915"
"20200916","01","11","    94180","JP3944640006","1225.0000","1239.0000","1217.0000","1237.0000","1239.0000","1240.0000","1230.0000","1233.0000","1225.0000","1240.0000","1217.0000","1233.0000"," ","0.0000","0.0000","126200","155546200","1232.5372"
"20200916","01","11","    94190","JP3990740007","786.0000","793.0000","780.0000","781.0000","781.0000","792.0000","772.0000","792.0000","786.0000","793.0000","772.0000","792.0000"," ","0.0000","0.0000","89900","70269400","781.6396"
"20200916","01","11","    94220","JP3104870005","1200.0000","1210.0000","1188.0000","1205.0000","1203.0000","1213.0000","1188.0000","1196.0000","1200.0000","1213.0000","1188.0000","1196.0000"," ","0.0000","0.0000","128600","154034500","1197.7799"
"20200916","01","11","    94240","JP3729600001","240.0000","242.0000","237.0000","238.0000","238.0000","240.0000","235.0000","238.0000","240.0000","242.0000","235.0000","238.0000"," ","0.0000","0.0000","7891700","1885554600","238.9288"
"20200916","01","11","    94280","JP3273100002","810.0000","817.0000","786.0000","812.0000","814.0000","814.0000","788.0000","793.0000","810.0000","817.0000","786.0000","793.0000"," ","0.0000","0.0000","17000","13621700","801.2765"
"20200916","01","11","    94320","JP3735400008","2270.0000","2320.5000","2241.5000","2306.0000","2304.0000","2313.5000","2300.0000","2300.5000","2270.0000","2320.5000","2241.5000","2300.5000"," ","0.0000","0.0000","9381100","21478070750","2289.5045"
"20200916","01","11","    94330","JP3496400007","2826.5000","2882.0000","2797.5000","2869.0000","2870.0000","2876.5000","2848.5000","2852.0000","2826.5000","2882.0000","2797.5000","2852.0000"," ","0.0000","0.0000","9976900","28394838700","2846.0583"
"20200916","01","11","    94340","JP3732000009","1300.0000","1332.0000","1292.0000","1327.5000","1333.0000","1339.0000","1296.0000","1300.5000","1300.0000","1339.0000","1292.0000","1300.5000"," ","0.0000","0.0000","71612900","93952120950","1311.9441"
"20200916","01","11","    94350","JP3783420007","24080.0000","24220.0000","23840.0000","23990.0000","24030.0000","24180.0000","23880.0000","23950.0000","24080.0000","24220.0000","23840.0000","23950.0000"," ","0.0000","0.0000","51800","1243084000","23997.7606"
"20200916","01","11","    94370","JP3165650007","2756.5000","2809.0000","2736.5000","2801.5000","2804.5000","2814.5000","2793.5000","2798.0000","2756.5000","2814.5000","2736.5000","2798.0000"," ","0.0000","0.0000","6809000","18980411600","2787.5476"
"20200916","01","11","    94380","JP3167480007","750.0000","801.0000","749.0000","794.0000","809.0000","828.0000","800.0000","812.0000","750.0000","828.0000","749.0000","812.0000"," ","0.0000","0.0000","564400","452242600","801.2803"
"20200916","01","11","    94490","JP3152750000","2720.0000","2772.0000","2716.0000","2762.0000","2769.0000","2786.0000","2757.0000","2786.0000","2720.0000","2786.0000","2716.0000","2786.0000"," ","0.0000","0.0000","693400","1916187500","2763.4663"
"20200916","01","11","    94500","JP3802380000","1845.0000","1870.0000","1820.0000","1826.0000","1823.0000","1827.0000","1791.0000","1793.0000","1845.0000","1870.0000","1791.0000","1793.0000"," ","0.0000","0.0000","174400","318088200","1823.9002"
"20200916","01","11","    94660","JP3105110005","482.0000","486.0000","474.0000","475.0000","479.0000","487.0000","476.0000","482.0000","482.0000","487.0000","474.0000","482.0000"," ","0.0000","0.0000","55800","26807700","480.4247"
"20200916","01","11","    94680","JP3214350005","2600.0000","2668.0000","2599.0000","2650.0000","2660.0000","2682.0000","2646.0000","2679.0000","2600.0000","2682.0000","2599.0000","2679.0000"," ","0.0000","0.0000","362300","960785800","2651.9067"
"20200916","01","11","    94700","JP3234200008","1612.0000","1657.0000","1612.0000","1624.0000","1624.0000","1629.0000","1618.0000","1623.0000","1612.0000","1657.0000","1612.0000","1623.0000"," ","0.0000","0.0000","164300","267887200","1630.4760"
"20200916","01","11","    94740","JP3430400006","1150.0000","1158.0000","1139.0000","1151.0000","1153.0000","1153.0000","1140.0000","1140.0000","1150.0000","1158.0000","1139.0000","1140.0000"," ","0.0000","0.0000","128400","147282400","1147.0592"
"20200916","01","11","    94750","JP3363800008","493.0000","494.0000","491.0000","494.0000","496.0000","496.0000","491.0000","496.0000","493.0000","496.0000","491.0000","496.0000"," ","0.0000","0.0000","15100","7453700","493.6225"
"20200916","01","11","    94790","JP3153900000","165.0000","166.0000","161.0000","164.0000","163.0000","165.0000","163.0000","165.0000","165.0000","166.0000","161.0000","165.0000"," ","0.0000","0.0000","176400","28832600","163.4501"
"20200916","01","11","    95010","JP3585800000","310.0000","310.0000","304.0000","307.0000","308.0000","308.0000","305.0000","306.0000","310.0000","310.0000","304.0000","306.0000"," ","0.0000","0.0000","8418600","2579355800","306.3877"
"20200916","01","11","    95020","JP3526600006","1348.0000","1348.0000","1323.0000","1335.5000","1335.5000","1341.5000","1331.0000","1338.0000","1348.0000","1348.0000","1323.0000","1338.0000"," ","0.0000","0.0000","2099700","2800876800","1333.9414"
"20200916","01","11","    95030","JP3228600007","1065.0000","1066.0000","1052.0000","1060.0000","1060.0000","1062.0000","1057.0000","1060.5000","1065.0000","1066.0000","1052.0000","1060.5000"," ","0.0000","0.0000","2152600","2280349550","1059.3466"
"20200916","01","11","    95040","JP3522200009","1326.0000","1332.0000","1319.0000","1328.0000","1330.0000","1330.0000","1323.0000","1325.0000","1326.0000","1332.0000","1319.0000","1325.0000"," ","0.0000","0.0000","904300","1199143700","1326.0463"
"20200916","01","11","    95050","JP3845400005","777.0000","783.0000","774.0000","783.0000","781.0000","781.0000","776.0000","778.0000","777.0000","783.0000","774.0000","778.0000"," ","0.0000","0.0000","379400","295300400","778.3353"
"20200916","01","11","    95060","JP3605400005","1097.0000","1099.0000","1090.0000","1098.0000","1100.0000","1100.0000","1091.0000","1094.0000","1097.0000","1100.0000","1090.0000","1094.0000"," ","0.0000","0.0000","923100","1009961700","1094.0978"
"20200916","01","11","    95070","JP3350800003","799.0000","807.0000","795.0000","806.0000","806.0000","806.0000","800.0000","801.0000","799.0000","807.0000","795.0000","801.0000"," ","0.0000","0.0000","409900","328848800","802.2659"
"20200916","01","11","    95080","JP3246400000","976.0000","976.0000","967.0000","974.0000","975.0000","976.0000","969.0000","973.0000","976.0000","976.0000","967.0000","973.0000"," ","0.0000","0.0000","921900","896820100","972.7954"
"20200916","01","11","    95090","JP3850200001","457.0000","457.0000","451.0000","455.0000","455.0000","458.0000","454.0000","457.0000","457.0000","458.0000","451.0000","457.0000"," ","0.0000","0.0000","594700","270783500","455.3279"
"20200916","01","11","    95110","JP3194700005","1705.0000","1711.0000","1692.0000","1703.0000","1700.0000","1706.0000","1693.0000","1699.0000","1705.0000","1711.0000","1692.0000","1699.0000"," ","0.0000","0.0000","97200","165124500","1698.8117"
"20200916","01","11","    95130","JP3551200003","1683.0000","1684.0000","1661.0000","1678.0000","1681.0000","1682.0000","1666.0000","1666.0000","1683.0000","1684.0000","1661.0000","1666.0000"," ","0.0000","0.0000","902600","1509141300","1671.9935"
"20200916","01","11","    95140","JP3802140008","630.0000","634.0000","625.0000","633.0000","633.0000","634.0000","628.0000","631.0000","630.0000","634.0000","625.0000","631.0000"," ","0.0000","0.0000","85600","53928200","630.0023"
"20200916","01","11","    95170","JP3130830007","1107.0000","1124.0000","1094.0000","1099.0000","1096.0000","1101.0000","1086.0000","1087.0000","1107.0000","1124.0000","1086.0000","1087.0000"," ","0.0000","0.0000","412500","454667900","1102.2252"
"20200916","01","11","    95190","JP3981200003","1180.0000","1193.0000","1110.0000","1188.0000","1188.0000","1189.0000","1093.0000","1110.0000","1180.0000","1193.0000","1093.0000","1110.0000"," ","0.0000","0.0000","3329000","3795666300","1140.1821"
"20200916","01","11","    95310","JP3573000001","2354.0000","2371.5000","2343.5000","2361.5000","2362.5000","2364.5000","2349.5000","2360.5000","2354.0000","2371.5000","2343.5000","2360.5000"," ","0.0000","0.0000","974500","2298155800","2358.2923"
"20200916","01","11","    95320","JP3180400008","2062.0000","2066.0000","2040.0000","2062.0000","2063.0000","2065.0000","2054.0000","2062.0000","2062.0000","2066.0000","2040.0000","2062.0000"," ","0.0000","0.0000","608200","1251749100","2058.1208"
"20200916","01","11","    95330","JP3600200004","4775.0000","4845.0000","4715.0000","4790.0000","4800.0000","4800.0000","4760.0000","4780.0000","4775.0000","4845.0000","4715.0000","4780.0000"," ","0.0000","0.0000","178300","850878000","4772.1705"
"20200916","01","11","    95340","JP3847000001","1560.0000","1572.0000","1560.0000","1568.0000","1568.0000","1587.0000","1565.0000","1585.0000","1560.0000","1587.0000","1560.0000","1585.0000"," ","0.0000","0.0000","14800","23241700","1570.3851"
"20200916","01","11","    95350","JP3796200008","362.0000","363.0000","362.0000","363.0000","366.0000","367.0000","364.0000","367.0000","362.0000","367.0000","362.0000","367.0000"," ","0.0000","0.0000","34300","12498600","364.3907"
"20200916","01","11","    95360","JP3311600005","2690.0000","2763.0000","2684.0000","2751.0000","2750.0000","2785.0000","2749.0000","2778.0000","2690.0000","2785.0000","2684.0000","2778.0000"," ","0.0000","0.0000","51900","142956400","2754.4586"
"20200916","01","11","    95430","JP3351150002","890.0000","911.0000","888.0000","907.0000","912.0000","913.0000","903.0000","908.0000","890.0000","913.0000","888.0000","908.0000"," ","0.0000","0.0000","144000","130272300","904.6688"
"20200916","01","11","    95510","JP3921260000","4560.0000","4590.0000","4535.0000","4585.0000","4595.0000","4605.0000","4555.0000","4565.0000","4560.0000","4605.0000","4535.0000","4565.0000"," ","0.0000","0.0000","46200","211178000","4570.9524"
"20200916","01","11","    96000","JP3105010007","1582.0000","1619.0000","1582.0000","1601.0000","1607.0000","1620.0000","1601.0000","1620.0000","1582.0000","1620.0000","1582.0000","1620.0000"," ","0.0000","0.0000","32500","52223900","1606.8892"
"20200916","01","11","    96010","JP3362800009","15290.0000","15310.0000","15160.0000","15310.0000","15320.0000","15320.0000","15230.0000","15260.0000","15290.0000","15320.0000","15160.0000","15260.0000"," ","0.0000","0.0000","33600","513207000","15274.0179"
"20200916","01","11","    96020","JP3598600009","4235.0000","4255.0000","4215.0000","4230.0000","4230.0000","4235.0000","4220.0000","4220.0000","4235.0000","4255.0000","4215.0000","4220.0000"," ","0.0000","0.0000","277100","1172060500","4229.7384"
"20200916","01","11","    96030","JP3160740001","1957.0000","1970.0000","1907.0000","1909.0000","1912.0000","1926.0000","1886.0000","1910.0000","1957.0000","1970.0000","1886.0000","1910.0000"," ","0.0000","0.0000","1823200","3503095600","1921.3995"
"20200916","01","11","    96050","JP3560000006","17160.0000","17300.0000","17110.0000","17300.0000","17300.0000","17350.0000","17210.0000","17300.0000","17160.0000","17350.0000","17110.0000","17300.0000"," ","0.0000","0.0000","11100","191829000","17281.8919"
"20200916","01","11","    96120","JP3968000004","2314.0000","2327.0000","2299.0000","2322.0000","2317.0000","2324.0000","2305.0000","2324.0000","2314.0000","2327.0000","2299.0000","2324.0000"," ","0.0000","0.0000","31800","73672200","2316.7358"
"20200916","01","11","    96130","JP3165700000","1264.0000","1264.0000","1240.0000","1243.0000","1244.0000","1247.0000","1241.0000","1245.0000","1264.0000","1264.0000","1240.0000","1245.0000"," ","0.0000","0.0000","2195300","2734093900","1245.4306"
"20200916","01","11","    96160","JP3253900009","4230.0000","4265.0000","4195.0000","4240.0000","4250.0000","4250.0000","4160.0000","4160.0000","4230.0000","4265.0000","4160.0000","4160.0000"," ","0.0000","0.0000","294400","1240544000","4213.8043"
"20200916","01","11","    96190","JP3142100001","1288.0000","1294.0000","1270.0000","1290.0000","1294.0000","1295.0000","1285.0000","1295.0000","1288.0000","1295.0000","1270.0000","1295.0000"," ","0.0000","0.0000","39300","50684600","1289.6845"
"20200916","01","11","    96210","JP3281900005","2020.0000","2035.0000","1998.0000","2008.0000","2009.0000","2032.0000","2008.0000","2032.0000","2020.0000","2035.0000","1998.0000","2032.0000"," ","0.0000","0.0000","38400","77445400","2016.8073"
"20200916","01","11","    96220","JP3400050005","803.0000","805.0000","792.0000","796.0000","794.0000","814.0000","794.0000","814.0000","803.0000","814.0000","792.0000","814.0000"," ","0.0000","0.0000","33000","26469800","802.1152"
"20200916","01","11","    96240","JP3527600005","1300.0000","1332.0000","1295.0000","1307.0000","1304.0000","1304.0000","1290.0000","1301.0000","1300.0000","1332.0000","1290.0000","1301.0000"," ","0.0000","0.0000","80900","105819700","1308.0309"
"20200916","01","11","    96270","JP3105250009","7060.0000","7220.0000","7050.0000","7210.0000","7190.0000","7210.0000","7120.0000","7120.0000","7060.0000","7220.0000","7050.0000","7120.0000"," ","0.0000","0.0000","75100","536101000","7138.4953"
"20200916","01","11","    96280","JP3286300003","1143.0000","1148.0000","1142.0000","1144.0000","1144.0000","1156.0000","1144.0000","1156.0000","1143.0000","1156.0000","1142.0000","1156.0000"," ","0.0000","0.0000","6500","7470300","1149.2769"
"20200916","01","11","    96290","JP3801500004","4585.0000","4700.0000","4585.0000","4690.0000","4660.0000","4695.0000","4655.0000","4680.0000","4585.0000","4700.0000","4585.0000","4680.0000"," ","0.0000","0.0000","11100","51799000","4666.5766"
"20200916","01","11","    96320","JP3399800006","7700.0000","7770.0000","7700.0000","7770.0000","7840.0000","7840.0000","7770.0000","7810.0000","7700.0000","7840.0000","7700.0000","7810.0000"," ","0.0000","0.0000","2200","17089000","7767.7273"
"20200916","01","11","    96330","JP3584200004","1340.0000","1343.0000","1330.0000","1342.0000","1342.0000","1350.0000","1339.0000","1350.0000","1340.0000","1350.0000","1330.0000","1350.0000"," ","0.0000","0.0000","20100","26971000","1341.8408"
"20200916","01","11","    96440","JP3468850007","1510.0000","1518.0000","1506.0000","1514.0000","1513.0000","1514.0000","1505.0000","1514.0000","1510.0000","1518.0000","1505.0000","1514.0000"," ","0.0000","0.0000","6600","9980000","1512.1212"
"20200916","01","11","    96580","JP3800300000","1400.0000","1402.0000","1391.0000","1397.0000","1402.0000","1406.0000","1391.0000","1403.0000","1400.0000","1406.0000","1391.0000","1403.0000"," ","0.0000","0.0000","12200","17090300","1400.8443"
"20200916","01","11","    96630","JP3648700007","7430.0000","7610.0000","7390.0000","7520.0000","7570.0000","7800.0000","7520.0000","7790.0000","7430.0000","7800.0000","7390.0000","7790.0000"," ","0.0000","0.0000","15700","120192000","7655.5414"
"20200916","01","11","    96710","JP3960200008","4225.0000","4275.0000","4205.0000","4255.0000","4255.0000","4300.0000","4250.0000","4300.0000","4225.0000","4300.0000","4205.0000","4300.0000"," ","0.0000","0.0000","17500","74477500","4255.8571"
"20200916","01","11","    96720","JP3586600003","5230.0000","5360.0000","5230.0000","5300.0000","5290.0000","5330.0000","5250.0000","5330.0000","5230.0000","5360.0000","5230.0000","5330.0000"," ","0.0000","0.0000","142700","756934000","5304.3728"
"20200916","01","11","    96750","JP3393400001","1529.0000","1529.0000","1500.0000","1513.0000","1519.0000","1531.0000","1505.0000","1531.0000","1529.0000","1531.0000","1500.0000","1531.0000"," ","0.0000","0.0000","12700","19333600","1522.3307"
"20200916","01","11","    96780","JP3215200001","2446.0000","2447.0000","2412.0000","2417.0000","2413.0000","2414.0000","2362.0000","2364.0000","2446.0000","2447.0000","2362.0000","2364.0000"," ","0.0000","0.0000","133000","317902600","2390.2451"
"20200916","01","11","    96810","JP3587600002","766.0000","776.0000","762.0000","773.0000","773.0000","773.0000","767.0000","773.0000","766.0000","776.0000","762.0000","773.0000"," ","0.0000","0.0000","334400","257781800","770.8786"
"20200916","01","11","    96820","JP3548500002","2219.0000","2282.0000","2215.0000","2251.0000","2265.0000","2268.0000","2248.0000","2262.0000","2219.0000","2282.0000","2215.0000","2262.0000"," ","0.0000","0.0000","208400","470408100","2257.2366"
"20200916","01","11","    96840","JP3164630000","6800.0000","7020.0000","6780.0000","7020.0000","7000.0000","7020.0000","6940.0000","6990.0000","6800.0000","7020.0000","6780.0000","6990.0000"," ","0.0000","0.0000","753300","5241757000","6958.3924"
"20200916","01","11","    96920","JP3346200003","1548.0000","1557.0000","1538.0000","1556.0000","1557.0000","1568.0000","1552.0000","1566.0000","1548.0000","1568.0000","1538.0000","1566.0000"," ","0.0000","0.0000","102000","158780500","1556.6716"
"20200916","01","11","    96970","JP3218900003","5810.0000","5940.0000","5790.0000","5930.0000","5940.0000","5960.0000","5910.0000","5950.0000","5810.0000","5960.0000","5790.0000","5950.0000"," ","0.0000","0.0000","660000","3892216000","5897.2970"
"20200916","01","11","    96990","JP3657500009","2380.0000","2394.0000","2341.0000","2389.0000","2384.0000","2391.0000","2377.0000","2391.0000","2380.0000","2394.0000","2341.0000","2391.0000"," ","0.0000","0.0000","96100","228732400","2380.1498"
"20200916","01","11","    97020","JP3100700008","2449.0000","2486.0000","2429.0000","2453.0000","2450.0000","2458.0000","2423.0000","2442.0000","2449.0000","2486.0000","2423.0000","2442.0000"," ","0.0000","0.0000","124000","303947500","2451.1895"
"20200916","01","11","    97040","JP3561200001","29.0000","29.0000","28.0000","29.0000","29.0000","30.0000","28.0000","30.0000","29.0000","30.0000","28.0000","30.0000"," ","0.0000","0.0000","488000","14097800","28.8889"
"20200916","01","11","    97060","JP3699400002","4770.0000","4785.0000","4680.0000","4690.0000","4700.0000","4700.0000","4645.0000","4670.0000","4770.0000","4785.0000","4645.0000","4670.0000"," ","0.0000","0.0000","253500","1191395500","4699.7850"
"20200916","01","11","    97150","JP3635700002","2722.0000","2830.0000","2722.0000","2818.0000","2803.0000","2823.0000","2786.0000","2808.0000","2722.0000","2830.0000","2722.0000","2808.0000"," ","0.0000","0.0000","93700","262568600","2802.2263"
"20200916","01","11","    97160","JP3762400004","791.0000","799.0000","787.0000","798.0000","800.0000","801.0000","792.0000","797.0000","791.0000","801.0000","787.0000","797.0000"," ","0.0000","0.0000","300800","239150800","795.0492"
"20200916","01","11","    97170","JP3388400008","1378.0000","1409.0000","1371.0000","1406.0000","1405.0000","1420.0000","1402.0000","1416.0000","1378.0000","1420.0000","1371.0000","1416.0000"," ","0.0000","0.0000","64600","90332300","1398.3328"
"20200916","01","11","    97190","JP3400400002","5530.0000","5570.0000","5510.0000","5550.0000","5560.0000","5570.0000","5540.0000","5560.0000","5530.0000","5570.0000","5510.0000","5560.0000"," ","0.0000","0.0000","174800","970062000","5549.5538"
"20200916","01","11","    97220","JP3816800001","1659.0000","1665.0000","1639.0000","1644.0000","1640.0000","1652.0000","1632.0000","1651.0000","1659.0000","1665.0000","1632.0000","1651.0000"," ","0.0000","0.0000","55900","92036000","1646.4401"
"20200916","01","11","    97260","JP3260400001","1056.0000","1081.0000","1047.0000","1049.0000","1048.0000","1058.0000","1041.0000","1055.0000","1056.0000","1081.0000","1041.0000","1055.0000"," ","0.0000","0.0000","284600","301040200","1057.7660"
"20200916","01","11","    97280","JP3695000004","2021.0000","2041.0000","2021.0000","2039.0000","2039.0000","2047.0000","2037.0000","2040.0000","2021.0000","2047.0000","2021.0000","2040.0000"," ","0.0000","0.0000","98500","200310200","2033.6061"
"20200916","01","11","    97290","JP3552250007","2134.0000","2141.0000","2113.0000","2132.0000","2132.0000","2140.0000","2101.0000","2125.0000","2134.0000","2141.0000","2101.0000","2125.0000"," ","0.0000","0.0000","27400","58257900","2126.2007"
"20200916","01","11","    97310","JP3766600005","2454.0000","2454.0000","2454.0000","2454.0000","2479.0000","2500.0000","2472.0000","2500.0000","2454.0000","2500.0000","2454.0000","2500.0000"," ","0.0000","0.0000","1800","4477500","2487.5000"
"20200916","01","11","    97350","JP3421800008","9856.0000","9858.0000","9763.0000","9772.0000","9769.0000","9794.0000","9739.0000","9746.0000","9856.0000","9858.0000","9739.0000","9746.0000"," ","0.0000","0.0000","510000","4981183400","9767.0263"
"20200916","01","11","    97390","JP3712500002","1999.0000","2035.0000","1999.0000","2026.0000","2026.0000","2057.0000","2026.0000","2038.0000","1999.0000","2057.0000","1999.0000","2038.0000"," ","0.0000","0.0000","40200","81688300","2032.0473"
"20200916","01","11","    97400","JP3425400003","3555.0000","3590.0000","3545.0000","3565.0000","3565.0000","3580.0000","3540.0000","3565.0000","3555.0000","3590.0000","3540.0000","3565.0000"," ","0.0000","0.0000","43000","153170000","3562.0930"
"20200916","01","11","    97420","JP3105000008","1538.0000","1553.0000","1519.0000","1543.0000","1542.0000","1559.0000","1542.0000","1558.0000","1538.0000","1559.0000","1519.0000","1558.0000"," ","0.0000","0.0000","72900","112881000","1548.4362"
"20200916","01","11","    97430","JP3472200009","720.0000","737.0000","718.0000","728.0000","728.0000","729.0000","717.0000","720.0000","720.0000","737.0000","717.0000","720.0000"," ","0.0000","0.0000","658200","477992800","726.2121"
"20200916","01","11","    97440","JP3919200000","5490.0000","5510.0000","5450.0000","5480.0000","5500.0000","5500.0000","5430.0000","5450.0000","5490.0000","5510.0000","5430.0000","5450.0000"," ","0.0000","0.0000","45200","246806000","5460.3097"
"20200916","01","11","    97460","JP3539400006","6030.0000","6220.0000","6030.0000","6210.0000","6200.0000","6210.0000","6150.0000","6180.0000","6030.0000","6220.0000","6030.0000","6180.0000"," ","0.0000","0.0000","33100","204099000","6166.1329"
"20200916","01","11","    97490","JP3816600005","4850.0000","4910.0000","4850.0000","4905.0000","4900.0000","4930.0000","4900.0000","4930.0000","4850.0000","4930.0000","4850.0000","4930.0000"," ","0.0000","0.0000","118900","582581500","4899.7603"
"20200916","01","11","    97550","JP3174600001","1260.0000","1275.0000","1254.0000","1269.0000","1271.0000","1280.0000","1265.0000","1268.0000","1260.0000","1280.0000","1254.0000","1268.0000"," ","0.0000","0.0000","91000","115348900","1267.5703"
"20200916","01","11","    97570","JP3825800000","2352.0000","2398.0000","2334.0000","2388.0000","2388.0000","2388.0000","2331.0000","2337.0000","2352.0000","2398.0000","2331.0000","2337.0000"," ","0.0000","0.0000","115400","271850400","2355.7227"
"20200916","01","11","    97590","JP3712600000","1898.0000","1932.0000","1898.0000","1927.0000","1927.0000","1931.0000","1911.0000","1921.0000","1898.0000","1932.0000","1898.0000","1921.0000"," ","0.0000","0.0000","198700","381162300","1918.2803"
"20200916","01","11","    97600","JP3371900006","465.0000","465.0000","463.0000","465.0000","466.0000","466.0000","463.0000","465.0000","465.0000","466.0000","463.0000","465.0000"," ","0.0000","0.0000","7700","3579500","464.8701"
"20200916","01","11","    97630","JP3878000003","1742.0000","1757.0000","1742.0000","1744.0000","1753.0000","1755.0000","1727.0000","1734.0000","1742.0000","1757.0000","1727.0000","1734.0000"," ","0.0000","0.0000","7100","12412500","1748.2394"
"20200916","01","11","    97650","JP3189600004","830.0000","860.0000","830.0000","849.0000","850.0000","855.0000","846.0000","853.0000","830.0000","860.0000","830.0000","853.0000"," ","0.0000","0.0000","104400","88472600","847.4387"
"20200916","01","11","    97660","JP3300200007","4440.0000","4445.0000","4400.0000","4405.0000","4405.0000","4415.0000","4355.0000","4375.0000","4440.0000","4445.0000","4355.0000","4375.0000"," ","0.0000","0.0000","625900","2751793000","4396.5378"
"20200916","01","11","    97680","JP3380200000","2003.0000","2019.0000","1986.0000","1995.0000","1991.0000","2004.0000","1977.0000","1990.0000","2003.0000","2019.0000","1977.0000","1990.0000"," ","0.0000","0.0000","18800","37483100","1993.7819"
"20200916","01","11","    97690","JP3235400003","1141.0000","1143.0000","1131.0000","1143.0000","1144.0000","1148.0000","1140.0000","1145.0000","1141.0000","1148.0000","1131.0000","1145.0000"," ","0.0000","0.0000","9000","10273000","1141.4444"
"20200916","01","11","    97830","JP3835620000","2637.0000","2657.0000","2618.0000","2652.0000","2659.0000","2663.0000","2652.0000","2658.0000","2637.0000","2663.0000","2618.0000","2658.0000"," ","0.0000","0.0000","520600","1379026800","2648.9182"
"20200916","01","11","    97870","JP3389700000","2985.0000","3005.0000","2978.0000","3000.0000","3000.0000","3005.0000","2958.0000","2961.0000","2985.0000","3005.0000","2958.0000","2961.0000"," ","0.0000","0.0000","57200","170406600","2979.1364"
"20200916","01","11","    97880","JP3651020004","986.0000","986.0000","981.0000","982.0000","982.0000","989.0000","982.0000","989.0000","986.0000","989.0000","981.0000","989.0000"," ","0.0000","0.0000","7700","7589100","985.5974"
"20200916","01","11","    97900","JP3803800006","2943.0000","2995.0000","2938.0000","2962.0000","2980.0000","2990.0000","2952.0000","2990.0000","2943.0000","2995.0000","2938.0000","2990.0000"," ","0.0000","0.0000","37700","112043700","2971.9814"
"20200916","01","11","    97920","JP3660900006","1663.0000","1664.0000","1663.0000","1664.0000","1664.0000","1664.0000","1663.0000","1663.0000","1663.0000","1664.0000","1663.0000","1663.0000"," ","0.0000","0.0000","72000","119764600","1663.3972"
"20200916","01","11","    97930","JP3485600005","2603.0000","2635.0000","2593.0000","2625.0000","2636.0000","2644.0000","2614.0000","2630.0000","2603.0000","2644.0000","2593.0000","2630.0000"," ","0.0000","0.0000","90000","236394200","2626.6022"
"20200916","01","11","    97950","JP3399700008","1577.0000","1577.0000","1550.0000","1550.0000","1549.0000","1554.0000","1538.0000","1546.0000","1577.0000","1577.0000","1538.0000","1546.0000"," ","0.0000","0.0000","12800","19913900","1555.7734"
"20200916","01","11","    98100","JP3681000000","3300.0000","3300.0000","3220.0000","3240.0000","3240.0000","3245.0000","3210.0000","3220.0000","3300.0000","3300.0000","3210.0000","3220.0000"," ","0.0000","0.0000","40300","130243500","3231.8486"
"20200916","01","11","    98240","JP3424400004","3070.0000","3085.0000","3055.0000","3070.0000","3080.0000","3080.0000","3020.0000","3075.0000","3070.0000","3085.0000","3020.0000","3075.0000"," ","0.0000","0.0000","11100","34024000","3065.2252"
"20200916","01","11","    98280","JP3282800006","2508.0000","2552.0000","2508.0000","2530.0000","2530.0000","2549.0000","2530.0000","2540.0000","2508.0000","2552.0000","2508.0000","2540.0000"," ","0.0000","0.0000","27400","69458800","2534.9927"
"20200916","01","11","    98300","JP3635500006","2590.0000","2611.0000","2588.0000","2603.0000","2595.0000","2601.0000","2583.0000","2600.0000","2590.0000","2611.0000","2583.0000","2600.0000"," ","0.0000","0.0000","106100","275466500","2596.2912"
"20200916","01","11","    98310","JP3939000000","525.0000","535.0000","523.0000","533.0000","534.0000","535.0000","527.0000","528.0000","525.0000","535.0000","523.0000","528.0000"," ","0.0000","0.0000","4745900","2512260700","529.3539"
"20200916","01","11","    98320","JP3172500005","1410.0000","1421.0000","1406.0000","1413.0000","1418.0000","1421.0000","1408.0000","1410.0000","1410.0000","1421.0000","1406.0000","1410.0000"," ","0.0000","0.0000","408400","576636000","1411.9393"
"20200916","01","11","    98370","JP3926200001","684.0000","704.0000","671.0000","698.0000","707.0000","707.0000","682.0000","684.0000","684.0000","707.0000","671.0000","684.0000"," ","0.0000","0.0000","38600","26605900","689.2720"
"20200916","01","11","    98420","JP3100100001","2055.0000","2097.0000","2050.0000","2078.0000","2087.0000","2112.0000","2079.0000","2112.0000","2055.0000","2112.0000","2050.0000","2112.0000"," ","0.0000","0.0000","277900","580065000","2087.3156"
"20200916","01","11","    98430","JP3756100008","20985.0000","21030.0000","20860.0000","20960.0000","20980.0000","21070.0000","20955.0000","21070.0000","20985.0000","21070.0000","20860.0000","21070.0000"," ","0.0000","0.0000","277900","5832789500","20988.8071"
"20200916","01","11","    98500","JP3274200009","1099.0000","1102.0000","1091.0000","1092.0000","1089.0000","1105.0000","1087.0000","1097.0000","1099.0000","1105.0000","1087.0000","1097.0000"," ","0.0000","0.0000","28800","31574100","1096.3229"
"20200916","01","11","    98540","JP3101000002","232.0000","234.0000","230.0000","233.0000","233.0000","233.0000","231.0000","233.0000","232.0000","234.0000","230.0000","233.0000"," ","0.0000","0.0000","21900","5089000","232.3744"
"20200916","01","11","    98560","JP3277300004","785.0000","785.0000","777.0000","777.0000","782.0000","786.0000","780.0000","786.0000","785.0000","786.0000","777.0000","786.0000"," ","0.0000","0.0000","7400","5799400","783.7027"
"20200916","01","11","    98610","JP3958000006","2023.0000","2045.0000","2012.0000","2031.0000","2035.0000","2043.0000","2028.0000","2040.0000","2023.0000","2045.0000","2012.0000","2040.0000"," ","0.0000","0.0000","427700","869407000","2032.7496"
"20200916","01","11","    98690","JP3213300001","3650.0000","3740.0000","3650.0000","3740.0000","3755.0000","3765.0000","3745.0000","3755.0000","3650.0000","3765.0000","3650.0000","3755.0000"," ","0.0000","0.0000","45600","169877000","3725.3728"
"20200916","01","11","    98720","JP3237400001","1082.0000","1082.0000","1076.0000","1082.0000","1082.0000","1082.0000","1078.0000","1082.0000","1082.0000","1082.0000","1076.0000","1082.0000"," ","0.0000","0.0000","5600","6051700","1080.6607"
"20200916","01","11","    98800","JP3147800001","1050.0000","1067.0000","1046.0000","1067.0000","1067.0000","1072.0000","1061.0000","1070.0000","1050.0000","1072.0000","1046.0000","1070.0000"," ","0.0000","0.0000","48200","51163900","1061.4917"
"20200916","01","11","    98820","JP3131350005","1699.0000","1723.0000","1696.0000","1714.0000","1714.0000","1719.0000","1704.0000","1705.0000","1699.0000","1723.0000","1696.0000","1705.0000"," ","0.0000","0.0000","121000","206556200","1707.0760"
"20200916","01","11","    98870","JP3869800007","3610.0000","3645.0000","3580.0000","3630.0000","3640.0000","3650.0000","3610.0000","3650.0000","3610.0000","3650.0000","3580.0000","3650.0000"," ","0.0000","0.0000","17400","63105000","3626.7241"
"20200916","01","11","    98890","JP3746800006","1685.0000","1698.0000","1680.0000","1690.0000","1693.0000","1706.0000","1692.0000","1699.0000","1685.0000","1706.0000","1680.0000","1699.0000"," ","0.0000","0.0000","52500","89037900","1695.9600"
"20200916","01","11","    98960","JP3389570007","788.0000","800.0000","785.0000","798.0000","799.0000","816.0000","797.0000","816.0000","788.0000","816.0000","785.0000","816.0000"," ","0.0000","0.0000","17200","13840500","804.6802"
"20200916","01","11","    99000","JP3316200009","1381.0000","1424.0000","1381.0000","1408.0000","1410.0000","1423.0000","1403.0000","1416.0000","1381.0000","1424.0000","1381.0000","1416.0000"," ","0.0000","0.0000","108500","152929400","1409.4876"
"20200916","01","11","    99020","JP3661950000","2321.0000","2410.0000","2321.0000","2393.0000","2401.0000","2434.0000","2370.0000","2373.0000","2321.0000","2434.0000","2321.0000","2373.0000"," ","0.0000","0.0000","49600","118165900","2382.3770"
"20200916","01","11","    99190","JP3227900002","1275.0000","1298.0000","1275.0000","1293.0000","1297.0000","1304.0000","1287.0000","1303.0000","1275.0000","1304.0000","1275.0000","1303.0000"," ","0.0000","0.0000","47900","61922700","1292.7495"
"20200916","01","11","    99280","JP3910700008","2151.0000","2170.0000","2150.0000","2165.0000","2169.0000","2184.0000","2152.0000","2157.0000","2151.0000","2184.0000","2150.0000","2157.0000"," ","0.0000","0.0000","120300","260465600","2165.1338"
"20200916","01","11","    99300","JP3237600006","273.0000","281.0000","273.0000","278.0000","278.0000","278.0000","274.0000","278.0000","273.0000","281.0000","273.0000","278.0000"," ","0.0000","0.0000","23500","6506400","276.8681"
"20200916","01","11","    99320","JP3397050000","1808.0000","1827.0000","1804.0000","1807.0000","1822.0000","1827.0000","1805.0000","1816.0000","1808.0000","1827.0000","1804.0000","1816.0000"," ","0.0000","0.0000","17700","32067900","1811.7458"
"20200916","01","11","    99340","JP3146200005","2650.0000","2678.0000","2650.0000","2660.0000","2669.0000","2675.0000","2655.0000","2672.0000","2650.0000","2678.0000","2650.0000","2672.0000"," ","0.0000","0.0000","117300","312702500","2665.8355"
"20200916","01","11","    99360","JP3174300008","6030.0000","6120.0000","6030.0000","6120.0000","6130.0000","6140.0000","6110.0000","6110.0000","6030.0000","6140.0000","6030.0000","6110.0000"," ","0.0000","0.0000","40600","247229000","6089.3842"
"20200916","01","11","    99450","JP3833700002","1799.0000","1821.0000","1798.0000","1821.0000","1821.0000","1826.0000","1815.0000","1826.0000","1799.0000","1826.0000","1798.0000","1826.0000"," ","0.0000","0.0000","42700","77625000","1817.9157"
"20200916","01","11","    99460","JP3905950006","1514.0000","1514.0000","1503.0000","1512.0000","1510.0000","1513.0000","1505.0000","1510.0000","1514.0000","1514.0000","1503.0000","1510.0000"," ","0.0000","0.0000","35600","53762700","1510.1882"
"20200916","01","11","    99480","JP3968600001","2639.0000","2681.0000","2631.0000","2668.0000","2662.0000","2684.0000","2659.0000","2681.0000","2639.0000","2684.0000","2631.0000","2681.0000"," ","0.0000","0.0000","142700","381308000","2672.0953"
"20200916","01","11","    99560","JP3778400006","2845.0000","2911.0000","2845.0000","2888.0000","2894.0000","2900.0000","2885.0000","2900.0000","2845.0000","2911.0000","2845.0000","2900.0000"," ","0.0000","0.0000","282200","815265800","2888.9646"
"20200916","01","11","    99600","JP3595300009","2453.0000","2479.0000","2433.0000","2443.0000","2443.0000","2470.0000","2443.0000","2470.0000","2453.0000","2479.0000","2433.0000","2470.0000"," ","0.0000","0.0000","9600","23622800","2460.7083"
"20200916","01","11","    99620","JP3885400006","3030.0000","3080.0000","3020.0000","3065.0000","3065.0000","3065.0000","3025.0000","3035.0000","3030.0000","3080.0000","3020.0000","3035.0000"," ","0.0000","0.0000","398800","1212894500","3041.3603"
"20200916","01","11","    99660","JP3810200000","2074.0000","2155.0000","2074.0000","2115.0000","2115.0000","2124.0000","2072.0000","2082.0000","2074.0000","2155.0000","2072.0000","2082.0000"," ","0.0000","0.0000","23300","49254500","2113.9270"
"20200916","01","11","    99720","JP3126150006","264.0000","270.0000","264.0000","268.0000","268.0000","268.0000","262.0000","264.0000","264.0000","270.0000","262.0000","264.0000"," ","0.0000","0.0000","67400","17893400","265.4807"
"20200916","01","11","    99740","JP3835700000","7060.0000","7270.0000","7060.0000","7260.0000","7270.0000","7350.0000","7230.0000","7330.0000","7060.0000","7350.0000","7060.0000","7330.0000"," ","0.0000","0.0000","38300","277842000","7254.3603"
"20200916","01","11","    99790","JP3484000009","1270.0000","1277.0000","1250.0000","1266.0000","1266.0000","1279.0000","1262.0000","1268.0000","1270.0000","1279.0000","1250.0000","1268.0000"," ","0.0000","0.0000","42100","53402200","1268.4608"
"20200916","01","11","    99820","JP3462100003","1780.0000","1780.0000","1748.0000","1749.0000","1759.0000","1788.0000","1755.0000","1788.0000","1780.0000","1788.0000","1748.0000","1788.0000"," ","0.0000","0.0000","7300","12956300","1774.8356"
"20200916","01","11","    99830","JP3802300008","65880.0000","65930.0000","65260.0000","65290.0000","65340.0000","65530.0000","65290.0000","65510.0000","65880.0000","65930.0000","65260.0000","65510.0000"," ","0.0000","0.0000","293400","19194559000","65421.1282"
"20200916","01","11","    99840","JP3436100006","6409.0000","6676.0000","6397.0000","6670.0000","6679.0000","6774.0000","6676.0000","6704.0000","6409.0000","6774.0000","6397.0000","6704.0000"," ","0.0000","0.0000","31271000","208057443500","6653.3671"
"20200916","01","11","    99860","JP3345700003","1460.0000","1480.0000","1449.0000","1480.0000","1480.0000","1481.0000","1450.0000","1481.0000","1460.0000","1481.0000","1449.0000","1481.0000"," ","0.0000","0.0000","8300","12241100","1474.8313"
"20200916","01","11","    99870","JP3398000004","4115.0000","4115.0000","4065.0000","4090.0000","4090.0000","4110.0000","4090.0000","4095.0000","4115.0000","4115.0000","4065.0000","4095.0000"," ","0.0000","0.0000","147700","604790000","4094.7190"
"20200916","01","11","    99890","JP3336600006","3925.0000","3975.0000","3895.0000","3960.0000","3960.0000","3990.0000","3955.0000","3970.0000","3925.0000","3990.0000","3895.0000","3970.0000"," ","0.0000","0.0000","279500","1104334000","3951.1055"
"20200916","01","11","    99900","JP3584700003","553.0000","560.0000","546.0000","560.0000","560.0000","565.0000","555.0000","565.0000","553.0000","565.0000","546.0000","565.0000"," ","0.0000","0.0000","45100","25101400","556.5721"
"20200916","01","11","    99910","JP3225500002","936.0000","945.0000","931.0000","945.0000","942.0000","950.0000","938.0000","942.0000","936.0000","950.0000","931.0000","942.0000"," ","0.0000","0.0000","20600","19402300","941.8592"
"20200916","01","11","    99930","JP3935800007","1773.0000","1779.0000","1765.0000","1779.0000","1780.0000","1790.0000","1780.0000","1790.0000","1773.0000","1790.0000","1765.0000","1790.0000"," ","0.0000","0.0000","4100","7299400","1780.3415"
"20200916","01","11","    99940","JP3943800007","2258.0000","2258.0000","2237.0000","2250.0000","2250.0000","2255.0000","2244.0000","2255.0000","2258.0000","2258.0000","2237.0000","2255.0000"," ","0.0000","0.0000","8000","17998100","2249.7625"
"20200916","01","11","    99950","JP3130600004","406.0000","406.0000","404.0000","406.0000","406.0000","407.0000","404.0000","407.0000","406.0000","407.0000","404.0000","407.0000"," ","0.0000","0.0000","15600","6332100","405.9038"
"20200916","01","11","    99970","JP3835650007","975.0000","994.0000","966.0000","972.0000","974.0000","974.0000","961.0000","968.0000","975.0000","994.0000","961.0000","968.0000"," ","0.0000","0.0000","416200","405528500","974.3597"
"20200916","01","12","    13190","JP3013190008","310.0000","310.0000","310.0000","310.0000","313.0000","313.0000","313.0000","313.0000","310.0000","313.0000","310.0000","313.0000"," ","0.0000","0.0000","4000","1249000","312.2500"
"20200916","01","12","    13800","JP3107400008","1076.0000","1096.0000","1070.0000","1074.0000","1075.0000","1094.0000","1074.0000","1087.0000","1076.0000","1096.0000","1070.0000","1087.0000"," ","0.0000","0.0000","6500","7037900","1082.7538"
"20200916","01","12","    13810","JP3108030002","3020.0000","3020.0000","3000.0000","3000.0000","3020.0000","3020.0000","2987.0000","2987.0000","3020.0000","3020.0000","2987.0000","2987.0000"," ","0.0000","0.0000","800","2404700","3005.8750"
"20200916","01","12","    13820","JP3837630007","951.0000","951.0000","951.0000","951.0000","0.0000","0.0000","0.0000","0.0000","951.0000","951.0000","951.0000","951.0000"," ","0.0000","0.0000","100","95100","951.0000"
"20200916","01","12","    13830","JP3835730007","2155.0000","2175.0000","2155.0000","2175.0000","2174.0000","2174.0000","2152.0000","2154.0000","2155.0000","2175.0000","2152.0000","2154.0000"," ","0.0000","0.0000","1800","3893500","2163.0556"
"20200916","01","12","    14000","JP3124750005","229.0000","231.0000","226.0000","227.0000","227.0000","227.0000","222.0000","223.0000","229.0000","231.0000","222.0000","223.0000"," ","0.0000","0.0000","22700","5146600","226.7225"
"20200916","01","12","    14010","JP3167660004","734.0000","740.0000","730.0000","731.0000","739.0000","739.0000","732.0000","732.0000","734.0000","740.0000","730.0000","732.0000"," ","0.0000","0.0000","12100","8884200","734.2314"
"20200916","01","12","    14070","JP3154750008","2892.0000","2928.0000","2856.0000","2870.0000","2868.0000","2882.0000","2811.0000","2846.0000","2892.0000","2928.0000","2811.0000","2846.0000"," ","0.0000","0.0000","222500","636759300","2861.8396"
"20200916","01","12","    14180","JP3152860007","254.0000","262.0000","252.0000","260.0000","255.0000","258.0000","253.0000","257.0000","254.0000","262.0000","252.0000","257.0000"," ","0.0000","0.0000","82000","21078900","257.0598"
"20200916","01","12","    14310","JP3162680007","2950.0000","3040.0000","2948.0000","3030.0000","3100.0000","3140.0000","3000.0000","3075.0000","2950.0000","3140.0000","2948.0000","3075.0000"," ","0.0000","0.0000","39700","120873800","3044.6801"
"20200916","01","12","    14320","JP3397900006","0.0000","0.0000","0.0000","0.0000","0.0000","0.0000","0.0000","0.0000","0.0000","0.0000","0.0000","0.0000"," ","0.0000","0.0000","0","0","0.0000"
"20200916","01","12","    14340","JP3386570000","450.0000","472.0000","446.0000","464.0000","470.0000","473.0000","462.0000","467.0000","450.0000","473.0000","446.0000","467.0000"," ","0.0000","0.0000","254200","117882100","463.7376"
"20200916","01","12","    14360","JP3802980007","860.0000","949.0000","830.0000","949.0000","950.0000","1000.0000","941.0000","1000.0000","860.0000","1000.0000","830.0000","1000.0000"," ","0.0000","0.0000","478600","441503800","922.4902"
"20200916","01","12","    14390","JP3931750008","995.0000","1046.0000","995.0000","1046.0000","1045.0000","1045.0000","1029.0000","1040.0000","995.0000","1046.0000","995.0000","1040.0000"," ","0.0000","0.0000","6300","6432900","1021.0952"
"20200916","01","12","    14400","JP3937000002","0.0000","0.0000","0.0000","0.0000","0.0000","0.0000","0.0000","0.0000","0.0000","0.0000","0.0000","0.0000"," ","0.0000","0.0000","0","0","0.0000"
"20200916","01","12","    14430","JP3264300009","289.0000","289.0000","285.0000","287.0000","285.0000","287.0000","284.0000","285.0000","289.0000","289.0000","284.0000","285.0000"," ","0.0000","0.0000","34500","9841600","285.2638"
"20200916","01","12","    14450","JP3783430006","0.0000","0.0000","0.0000","0.0000","0.0000","0.0000","0.0000","0.0000","0.0000","0.0000","0.0000","0.0000"," ","0.0000","0.0000","0","0","0.0000"
"20200916","01","12","    14470","JP3104860006","725.0000","736.0000","692.0000","722.0000","750.0000","776.0000","742.0000","774.0000","725.0000","776.0000","692.0000","774.0000"," ","0.0000","0.0000","6614400","4932898300","745.7817"
"20200916","01","12","    14500","JP3468860006","5370.0000","5500.0000","5360.0000","5490.0000","5410.0000","5410.0000","5360.0000","5360.0000","5370.0000","5500.0000","5360.0000","5360.0000"," ","0.0000","0.0000","1100","5953000","5411.8182"
"20200916","01","12","    14510","JP3277630004","556.0000","562.0000","556.0000","559.0000","559.0000","561.0000","558.0000","561.0000","556.0000","562.0000","556.0000","561.0000"," ","0.0000","0.0000","2500","1398900","559.5600"
"20200916","01","12","    14520","JP3956650000","0.0000","0.0000","0.0000","0.0000","0.0000","0.0000","0.0000","0.0000","0.0000","0.0000","0.0000","0.0000"," ","0.0000","0.0000","0","0","0.0000"
"20200916","01","12","    14910","JP3519000008","32.0000","33.0000","31.0000","31.0000","32.0000","32.0000","31.0000","31.0000","32.0000","33.0000","31.0000","31.0000"," ","0.0000","0.0000","2152500","68484400","31.8162"
"20200916","01","12","    17110","JP3363000005","363.0000","367.0000","357.0000","359.0000","359.0000","359.0000","354.0000","354.0000","363.0000","367.0000","354.0000","354.0000"," ","0.0000","0.0000","32100","11518500","358.8318"
"20200916","01","12","    17180","JP3882700002","3410.0000","3435.0000","3410.0000","3415.0000","3475.0000","3500.0000","3475.0000","3500.0000","3410.0000","3500.0000","3410.0000","3500.0000"," ","0.0000","0.0000","1400","4867000","3476.4286"
"20200916","01","12","    17230","JP3734350006","3700.0000","3700.0000","3655.0000","3660.0000","3650.0000","3650.0000","3650.0000","3650.0000","3700.0000","3700.0000","3650.0000","3650.0000"," ","0.0000","0.0000","2500","9177000","3670.8000"
"20200916","01","12","    17240","JP3372200000","866.0000","868.0000","855.0000","860.0000","860.0000","860.0000","845.0000","853.0000","866.0000","868.0000","845.0000","853.0000"," ","0.0000","0.0000","22400","19189700","856.6830"
"20200916","01","12","    17280","JP3884490008","240.0000","247.0000","240.0000","247.0000","244.0000","247.0000","244.0000","247.0000","240.0000","247.0000","240.0000","247.0000"," ","0.0000","0.0000","1500","368100","245.4000"
"20200916","01","12","    17300","JP3119990004","634.0000","637.0000","630.0000","630.0000","627.0000","627.0000","610.0000","617.0000","634.0000","637.0000","610.0000","617.0000"," ","0.0000","0.0000","30100","18741000","622.6246"
"20200916","01","12","    17360","JP3172410007","0.0000","0.0000","0.0000","0.0000","0.0000","0.0000","0.0000","0.0000","0.0000","0.0000","0.0000","0.0000"," ","0.0000","0.0000","0","0","0.0000"
"20200916","01","12","    17370","JP3888350000","851.0000","853.0000","851.0000","853.0000","853.0000","853.0000","845.0000","845.0000","851.0000","853.0000","845.0000","845.0000"," ","0.0000","0.0000","1000","849800","849.8000"
"20200916","01","12","    17390","JP3347010005","630.0000","630.0000","621.0000","630.0000","628.0000","630.0000","625.0000","625.0000","630.0000","630.0000","621.0000","625.0000"," ","0.0000","0.0000","2100","1315400","626.3810"
"20200916","01","12","    17430","JP3283450009","0.0000","0.0000","0.0000","0.0000","0.0000","0.0000","0.0000","0.0000","0.0000","0.0000","0.0000","0.0000"," ","0.0000","0.0000","0","0","0.0000"
"20200916","01","12","    17570","JP3236100008","72.0000","76.0000","72.0000","76.0000","76.0000","80.0000","75.0000","80.0000","72.0000","80.0000","72.0000","80.0000"," ","0.0000","0.0000","4337400","330519200","76.2021"
"20200916","01","12","    17580","JP3450200005","4905.0000","4960.0000","4905.0000","4950.0000","4930.0000","4930.0000","4920.0000","4920.0000","4905.0000","4960.0000","4905.0000","4920.0000"," ","0.0000","0.0000","1100","5425000","4931.8182"
"20200916","01","12","    17640","JP3266150006","0.0000","0.0000","0.0000","0.0000","2030.0000","2045.0000","2030.0000","2045.0000","2030.0000","2045.0000","2030.0000","2045.0000"," ","0.0000","0.0000","400","813500","2033.7500"
"20200916","01","12","    17700","JP3816750008","801.0000","801.0000","791.0000","791.0000","793.0000","793.0000","793.0000","793.0000","801.0000","801.0000","791.0000","793.0000"," ","0.0000","0.0000","1200","953100","794.2500"
"20200916","01","12","    17750","JP3820550006","1939.0000","1939.0000","1917.0000","1917.0000","1915.0000","1916.0000","1903.0000","1909.0000","1939.0000","1939.0000","1903.0000","1909.0000"," ","0.0000","0.0000","1100","2109900","1918.0909"
"20200916","01","12","    17760","JP3892200001","0.0000","0.0000","0.0000","0.0000","818.0000","818.0000","807.0000","807.0000","818.0000","818.0000","807.0000","807.0000"," ","0.0000","0.0000","1500","1217800","811.8667"
"20200916","01","12","    17820","JP3393200005","0.0000","0.0000","0.0000","0.0000","5780.0000","5790.0000","5780.0000","5790.0000","5780.0000","5790.0000","5780.0000","5790.0000"," ","0.0000","0.0000","200","1157000","5785.0000"
"20200916","01","12","    17830","JP3653550008","47.0000","47.0000","47.0000","47.0000","47.0000","48.0000","47.0000","48.0000","47.0000","48.0000","47.0000","48.0000"," ","0.0000","0.0000","61700","2900300","47.0065"
"20200916","01","12","    17870","JP3644600003","3880.0000","3880.0000","3870.0000","3870.0000","3900.0000","3950.0000","3880.0000","3950.0000","3880.0000","3950.0000","3870.0000","3950.0000"," ","0.0000","0.0000","1800","6994500","3885.8333"
"20200916","01","12","    17880","JP3336500008","0.0000","0.0000","0.0000","0.0000","0.0000","0.0000","0.0000","0.0000","0.0000","0.0000","0.0000","0.0000"," ","0.0000","0.0000","0","0","0.0000"
"20200916","01","12","    17890","JP3934500004","816.0000","820.0000","810.0000","811.0000","815.0000","815.0000","808.0000","813.0000","816.0000","820.0000","808.0000","813.0000"," ","0.0000","0.0000","11300","9192000","813.4513"
"20200916","01","12","    17930","JP3190500003","4500.0000","4530.0000","4500.0000","4520.0000","4485.0000","4535.0000","4485.0000","4490.0000","4500.0000","4535.0000","4485.0000","4490.0000"," ","0.0000","0.0000","2000","9024500","4512.2500"
"20200916","01","12","    17950","JP3863100008","4650.0000","4775.0000","4510.0000","4510.0000","4510.0000","4510.0000","4510.0000","4510.0000","4650.0000","4775.0000","4510.0000","4510.0000"," ","0.0000","0.0000","2200","10181500","4627.9545"
"20200916","01","12","    17980","JP3927400006","2170.0000","2170.0000","2169.0000","2169.0000","2169.0000","2169.0000","2169.0000","2169.0000","2170.0000","2170.0000","2169.0000","2169.0000"," ","0.0000","0.0000","300","650800","2169.3333"
"20200916","01","12","    17990","JP3474610007","0.0000","0.0000","0.0000","0.0000","0.0000","0.0000","0.0000","0.0000","0.0000","0.0000","0.0000","0.0000"," ","0.0000","0.0000","0","0","0.0000"
"20200916","01","12","    18070","JP3993800006","2033.0000","2050.0000","2033.0000","2050.0000","2034.0000","2039.0000","2002.0000","2002.0000","2033.0000","2050.0000","2002.0000","2002.0000"," ","0.0000","0.0000","2900","5895200","2032.8276"
"20200916","01","12","    18280","JP3468900000","783.0000","786.0000","780.0000","780.0000","781.0000","787.0000","780.0000","787.0000","783.0000","787.0000","780.0000","787.0000"," ","0.0000","0.0000","6000","4698800","783.1333"
"20200916","01","12","    18400","JP3533300004","139.0000","139.0000","138.0000","139.0000","139.0000","140.0000","139.0000","140.0000","139.0000","140.0000","138.0000","140.0000"," ","0.0000","0.0000","21400","2985600","139.5140"
"20200916","01","12","    18410","JP3337200004","864.0000","865.0000","863.0000","863.0000","863.0000","863.0000","863.0000","863.0000","864.0000","865.0000","863.0000","863.0000"," ","0.0000","0.0000","500","431800","863.6000"
"20200916","01","12","    18440","JP3190600001","221.0000","221.0000","218.0000","220.0000","221.0000","221.0000","219.0000","219.0000","221.0000","221.0000","218.0000","219.0000"," ","0.0000","0.0000","91700","20121100","219.4231"
"20200916","01","12","    18500","JP3652600002","294.0000","294.0000","287.0000","291.0000","291.0000","291.0000","288.0000","291.0000","294.0000","294.0000","287.0000","291.0000"," ","0.0000","0.0000","7700","2225100","288.9740"
"20200916","01","12","    18530","JP3923600005","286.0000","289.0000","283.0000","286.0000","286.0000","289.0000","283.0000","284.0000","286.0000","289.0000","283.0000","284.0000"," ","0.0000","0.0000","222400","63679000","286.3264"
"20200916","01","12","    18970","JP3216600001","0.0000","0.0000","0.0000","0.0000","0.0000","0.0000","0.0000","0.0000","0.0000","0.0000","0.0000","0.0000"," ","0.0000","0.0000","0","0","0.0000"
"20200916","01","12","    19040","JP3443000009","1875.0000","1881.0000","1870.0000","1881.0000","1875.0000","1875.0000","1874.0000","1874.0000","1875.0000","1881.0000","1870.0000","1874.0000"," ","0.0000","0.0000","1500","2813700","1875.8000"
"20200916","01","12","    19050","JP3545800009","845.0000","868.0000","845.0000","868.0000","870.0000","870.0000","861.0000","861.0000","845.0000","870.0000","845.0000","861.0000"," ","0.0000","0.0000","2600","2208900","849.5769"
"20200916","01","12","    19480","JP3288600004","0.0000","0.0000","0.0000","0.0000","4700.0000","4715.0000","4700.0000","4715.0000","4700.0000","4715.0000","4700.0000","4715.0000"," ","0.0000","0.0000","600","2823000","4705.0000"
"20200916","01","12","    19600","JP3335400002","640.0000","650.0000","640.0000","650.0000","0.0000","0.0000","0.0000","0.0000","640.0000","650.0000","640.0000","650.0000"," ","0.0000","0.0000","10100","6514900","645.0396"
"20200916","01","12","    19650","JP3545040002","890.0000","894.0000","889.0000","894.0000","890.0000","899.0000","890.0000","899.0000","890.0000","899.0000","889.0000","899.0000"," ","0.0000","0.0000","4500","4009000","890.8889"
"20200916","01","12","    19660","JP3457600009","714.0000","716.0000","714.0000","716.0000","716.0000","719.0000","711.0000","719.0000","714.0000","719.0000","711.0000","719.0000"," ","0.0000","0.0000","12900","9226800","715.2558"
"20200916","01","12","    19710","JP3518200005","579.0000","594.0000","579.0000","589.0000","589.0000","590.0000","582.0000","590.0000","579.0000","594.0000","579.0000","590.0000"," ","0.0000","0.0000","3500","2040800","583.0857"
"20200916","01","12","    19810","JP3254800000","0.0000","0.0000","0.0000","0.0000","0.0000","0.0000","0.0000","0.0000","0.0000","0.0000","0.0000","0.0000"," ","0.0000","0.0000","0","0","0.0000"
"20200916","01","12","    19920","JP3230000006","0.0000","0.0000","0.0000","0.0000","0.0000","0.0000","0.0000","0.0000","0.0000","0.0000","0.0000","0.0000"," ","0.0000","0.0000","0","0","0.0000"
"20200916","01","12","    19940","JP3457800005","530.0000","539.0000","529.0000","539.0000","536.0000","536.0000","527.0000","527.0000","530.0000","539.0000","527.0000","527.0000"," ","0.0000","0.0000","9800","5227700","533.4388"
"20200916","01","12","    19970","JP3131000006","1471.0000","1476.0000","1471.0000","1476.0000","1482.0000","1483.0000","1482.0000","1483.0000","1471.0000","1483.0000","1471.0000","1483.0000"," ","0.0000","0.0000","400","591200","1478.0000"
"20200916","01","12","    20550","JP3666400001","316.0000","316.0000","312.0000","313.0000","316.0000","316.0000","313.0000","313.0000","316.0000","316.0000","312.0000","313.0000"," ","0.0000","0.0000","13900","4358800","313.5827"
"20200916","01","12","    21140","JP3722200007","520.0000","520.0000","518.0000","518.0000","519.0000","520.0000","519.0000","520.0000","520.0000","520.0000","518.0000","520.0000"," ","0.0000","0.0000","1400","726500","518.9286"
"20200916","01","12","    21220","JP3152830000","1225.0000","1225.0000","1225.0000","1225.0000","1210.0000","1220.0000","1210.0000","1215.0000","1225.0000","1225.0000","1210.0000","1215.0000"," ","0.0000","0.0000","2000","2426200","1213.1000"
"20200916","01","12","    21340","JP3325800005","68.0000","69.0000","67.0000","68.0000","68.0000","69.0000","66.0000","66.0000","68.0000","69.0000","66.0000","66.0000"," ","0.0000","0.0000","2232200","150318500","67.3410"
"20200916","01","12","    21360","JP3791970001","604.0000","610.0000","603.0000","610.0000","610.0000","620.0000","610.0000","620.0000","604.0000","620.0000","603.0000","620.0000"," ","0.0000","0.0000","4200","2579000","614.0476"
"20200916","01","12","    21380","JP3155270006","1403.0000","1456.0000","1403.0000","1444.0000","1444.0000","1450.0000","1410.0000","1414.0000","1403.0000","1456.0000","1403.0000","1414.0000"," ","0.0000","0.0000","129500","185069700","1429.1097"
"20200916","01","12","    21500","JP3277550004","2445.0000","2572.0000","2445.0000","2551.0000","2564.0000","2608.0000","2533.0000","2540.0000","2445.0000","2608.0000","2445.0000","2540.0000"," ","0.0000","0.0000","387200","984850800","2543.5196"
"20200916","01","12","    21520","JP3953750001","997.0000","1025.0000","997.0000","1006.0000","1006.0000","1024.0000","1006.0000","1022.0000","997.0000","1025.0000","997.0000","1022.0000"," ","0.0000","0.0000","5500","5560400","1010.9818"
"20200916","01","12","    21560","JP3413200001","290.0000","290.0000","290.0000","290.0000","0.0000","0.0000","0.0000","0.0000","290.0000","290.0000","290.0000","290.0000"," ","0.0000","0.0000","100","29000","290.0000"
"20200916","01","12","    21580","JP3944630007","734.0000","745.0000","730.0000","741.0000","741.0000","751.0000","728.0000","730.0000","734.0000","751.0000","728.0000","730.0000"," ","0.0000","0.0000","382900","283081300","739.3087"
"20200916","01","12","    21590","JP3828200000","517.0000","531.0000","505.0000","529.0000","530.0000","557.0000","520.0000","530.0000","517.0000","557.0000","505.0000","530.0000"," ","0.0000","0.0000","667100","356485400","534.3808"
"20200916","01","12","    21600","JP3386370005","3165.0000","3330.0000","3150.0000","3310.0000","3310.0000","3340.0000","3285.0000","3315.0000","3165.0000","3340.0000","3150.0000","3315.0000"," ","0.0000","0.0000","1006500","3298945500","3277.6408"
"20200916","01","12","    21620","JP3750800009","276.0000","288.0000","275.0000","278.0000","278.0000","282.0000","268.0000","282.0000","276.0000","288.0000","268.0000","282.0000"," ","0.0000","0.0000","302500","84267400","278.5699"
"20200916","01","12","    21640","JP3507500001","858.0000","858.0000","853.0000","853.0000","857.0000","870.0000","856.0000","870.0000","858.0000","870.0000","853.0000","870.0000"," ","0.0000","0.0000","67000","57501800","858.2358"
"20200916","01","12","    21730","JP3766300002","445.0000","452.0000","441.0000","445.0000","448.0000","456.0000","447.0000","447.0000","445.0000","456.0000","441.0000","447.0000"," ","0.0000","0.0000","62500","28090600","449.4496"
"20200916","01","12","    21760","JP3146300003","742.0000","745.0000","732.0000","741.0000","740.0000","748.0000","738.0000","745.0000","742.0000","748.0000","732.0000","745.0000"," ","0.0000","0.0000","11900","8830200","742.0336"
"20200916","01","12","    21780","JP3635480001","410.0000","424.0000","409.0000","419.0000","418.0000","419.0000","415.0000","418.0000","410.0000","424.0000","409.0000","418.0000"," ","0.0000","0.0000","107000","44547200","416.3290"
"20200916","01","12","    21790","JP3414400006","881.0000","881.0000","879.0000","881.0000","881.0000","881.0000","880.0000","880.0000","881.0000","881.0000","879.0000","880.0000"," ","0.0000","0.0000","2100","1848900","880.4286"
"20200916","01","12","    21850","JP3347170007","2000.0000","2000.0000","1995.0000","2000.0000","0.0000","0.0000","0.0000","0.0000","2000.0000","2000.0000","1995.0000","2000.0000"," ","0.0000","0.0000","500","998700","1997.4000"
"20200916","01","12","    21860","JP3431520000","918.0000","937.0000","915.0000","930.0000","933.0000","936.0000","928.0000","935.0000","918.0000","937.0000","915.0000","935.0000"," ","0.0000","0.0000","8800","8125300","923.3295"
"20200916","01","12","    21910","JP3545900007","1111.0000","1122.0000","1083.0000","1093.0000","1096.0000","1096.0000","1083.0000","1085.0000","1111.0000","1122.0000","1083.0000","1085.0000"," ","0.0000","0.0000","1008400","1099932300","1090.7698"
"20200916","01","12","    21950","JP3124440003","0.0000","0.0000","0.0000","0.0000","0.0000","0.0000","0.0000","0.0000","0.0000","0.0000","0.0000","0.0000"," ","0.0000","0.0000","0","0","0.0000"
"20200916","01","12","    22080","JP3831400001","1954.0000","1956.0000","1949.0000","1952.0000","1955.0000","1955.0000","1952.0000","1953.0000","1954.0000","1956.0000","1949.0000","1953.0000"," ","0.0000","0.0000","10600","20693700","1952.2358"
"20200916","01","12","    22160","JP3233400005","1443.0000","1443.0000","1418.0000","1430.0000","1431.0000","1450.0000","1431.0000","1438.0000","1443.0000","1450.0000","1418.0000","1438.0000"," ","0.0000","0.0000","5900","8479500","1437.2034"
"20200916","01","12","    22210","JP3152200006","4080.0000","4080.0000","3900.0000","4000.0000","3960.0000","3970.0000","3905.0000","3950.0000","4080.0000","4080.0000","3900.0000","3950.0000"," ","0.0000","0.0000","51700","206278000","3989.9033"
"20200916","01","12","    22240","JP3305700001","2464.0000","2464.0000","2455.0000","2464.0000","2455.0000","2455.0000","2455.0000","2455.0000","2464.0000","2464.0000","2455.0000","2455.0000"," ","0.0000","0.0000","700","1721200","2458.8571"
"20200916","01","12","    22260","JP3829100001","4790.0000","4820.0000","4790.0000","4815.0000","4815.0000","4815.0000","4810.0000","4810.0000","4790.0000","4820.0000","4790.0000","4810.0000"," ","0.0000","0.0000","1100","5288000","4807.2727"
"20200916","01","12","    22300","JP3309020000","0.0000","0.0000","0.0000","0.0000","0.0000","0.0000","0.0000","0.0000","0.0000","0.0000","0.0000","0.0000"," ","0.0000","0.0000","0","0","0.0000"
"20200916","01","12","    22680","JP3799600006","0.0000","0.0000","0.0000","0.0000","3905.0000","3930.0000","3900.0000","3930.0000","3905.0000","3930.0000","3900.0000","3930.0000"," ","0.0000","0.0000","600","2346500","3910.8333"
"20200916","01","12","    22910","JP3806600007","0.0000","0.0000","0.0000","0.0000","1850.0000","1850.0000","1835.0000","1849.0000","1850.0000","1850.0000","1835.0000","1849.0000"," ","0.0000","0.0000","300","553400","1844.6667"
"20200916","01","12","    22930","JP3462000005","2911.0000","2915.0000","2911.0000","2915.0000","2915.0000","2915.0000","2915.0000","2915.0000","2911.0000","2915.0000","2911.0000","2915.0000"," ","0.0000","0.0000","700","2038500","2912.1429"
"20200916","01","12","    23000","JP3256850003","524.0000","535.0000","524.0000","535.0000","539.0000","539.0000","535.0000","539.0000","524.0000","539.0000","524.0000","539.0000"," ","0.0000","0.0000","8600","4586700","533.3372"
"20200916","01","12","    23030","JP3637600002","2089.0000","2099.0000","2075.0000","2086.0000","2085.0000","2096.0000","2053.0000","2055.0000","2089.0000","2099.0000","2053.0000","2055.0000"," ","0.0000","0.0000","60200","125184000","2079.4684"
"20200916","01","12","    23040","JP3425500000","288.0000","293.0000","284.0000","293.0000","292.0000","309.0000","292.0000","302.0000","288.0000","309.0000","284.0000","302.0000"," ","0.0000","0.0000","39200","11442900","291.9107"
"20200916","01","12","    23150","JP3333400004","20.0000","20.0000","19.0000","20.0000","20.0000","20.0000","19.0000","20.0000","20.0000","20.0000","19.0000","20.0000"," ","0.0000","0.0000","2135100","42472200","19.8924"
"20200916","01","12","    23210","JP3436190007","136.0000","137.0000","135.0000","136.0000","136.0000","137.0000","134.0000","134.0000","136.0000","137.0000","134.0000","134.0000"," ","0.0000","0.0000","126200","17058700","135.1719"
"20200916","01","12","    23230","JP3758080000","546.0000","553.0000","539.0000","540.0000","540.0000","571.0000","537.0000","549.0000","546.0000","571.0000","537.0000","549.0000"," ","0.0000","0.0000","222400","122857600","552.4173"
"20200916","01","12","    23290","JP3604400006","701.0000","706.0000","693.0000","702.0000","706.0000","706.0000","701.0000","701.0000","701.0000","706.0000","693.0000","701.0000"," ","0.0000","0.0000","11600","8124800","700.4138"
"20200916","01","12","    23300","JP3802810006","95.0000","95.0000","94.0000","95.0000","94.0000","95.0000","94.0000","94.0000","95.0000","95.0000","94.0000","94.0000"," ","0.0000","0.0000","114400","10822300","94.6005"
"20200916","01","12","    23320","JP3266130008","1415.0000","1447.0000","1405.0000","1421.0000","1430.0000","1435.0000","1423.0000","1423.0000","1415.0000","1447.0000","1405.0000","1423.0000"," ","0.0000","0.0000","18600","26457300","1422.4355"
"20200916","01","12","    23340","JP3131380002","1466.0000","1530.0000","1460.0000","1496.0000","1501.0000","1501.0000","1469.0000","1494.0000","1466.0000","1530.0000","1460.0000","1494.0000"," ","0.0000","0.0000","30000","44758600","1491.9533"
"20200916","01","12","    23360","JP3818770004","0.0000","0.0000","0.0000","0.0000","0.0000","0.0000","0.0000","0.0000","0.0000","0.0000","0.0000","0.0000"," ","0.0000","0.0000","0","0","0.0000"
"20200916","01","12","    23380","JP3345580009","547.0000","553.0000","544.0000","552.0000","554.0000","565.0000","554.0000","565.0000","547.0000","565.0000","544.0000","565.0000"," ","0.0000","0.0000","30400","16860700","554.6283"
"20200916","01","12","    23400","JP3387850005","394.0000","394.0000","389.0000","390.0000","391.0000","391.0000","388.0000","390.0000","394.0000","394.0000","388.0000","390.0000"," ","0.0000","0.0000","42700","16661000","390.1874"
"20200916","01","12","    23410","JP3126180003","158.0000","158.0000","154.0000","155.0000","155.0000","155.0000","154.0000","154.0000","158.0000","158.0000","154.0000","154.0000"," ","0.0000","0.0000","68100","10559400","155.0573"
"20200916","01","12","    23420","JP3635720000","420.0000","426.0000","414.0000","426.0000","426.0000","433.0000","424.0000","431.0000","420.0000","433.0000","414.0000","431.0000"," ","0.0000","0.0000","331600","140572700","423.9225"
"20200916","01","12","    23440","JP3834050001","825.0000","826.0000","812.0000","823.0000","825.0000","827.0000","825.0000","827.0000","825.0000","827.0000","812.0000","827.0000"," ","0.0000","0.0000","900","740600","822.8889"
"20200916","01","12","    23450","JP3351020007","896.0000","904.0000","873.0000","881.0000","887.0000","887.0000","877.0000","881.0000","896.0000","904.0000","873.0000","881.0000"," ","0.0000","0.0000","529700","469946800","887.1943"
"20200916","01","12","    23490","JP3164610002","1342.0000","1370.0000","1342.0000","1370.0000","1365.0000","1365.0000","1365.0000","1365.0000","1342.0000","1370.0000","1342.0000","1365.0000"," ","0.0000","0.0000","700","949300","1356.1429"
"20200916","01","12","    23510","JP3122420007","1123.0000","1124.0000","1111.0000","1121.0000","1117.0000","1122.0000","1112.0000","1117.0000","1123.0000","1124.0000","1111.0000","1117.0000"," ","0.0000","0.0000","7800","8708500","1116.4744"
"20200916","01","12","    23540","JP3931800001","585.0000","593.0000","580.0000","586.0000","583.0000","585.0000","577.0000","580.0000","585.0000","593.0000","577.0000","580.0000"," ","0.0000","0.0000","168900","98671200","584.1989"
"20200916","01","12","    23620","JP3952850000","712.0000","716.0000","702.0000","712.0000","712.0000","718.0000","710.0000","714.0000","712.0000","718.0000","702.0000","714.0000"," ","0.0000","0.0000","533400","380273900","712.9244"
"20200916","01","12","    23700","JP3920990003","97.0000","100.0000","96.0000","100.0000","99.0000","100.0000","98.0000","99.0000","97.0000","100.0000","96.0000","99.0000"," ","0.0000","0.0000","2845700","280401700","98.5352"
"20200916","01","12","    23730","JP3277500009","2150.0000","2150.0000","2107.0000","2118.0000","2121.0000","2121.0000","2057.0000","2089.0000","2150.0000","2150.0000","2057.0000","2089.0000"," ","0.0000","0.0000","18300","38654500","2112.2678"
"20200916","01","12","    23750","JP3410750008","1601.0000","1725.0000","1601.0000","1660.0000","1680.0000","1705.0000","1646.0000","1690.0000","1601.0000","1725.0000","1601.0000","1690.0000"," ","0.0000","0.0000","422100","710138600","1682.3942"
"20200916","01","12","    23850","JP3431850001","827.0000","829.0000","804.0000","810.0000","810.0000","821.0000","804.0000","819.0000","827.0000","829.0000","804.0000","819.0000"," ","0.0000","0.0000","660700","537996600","814.2827"
"20200916","01","12","    23880","JP3831450006","137.0000","137.0000","136.0000","137.0000","136.0000","137.0000","136.0000","136.0000","137.0000","137.0000","136.0000","136.0000"," ","0.0000","0.0000","29900","4090500","136.8060"
"20200916","01","12","    23910","JP3833120003","1472.0000","1472.0000","1472.0000","1472.0000","1454.0000","1454.0000","1454.0000","1454.0000","1472.0000","1472.0000","1454.0000","1454.0000"," ","0.0000","0.0000","200","292600","1463.0000"
"20200916","01","12","    23930","JP3699800003","1505.0000","1530.0000","1500.0000","1519.0000","1529.0000","1530.0000","1513.0000","1520.0000","1505.0000","1530.0000","1500.0000","1520.0000"," ","0.0000","0.0000","16000","24222000","1513.8750"
"20200916","01","12","    23970","JP3548590003","907.0000","933.0000","907.0000","914.0000","914.0000","917.0000","899.0000","903.0000","907.0000","933.0000","899.0000","903.0000"," ","0.0000","0.0000","248900","227604600","914.4419"
"20200916","01","12","    24020","JP3124200001","630.0000","637.0000","630.0000","636.0000","636.0000","636.0000","634.0000","635.0000","630.0000","637.0000","630.0000","635.0000"," ","0.0000","0.0000","2500","1580200","632.0800"
"20200916","01","12","    24040","JP3545620001","277.0000","289.0000","276.0000","278.0000","280.0000","304.0000","272.0000","275.0000","277.0000","304.0000","272.0000","275.0000"," ","0.0000","0.0000","337300","96423600","285.8690"
"20200916","01","12","    24060","JP3126170004","530.0000","530.0000","526.0000","526.0000","529.0000","529.0000","529.0000","529.0000","530.0000","530.0000","526.0000","529.0000"," ","0.0000","0.0000","2400","1270500","529.3750"
"20200916","01","12","    24080","JP3277130005","300.0000","301.0000","300.0000","301.0000","302.0000","302.0000","301.0000","301.0000","300.0000","302.0000","300.0000","301.0000"," ","0.0000","0.0000","1100","331200","301.0909"
"20200916","01","12","    24110","JP3282850001","278.0000","290.0000","276.0000","285.0000","287.0000","289.0000","287.0000","289.0000","278.0000","290.0000","276.0000","289.0000"," ","0.0000","0.0000","25000","7061800","282.4720"
"20200916","01","12","    24150","JP3794520001","660.0000","666.0000","660.0000","663.0000","659.0000","660.0000","655.0000","660.0000","660.0000","666.0000","655.0000","660.0000"," ","0.0000","0.0000","9800","6480900","661.3163"
"20200916","01","12","    24250","JP3277450007","535.0000","535.0000","505.0000","524.0000","514.0000","515.0000","502.0000","505.0000","535.0000","535.0000","502.0000","505.0000"," ","0.0000","0.0000","5900","3030600","513.6610"
"20200916","01","12","    24350","JP3351630003","242.0000","242.0000","235.0000","237.0000","239.0000","244.0000","238.0000","242.0000","242.0000","244.0000","235.0000","242.0000"," ","0.0000","0.0000","48300","11642200","241.0393"
"20200916","01","12","    24360","JP3253500007","875.0000","884.0000","868.0000","881.0000","885.0000","885.0000","865.0000","867.0000","875.0000","885.0000","865.0000","867.0000"," ","0.0000","0.0000","16000","14040400","877.5250"
"20200916","01","12","    24370","JP3384900001","465.0000","467.0000","454.0000","457.0000","459.0000","465.0000","454.0000","465.0000","465.0000","467.0000","454.0000","465.0000"," ","0.0000","0.0000","96600","44464000","460.2899"
"20200916","01","12","    24380","JP3119670002","1310.0000","1329.0000","1308.0000","1322.0000","1325.0000","1337.0000","1320.0000","1333.0000","1310.0000","1337.0000","1308.0000","1333.0000"," ","0.0000","0.0000","48000","63565600","1324.2833"
"20200916","01","12","    24490","JP3833050002","1440.0000","1448.0000","1413.0000","1428.0000","1424.0000","1430.0000","1415.0000","1415.0000","1440.0000","1448.0000","1413.0000","1415.0000"," ","0.0000","0.0000","2200","3136100","1425.5000"
"20200916","01","12","    24520","JP3306450002","0.0000","0.0000","0.0000","0.0000","0.0000","0.0000","0.0000","0.0000","0.0000","0.0000","0.0000","0.0000"," ","0.0000","0.0000","0","0","0.0000"
"20200916","01","12","    24540","JP3174050009","954.0000","961.0000","942.0000","951.0000","951.0000","958.0000","945.0000","956.0000","954.0000","961.0000","942.0000","956.0000"," ","0.0000","0.0000","26200","24890700","950.0267"
"20200916","01","12","    24590","JP3105310001","179.0000","227.0000","179.0000","213.0000","215.0000","229.0000","208.0000","229.0000","179.0000","229.0000","179.0000","229.0000"," ","0.0000","0.0000","1681600","367564800","218.5804"
"20200916","01","12","    24680","JP3826260006","392.0000","392.0000","390.0000","390.0000","390.0000","390.0000","380.0000","383.0000","392.0000","392.0000","380.0000","383.0000"," ","0.0000","0.0000","23000","8834900","384.1261"
"20200916","01","12","    24690","JP3793200001","1347.0000","1371.0000","1345.0000","1371.0000","1370.0000","1395.0000","1370.0000","1390.0000","1347.0000","1395.0000","1345.0000","1390.0000"," ","0.0000","0.0000","57400","78918900","1374.8937"
"20200916","01","12","    24790","JP3386260008","182.0000","187.0000","182.0000","185.0000","185.0000","186.0000","183.0000","183.0000","182.0000","187.0000","182.0000","183.0000"," ","0.0000","0.0000","187900","34780000","185.0985"
"20200916","01","12","    24800","JP3351080001","1480.0000","1494.0000","1480.0000","1494.0000","1500.0000","1510.0000","1494.0000","1510.0000","1480.0000","1510.0000","1480.0000","1510.0000"," ","0.0000","0.0000","1900","2843100","1496.3684"
"20200916","01","12","    24810","JP3452300001","410.0000","415.0000","406.0000","409.0000","409.0000","409.0000","406.0000","409.0000","410.0000","415.0000","406.0000","409.0000"," ","0.0000","0.0000","6000","2457700","409.6167"
"20200916","01","12","    24830","JP3854900002","1218.0000","1218.0000","1211.0000","1211.0000","1216.0000","1216.0000","1207.0000","1207.0000","1218.0000","1218.0000","1207.0000","1207.0000"," ","0.0000","0.0000","1200","1455600","1213.0000"
"20200916","01","12","    24840","JP3952870008","2357.0000","2370.0000","2309.0000","2310.0000","2310.0000","2342.0000","2308.0000","2325.0000","2357.0000","2370.0000","2308.0000","2325.0000"," ","0.0000","0.0000","535000","1247736100","2332.2170"
"20200916","01","12","    24880","JP3710700000","853.0000","854.0000","847.0000","848.0000","850.0000","875.0000","850.0000","866.0000","853.0000","875.0000","847.0000","866.0000"," ","0.0000","0.0000","41500","35800200","862.6554"
"20200916","01","12","    24890","JP3121970002","476.0000","488.0000","463.0000","470.0000","470.0000","474.0000","462.0000","470.0000","476.0000","488.0000","462.0000","470.0000"," ","0.0000","0.0000","596100","282155400","473.3357"
"20200916","01","12","    24930","JP3130420007","917.0000","917.0000","912.0000","916.0000","916.0000","918.0000","913.0000","915.0000","917.0000","918.0000","912.0000","915.0000"," ","0.0000","0.0000","2100","1923600","916.0000"
"20200916","01","12","    24970","JP3758130003","1444.0000","1477.0000","1435.0000","1467.0000","1469.0000","1480.0000","1465.0000","1474.0000","1444.0000","1480.0000","1435.0000","1474.0000"," ","0.0000","0.0000","127500","187016800","1466.7984"
"20200916","01","12","    24980","JP3121120004","2187.0000","2206.0000","2175.0000","2206.0000","2200.0000","2200.0000","2185.0000","2185.0000","2187.0000","2206.0000","2175.0000","2185.0000"," ","0.0000","0.0000","7100","15581500","2194.5775"
"20200916","01","12","    24990","JP3756080002","243.0000","244.0000","240.0000","240.0000","241.0000","242.0000","241.0000","241.0000","243.0000","244.0000","240.0000","241.0000"," ","0.0000","0.0000","33000","7962700","241.2939"
"20200916","01","12","    25730","JP3847800004","3865.0000","3865.0000","3855.0000","3855.0000","3855.0000","3855.0000","3855.0000","3855.0000","3865.0000","3865.0000","3855.0000","3855.0000"," ","0.0000","0.0000","600","2315000","3858.3333"
"20200916","01","12","    25860","JP3828300008","205.0000","206.0000","204.0000","204.0000","204.0000","206.0000","203.0000","204.0000","205.0000","206.0000","203.0000","204.0000"," ","0.0000","0.0000","183000","37452100","204.6563"
"20200916","01","12","    25880","JP3155450004","3400.0000","3565.0000","3400.0000","3540.0000","3540.0000","3750.0000","3540.0000","3675.0000","3400.0000","3750.0000","3400.0000","3675.0000"," ","0.0000","0.0000","35500","125543000","3536.4225"
"20200916","01","12","    26080","JP3855400002","1075.0000","1075.0000","1074.0000","1074.0000","1074.0000","1075.0000","1074.0000","1074.0000","1075.0000","1075.0000","1074.0000","1074.0000"," ","0.0000","0.0000","3900","4191600","1074.7692"
"20200916","01","12","    26520","JP3879700007","502.0000","502.0000","500.0000","502.0000","502.0000","504.0000","502.0000","503.0000","502.0000","504.0000","500.0000","503.0000"," ","0.0000","0.0000","13700","6879500","502.1533"
"20200916","01","12","    26530","JP3245400001","1859.0000","1872.0000","1854.0000","1857.0000","1855.0000","1863.0000","1855.0000","1855.0000","1859.0000","1872.0000","1854.0000","1855.0000"," ","0.0000","0.0000","5400","10036300","1858.5741"
"20200916","01","12","    26540","JP3384720003","509.0000","509.0000","502.0000","508.0000","505.0000","508.0000","505.0000","508.0000","509.0000","509.0000","502.0000","508.0000"," ","0.0000","0.0000","3000","1520600","506.8667"
"20200916","01","12","    26560","JP3835400007","209.0000","216.0000","209.0000","213.0000","213.0000","216.0000","213.0000","213.0000","209.0000","216.0000","209.0000","213.0000"," ","0.0000","0.0000","41400","8858800","213.9807"
"20200916","01","12","    26660","JP3172430005","109.0000","110.0000","108.0000","110.0000","110.0000","111.0000","110.0000","111.0000","109.0000","111.0000","108.0000","111.0000"," ","0.0000","0.0000","64300","7041200","109.5054"
"20200916","01","12","    26670","JP3149400008","474.0000","480.0000","470.0000","479.0000","479.0000","480.0000","474.0000","477.0000","474.0000","480.0000","470.0000","477.0000"," ","0.0000","0.0000","113900","54192100","475.7867"
"20200916","01","12","    26680","JP3506100001","1014.0000","1014.0000","1009.0000","1009.0000","1009.0000","1014.0000","1009.0000","1014.0000","1014.0000","1014.0000","1009.0000","1014.0000"," ","0.0000","0.0000","800","808200","1010.2500"
"20200916","01","12","    26690","JP3217900004","2995.0000","3000.0000","2995.0000","2997.0000","3000.0000","3000.0000","2996.0000","2996.0000","2995.0000","3000.0000","2995.0000","2996.0000"," ","0.0000","0.0000","900","2697900","2997.6667"
"20200916","01","12","    26730","JP3952900003","129.0000","130.0000","128.0000","129.0000","129.0000","133.0000","128.0000","133.0000","129.0000","133.0000","128.0000","133.0000"," ","0.0000","0.0000","158800","20710200","130.4169"
"20200916","01","12","    26750","JP3491900001","1220.0000","1220.0000","1203.0000","1205.0000","1203.0000","1215.0000","1201.0000","1208.0000","1220.0000","1220.0000","1201.0000","1208.0000"," ","0.0000","0.0000","5900","7138600","1209.9322"
"20200916","01","12","    26830","JP3155500006","1034.0000","1034.0000","1031.0000","1031.0000","1031.0000","1031.0000","1030.0000","1030.0000","1034.0000","1034.0000","1030.0000","1030.0000"," ","0.0000","0.0000","1000","1031100","1031.1000"
"20200916","01","12","    26930","JP3990750006","305.0000","308.0000","304.0000","307.0000","306.0000","306.0000","300.0000","303.0000","305.0000","308.0000","300.0000","303.0000"," ","0.0000","0.0000","38800","11812100","304.4356"
"20200916","01","12","    26940","JP3834150009","74.0000","74.0000","73.0000","74.0000","73.0000","74.0000","73.0000","73.0000","74.0000","74.0000","73.0000","73.0000"," ","0.0000","0.0000","48800","3604400","73.8607"
"20200916","01","12","    27000","JP3240900005","0.0000","0.0000","0.0000","0.0000","0.0000","0.0000","0.0000","0.0000","0.0000","0.0000","0.0000","0.0000"," ","0.0000","0.0000","0","0","0.0000"
"20200916","01","12","    27020","JP3750500005","5260.0000","5290.0000","5220.0000","5230.0000","5230.0000","5240.0000","5210.0000","5220.0000","5260.0000","5290.0000","5210.0000","5220.0000"," ","0.0000","0.0000","251600","1318257000","5239.4952"
"20200916","01","12","    27050","JP3188300002","2900.0000","2900.0000","2865.0000","2898.0000","2898.0000","2920.0000","2885.0000","2896.0000","2900.0000","2920.0000","2865.0000","2896.0000"," ","0.0000","0.0000","33100","95751600","2892.7976"
"20200916","01","12","    27060","JP3831500008","1536.0000","1545.0000","1530.0000","1532.0000","1532.0000","1536.0000","1508.0000","1522.0000","1536.0000","1545.0000","1508.0000","1522.0000"," ","0.0000","0.0000","37100","56796500","1530.9030"
"20200916","01","12","    27080","JP3266120009","725.0000","725.0000","722.0000","722.0000","0.0000","0.0000","0.0000","0.0000","725.0000","725.0000","722.0000","722.0000"," ","0.0000","0.0000","300","217200","724.0000"
"20200916","01","12","    27140","JP3833150000","0.0000","0.0000","0.0000","0.0000","574.0000","574.0000","574.0000","574.0000","574.0000","574.0000","574.0000","574.0000"," ","0.0000","0.0000","100","57400","574.0000"
"20200916","01","12","    27210","JP3386180008","308.0000","312.0000","308.0000","312.0000","310.0000","311.0000","309.0000","309.0000","308.0000","312.0000","308.0000","309.0000"," ","0.0000","0.0000","4500","1389100","308.6889"
"20200916","01","12","    27220","JP3101100000","1082.0000","1088.0000","1038.0000","1038.0000","1046.0000","1055.0000","1031.0000","1032.0000","1082.0000","1088.0000","1031.0000","1032.0000"," ","0.0000","0.0000","199900","211610500","1058.5818"
"20200916","01","12","    27360","JP3319700005","1230.0000","1230.0000","1230.0000","1230.0000","0.0000","0.0000","0.0000","0.0000","1230.0000","1230.0000","1230.0000","1230.0000"," ","0.0000","0.0000","100","123000","1230.0000"
"20200916","01","12","    27430","JP3765210004","168.0000","169.0000","166.0000","167.0000","167.0000","168.0000","166.0000","168.0000","168.0000","169.0000","166.0000","168.0000"," ","0.0000","0.0000","87600","14659200","167.3425"
"20200916","01","12","    27470","JP3843370002","0.0000","0.0000","0.0000","0.0000","0.0000","0.0000","0.0000","0.0000","0.0000","0.0000","0.0000","0.0000"," ","0.0000","0.0000","0","0","0.0000"
"20200916","01","12","    27500","JP3136950007","383.0000","388.0000","382.0000","387.0000","385.0000","388.0000","385.0000","388.0000","383.0000","388.0000","382.0000","388.0000"," ","0.0000","0.0000","3500","1345700","384.4857"
"20200916","01","12","    27510","JP3547700009","1970.0000","1970.0000","1963.0000","1963.0000","1961.0000","1970.0000","1961.0000","1965.0000","1970.0000","1970.0000","1961.0000","1965.0000"," ","0.0000","0.0000","5300","10429300","1967.7925"
"20200916","01","12","    27540","JP3854630005","0.0000","0.0000","0.0000","0.0000","0.0000","0.0000","0.0000","0.0000","0.0000","0.0000","0.0000","0.0000"," ","0.0000","0.0000","0","0","0.0000"
"20200916","01","12","    27610","JP3626400000","6180.0000","6180.0000","6180.0000","6180.0000","6280.0000","6280.0000","6280.0000","6280.0000","6180.0000","6280.0000","6180.0000","6280.0000"," ","0.0000","0.0000","300","1874000","6246.6667"
"20200916","01","12","    27620","JP3332520000","300.0000","301.0000","300.0000","301.0000","301.0000","301.0000","300.0000","300.0000","300.0000","301.0000","300.0000","300.0000"," ","0.0000","0.0000","5300","1591200","300.2264"
"20200916","01","12","    27630","JP3166940001","1334.0000","1340.0000","1331.0000","1340.0000","1335.0000","1338.0000","1310.0000","1327.0000","1334.0000","1340.0000","1310.0000","1327.0000"," ","0.0000","0.0000","23200","30786200","1326.9914"
"20200916","01","12","    27690","JP3159960008","1035.0000","1035.0000","1030.0000","1035.0000","1033.0000","1033.0000","1031.0000","1033.0000","1035.0000","1035.0000","1030.0000","1033.0000"," ","0.0000","0.0000","9400","9715300","1033.5426"
"20200916","01","12","    27730","JP3909550000","858.0000","858.0000","857.0000","857.0000","858.0000","858.0000","852.0000","852.0000","858.0000","858.0000","852.0000","852.0000"," ","0.0000","0.0000","1100","941000","855.4545"
"20200916","01","12","    27760","JP3270600004","100.0000","100.0000","99.0000","100.0000","99.0000","100.0000","98.0000","100.0000","100.0000","100.0000","98.0000","100.0000"," ","0.0000","0.0000","169400","16801300","99.1812"
"20200916","01","12","    27770","JP3212300002","772.0000","775.0000","772.0000","774.0000","776.0000","776.0000","776.0000","776.0000","772.0000","776.0000","772.0000","776.0000"," ","0.0000","0.0000","700","541300","773.2857"
"20200916","01","12","    27780","JP3782800001","203.0000","205.0000","202.0000","203.0000","203.0000","204.0000","202.0000","203.0000","203.0000","205.0000","202.0000","203.0000"," ","0.0000","0.0000","21000","4272000","203.4286"
"20200916","01","12","    27800","JP3305590006","730.0000","743.0000","730.0000","740.0000","741.0000","750.0000","741.0000","750.0000","730.0000","750.0000","730.0000","750.0000"," ","0.0000","0.0000","22400","16589700","740.6116"
"20200916","01","12","    27820","JP3423520000","4355.0000","4410.0000","4305.0000","4330.0000","4325.0000","4360.0000","4320.0000","4360.0000","4355.0000","4410.0000","4305.0000","4360.0000"," ","0.0000","0.0000","426400","1851934000","4343.1848"
"20200916","01","12","    27880","JP3121170009","179.0000","179.0000","177.0000","177.0000","178.0000","185.0000","178.0000","185.0000","179.0000","185.0000","177.0000","185.0000"," ","0.0000","0.0000","175300","31878700","181.8523"
"20200916","01","12","    27890","JP3220800001","429.0000","429.0000","429.0000","429.0000","426.0000","429.0000","426.0000","429.0000","429.0000","429.0000","426.0000","429.0000"," ","0.0000","0.0000","1900","814800","428.8421"
"20200916","01","12","    27900","JP3651160008","2241.0000","2261.0000","2195.0000","2245.0000","2231.0000","2241.0000","2209.0000","2235.0000","2241.0000","2261.0000","2195.0000","2235.0000"," ","0.0000","0.0000","174700","389066400","2227.0544"
"20200916","01","12","    27950","JP3749250001","0.0000","0.0000","0.0000","0.0000","0.0000","0.0000","0.0000","0.0000","0.0000","0.0000","0.0000","0.0000"," ","0.0000","0.0000","0","0","0.0000"
"20200916","01","12","    27980","JP3990760005","1925.0000","1960.0000","1925.0000","1940.0000","1952.0000","1958.0000","1952.0000","1958.0000","1925.0000","1960.0000","1925.0000","1958.0000"," ","0.0000","0.0000","2600","5050500","1942.5000"
"20200916","01","12","    28040","JP3831200005","1194.0000","1196.0000","1194.0000","1196.0000","1198.0000","1199.0000","1198.0000","1199.0000","1194.0000","1199.0000","1194.0000","1199.0000"," ","0.0000","0.0000","2400","2872100","1196.7083"
"20200916","01","12","    28050","JP3163600004","4625.0000","4685.0000","4620.0000","4675.0000","4630.0000","4660.0000","4610.0000","4615.0000","4625.0000","4685.0000","4610.0000","4615.0000"," ","0.0000","0.0000","5100","23674000","4641.9608"
"20200916","01","12","    28060","JP3949200004","0.0000","0.0000","0.0000","0.0000","1740.0000","1748.0000","1740.0000","1748.0000","1740.0000","1748.0000","1740.0000","1748.0000"," ","0.0000","0.0000","300","523600","1745.3333"
"20200916","01","12","    28130","JP3993000003","2670.0000","2670.0000","2670.0000","2670.0000","0.0000","0.0000","0.0000","0.0000","2670.0000","2670.0000","2670.0000","2670.0000"," ","0.0000","0.0000","200","534000","2670.0000"
"20200916","01","12","    28140","JP3322100003","0.0000","0.0000","0.0000","0.0000","1626.0000","1626.0000","1626.0000","1626.0000","1626.0000","1626.0000","1626.0000","1626.0000"," ","0.0000","0.0000","100","162600","1626.0000"
"20200916","01","12","    28160","JP3483900001","1319.0000","1320.0000","1315.0000","1316.0000","1316.0000","1320.0000","1315.0000","1315.0000","1319.0000","1320.0000","1315.0000","1315.0000"," ","0.0000","0.0000","5900","7772300","1317.3390"
"20200916","01","12","    28300","JP3105900009","2434.0000","2443.0000","2420.0000","2420.0000","2425.0000","2433.0000","2425.0000","2433.0000","2434.0000","2443.0000","2420.0000","2433.0000"," ","0.0000","0.0000","3500","8514400","2432.6857"
"20200916","01","12","    28310","JP3767600004","3305.0000","3325.0000","3305.0000","3315.0000","3330.0000","3335.0000","3330.0000","3335.0000","3305.0000","3335.0000","3305.0000","3335.0000"," ","0.0000","0.0000","1400","4643000","3316.4286"
"20200916","01","12","    28720","JP3415600000","0.0000","0.0000","0.0000","0.0000","3130.0000","3130.0000","3130.0000","3130.0000","3130.0000","3130.0000","3130.0000","3130.0000"," ","0.0000","0.0000","100","313000","3130.0000"
"20200916","01","12","    28760","JP3385950005","509.0000","509.0000","509.0000","509.0000","507.0000","507.0000","507.0000","507.0000","509.0000","509.0000","507.0000","507.0000"," ","0.0000","0.0000","500","254100","508.2000"
"20200916","01","12","    28770","JP3684300001","855.0000","875.0000","855.0000","865.0000","870.0000","880.0000","870.0000","880.0000","855.0000","880.0000","855.0000","880.0000"," ","0.0000","0.0000","1700","1476100","868.2941"
"20200916","01","12","    28920","JP3715600007","1828.0000","1836.0000","1805.0000","1811.0000","1830.0000","1832.0000","1815.0000","1815.0000","1828.0000","1836.0000","1805.0000","1815.0000"," ","0.0000","0.0000","3100","5655600","1824.3871"
"20200916","01","12","    28940","JP3133600001","220.0000","220.0000","218.0000","218.0000","219.0000","220.0000","218.0000","218.0000","220.0000","220.0000","218.0000","218.0000"," ","0.0000","0.0000","6100","1336100","219.0328"
"20200916","01","12","    29010","JP3135600009","119.0000","119.0000","118.0000","119.0000","119.0000","119.0000","118.0000","119.0000","119.0000","119.0000","118.0000","119.0000"," ","0.0000","0.0000","34000","4045000","118.9706"
"20200916","01","12","    29030","JP3354200002","581.0000","582.0000","580.0000","580.0000","582.0000","583.0000","582.0000","582.0000","581.0000","583.0000","580.0000","582.0000"," ","0.0000","0.0000","3800","2210900","581.8158"
"20200916","01","12","    29050","JP3172200002","1093.0000","1098.0000","1093.0000","1098.0000","1079.0000","1095.0000","1078.0000","1085.0000","1093.0000","1098.0000","1078.0000","1085.0000"," ","0.0000","0.0000","1200","1305400","1087.8333"
"20200916","01","12","    29070","JP3119400004","794.0000","799.0000","794.0000","799.0000","789.0000","792.0000","789.0000","792.0000","794.0000","799.0000","789.0000","792.0000"," ","0.0000","0.0000","2800","2213900","790.6786"
"20200916","01","12","    29110","JP3117000004","2078.0000","2078.0000","2067.0000","2078.0000","2080.0000","2082.0000","2073.0000","2073.0000","2078.0000","2082.0000","2067.0000","2073.0000"," ","0.0000","0.0000","1200","2487500","2072.9167"
"20200916","01","12","    29160","JP3426100008","664.0000","664.0000","651.0000","651.0000","655.0000","659.0000","655.0000","659.0000","664.0000","664.0000","651.0000","659.0000"," ","0.0000","0.0000","1300","854700","657.4615"
"20200916","01","12","    29170","JP3190700009","810.0000","811.0000","809.0000","809.0000","811.0000","819.0000","810.0000","819.0000","810.0000","819.0000","809.0000","819.0000"," ","0.0000","0.0000","5400","4380600","811.2222"
"20200916","01","12","    29230","JP3322110002","4180.0000","4250.0000","4180.0000","4250.0000","4290.0000","4370.0000","4290.0000","4335.0000","4180.0000","4370.0000","4180.0000","4335.0000"," ","0.0000","0.0000","3200","13592500","4247.6563"
"20200916","01","12","    29260","JP3354050001","104.0000","104.0000","101.0000","102.0000","102.0000","104.0000","101.0000","101.0000","104.0000","104.0000","101.0000","101.0000"," ","0.0000","0.0000","294800","30081900","102.0417"
"20200916","01","12","    29270","JP3124700000","688.0000","688.0000","684.0000","684.0000","686.0000","687.0000","686.0000","687.0000","688.0000","688.0000","684.0000","687.0000"," ","0.0000","0.0000","2400","1648700","686.9583"
"20200916","01","12","    29290","JP3802310007","1562.0000","1630.0000","1562.0000","1622.0000","1620.0000","1626.0000","1595.0000","1621.0000","1562.0000","1630.0000","1562.0000","1621.0000"," ","0.0000","0.0000","3032100","4866582100","1605.0203"
"20200916","01","12","    29700","JP3273780001","1419.0000","1475.0000","1390.0000","1469.0000","1469.0000","1470.0000","1424.0000","1440.0000","1419.0000","1475.0000","1390.0000","1440.0000"," ","0.0000","0.0000","17700","25430100","1436.7288"
"20200916","01","12","    29770","JP3100290000","0.0000","0.0000","0.0000","0.0000","0.0000","0.0000","0.0000","0.0000","0.0000","0.0000","0.0000","0.0000"," ","0.0000","0.0000","0","0","0.0000"
"20200916","01","12","    29780","JP3532950007","901.0000","916.0000","883.0000","888.0000","886.0000","888.0000","860.0000","874.0000","901.0000","916.0000","860.0000","874.0000"," ","0.0000","0.0000","59500","52642900","884.7546"
"20200916","01","12","    29800","JP3161320001","3150.0000","3405.0000","3105.0000","3350.0000","3320.0000","3405.0000","3320.0000","3405.0000","3150.0000","3405.0000","3105.0000","3405.0000"," ","0.0000","0.0000","127800","426665500","3338.5407"
"20200916","01","12","    29810","JP3968750004","1687.0000","1687.0000","1655.0000","1655.0000","1654.0000","1669.0000","1653.0000","1667.0000","1687.0000","1687.0000","1653.0000","1667.0000"," ","0.0000","0.0000","10000","16789800","1678.9800"
"20200916","01","12","    29850","JP3802240006","0.0000","0.0000","0.0000","0.0000","0.0000","0.0000","0.0000","0.0000","0.0000","0.0000","0.0000","0.0000"," ","0.0000","0.0000","0","0","0.0000"
"20200916","01","12","    29860","JP3968300008","693.0000","719.0000","693.0000","715.0000","715.0000","724.0000","711.0000","716.0000","693.0000","724.0000","693.0000","716.0000"," ","0.0000","0.0000","23600","16779600","711.0000"
"20200916","01","12","    30100","JP3393800002","119.0000","121.0000","119.0000","120.0000","120.0000","120.0000","119.0000","119.0000","119.0000","121.0000","119.0000","119.0000"," ","0.0000","0.0000","238400","28498900","119.5424"
"20200916","01","12","    30110","JP3864600006","111.0000","111.0000","109.0000","111.0000","112.0000","112.0000","110.0000","110.0000","111.0000","112.0000","109.0000","110.0000"," ","0.0000","0.0000","24400","2702200","110.7459"
"20200916","01","12","    30200","JP3122630001","4150.0000","4330.0000","4070.0000","4115.0000","4115.0000","4310.0000","4115.0000","4200.0000","4150.0000","4330.0000","4070.0000","4200.0000"," ","0.0000","0.0000","117300","492105000","4195.2685"
"20200916","01","12","    30210","JP3781360007","2045.0000","2094.0000","2045.0000","2094.0000","2094.0000","2094.0000","2062.0000","2081.0000","2045.0000","2094.0000","2045.0000","2081.0000"," ","0.0000","0.0000","27500","56951900","2070.9782"
"20200916","01","12","    30240","JP3269910000","620.0000","625.0000","620.0000","625.0000","625.0000","627.0000","620.0000","627.0000","620.0000","627.0000","620.0000","627.0000"," ","0.0000","0.0000","1500","934600","623.0667"
"20200916","01","12","    30350","JP3278700004","350.0000","350.0000","345.0000","346.0000","347.0000","349.0000","344.0000","349.0000","350.0000","350.0000","344.0000","349.0000"," ","0.0000","0.0000","17000","5891500","346.5588"
"20200916","01","12","    30390","JP3835000005","0.0000","0.0000","0.0000","0.0000","0.0000","0.0000","0.0000","0.0000","0.0000","0.0000","0.0000","0.0000"," ","0.0000","0.0000","0","0","0.0000"
"20200916","01","12","    30410","JP3800470001","238.0000","238.0000","236.0000","238.0000","239.0000","239.0000","238.0000","238.0000","238.0000","239.0000","236.0000","238.0000"," ","0.0000","0.0000","1300","308300","237.1538"
"20200916","01","12","    30420","JP3420960001","759.0000","773.0000","759.0000","770.0000","769.0000","772.0000","760.0000","760.0000","759.0000","773.0000","759.0000","760.0000"," ","0.0000","0.0000","43300","33215600","767.1039"
"20200916","01","12","    30450","JP3223200001","975.0000","975.0000","969.0000","973.0000","979.0000","979.0000","979.0000","979.0000","975.0000","979.0000","969.0000","979.0000"," ","0.0000","0.0000","700","682300","974.7143"
"20200916","01","12","    30580","JP3342100009","901.0000","908.0000","901.0000","908.0000","908.0000","908.0000","908.0000","908.0000","901.0000","908.0000","901.0000","908.0000"," ","0.0000","0.0000","800","723600","904.5000"
"20200916","01","12","    30590","JP3795150006","973.0000","995.0000","973.0000","995.0000","998.0000","998.0000","980.0000","986.0000","973.0000","998.0000","973.0000","986.0000"," ","0.0000","0.0000","7300","7193000","985.3425"
"20200916","01","12","    30630","JP3386320000","500.0000","506.0000","499.0000","500.0000","499.0000","501.0000","496.0000","496.0000","500.0000","506.0000","496.0000","496.0000"," ","0.0000","0.0000","15300","7644200","499.6209"
"20200916","01","12","    30650","JP3966670006","0.0000","0.0000","0.0000","0.0000","1716.0000","1737.0000","1716.0000","1737.0000","1716.0000","1737.0000","1716.0000","1737.0000"," ","0.0000","0.0000","200","345300","1726.5000"
"20200916","01","12","    30680","JP3505930002","1433.0000","1446.0000","1433.0000","1440.0000","1436.0000","1437.0000","1432.0000","1432.0000","1433.0000","1446.0000","1432.0000","1432.0000"," ","0.0000","0.0000","2000","2871800","1435.9000"
"20200916","01","12","    30690","JP3120050004","377.0000","378.0000","376.0000","376.0000","376.0000","377.0000","374.0000","374.0000","377.0000","378.0000","374.0000","374.0000"," ","0.0000","0.0000","30400","11411700","375.3849"
"20200916","01","12","    30700","JP3122670007","308.0000","309.0000","305.0000","305.0000","305.0000","310.0000","305.0000","310.0000","308.0000","310.0000","305.0000","310.0000"," ","0.0000","0.0000","4100","1257400","306.6829"
"20200916","01","12","    30710","JP3399760002","139.0000","141.0000","135.0000","137.0000","137.0000","138.0000","132.0000","134.0000","139.0000","141.0000","132.0000","134.0000"," ","0.0000","0.0000","1619200","219818700","135.7576"
"20200916","01","12","    30750","JP3527550002","1287.0000","1393.0000","1168.0000","1181.0000","1180.0000","1185.0000","1153.0000","1182.0000","1287.0000","1393.0000","1153.0000","1182.0000"," ","0.0000","0.0000","266400","335799300","1260.5079"
"20200916","01","12","    30770","JP3852850001","475.0000","477.0000","475.0000","476.0000","476.0000","476.0000","475.0000","476.0000","475.0000","477.0000","475.0000","476.0000"," ","0.0000","0.0000","1400","666100","475.7857"
"20200916","01","12","    30800","JP3386360006","772.0000","798.0000","764.0000","787.0000","783.0000","793.0000","782.0000","793.0000","772.0000","798.0000","764.0000","793.0000"," ","0.0000","0.0000","69800","54836500","785.6232"
"20200916","01","12","    30830","JP3347030003","0.0000","0.0000","0.0000","0.0000","0.0000","0.0000","0.0000","0.0000","0.0000","0.0000","0.0000","0.0000"," ","0.0000","0.0000","0","0","0.0000"
"20200916","01","12","    30890","JP3545210001","983.0000","983.0000","979.0000","980.0000","980.0000","989.0000","979.0000","989.0000","983.0000","989.0000","979.0000","989.0000"," ","0.0000","0.0000","2200","2162000","982.7273"
"20200916","01","12","    30940","JP3395600004","1025.0000","1025.0000","1010.0000","1020.0000","1021.0000","1047.0000","1021.0000","1039.0000","1025.0000","1047.0000","1010.0000","1039.0000"," ","0.0000","0.0000","29900","30863300","1032.2174"
"20200916","01","12","    30960","JP3172260006","1293.0000","1317.0000","1293.0000","1307.0000","1305.0000","1310.0000","1300.0000","1309.0000","1293.0000","1317.0000","1293.0000","1309.0000"," ","0.0000","0.0000","11000","14335500","1303.2273"
"20200916","01","12","    31110","JP3174000004","501.0000","512.0000","501.0000","508.0000","508.0000","509.0000","501.0000","502.0000","501.0000","512.0000","501.0000","502.0000"," ","0.0000","0.0000","95600","48231700","504.5157"
"20200916","01","12","    31130","JP3795400005","99.0000","101.0000","99.0000","100.0000","100.0000","100.0000","100.0000","100.0000","99.0000","101.0000","99.0000","100.0000"," ","0.0000","0.0000","96800","9666700","99.8626"
"20200916","01","12","    31210","JP3382200008","332.0000","336.0000","332.0000","334.0000","334.0000","335.0000","333.0000","333.0000","332.0000","336.0000","332.0000","333.0000"," ","0.0000","0.0000","14400","4809500","333.9931"
"20200916","01","12","    31230","JP3312000007","421.0000","421.0000","421.0000","421.0000","421.0000","422.0000","418.0000","418.0000","421.0000","422.0000","418.0000","418.0000"," ","0.0000","0.0000","3800","1596800","420.2105"
"20200916","01","12","    31250","JP3379400009","587.0000","587.0000","572.0000","579.0000","578.0000","581.0000","572.0000","580.0000","587.0000","587.0000","572.0000","580.0000"," ","0.0000","0.0000","2900","1672100","576.5862"
"20200916","01","12","    31310","JP3377850007","1310.0000","1310.0000","1286.0000","1286.0000","1295.0000","1310.0000","1295.0000","1301.0000","1310.0000","1310.0000","1286.0000","1301.0000"," ","0.0000","0.0000","4700","6109000","1299.7872"
"20200916","01","12","    31330","JP3205670007","535.0000","535.0000","495.0000","510.0000","511.0000","523.0000","511.0000","517.0000","535.0000","535.0000","495.0000","517.0000"," ","0.0000","0.0000","16200","8306700","512.7593"
"20200916","01","12","    31350","JP3860190002","2427.0000","2450.0000","2395.0000","2399.0000","2394.0000","2426.0000","2392.0000","2400.0000","2427.0000","2450.0000","2392.0000","2400.0000"," ","0.0000","0.0000","61900","149100400","2408.7302"
"20200916","01","12","    31370","JP3802970008","725.0000","736.0000","725.0000","734.0000","732.0000","736.0000","732.0000","733.0000","725.0000","736.0000","725.0000","733.0000"," ","0.0000","0.0000","4200","3066400","730.0952"
"20200916","01","12","    31380","JP3813750001","1068.0000","1095.0000","1051.0000","1077.0000","1087.0000","1087.0000","1065.0000","1070.0000","1068.0000","1095.0000","1051.0000","1070.0000"," ","0.0000","0.0000","12200","13125600","1075.8689"
"20200916","01","12","    31400","JP3142450000","836.0000","839.0000","821.0000","830.0000","826.0000","835.0000","824.0000","830.0000","836.0000","839.0000","821.0000","830.0000"," ","0.0000","0.0000","11600","9626900","829.9052"
"20200916","01","12","    31430","JP3170150001","995.0000","995.0000","994.0000","995.0000","995.0000","995.0000","995.0000","995.0000","995.0000","995.0000","994.0000","995.0000"," ","0.0000","0.0000","4600","4576900","994.9783"
"20200916","01","12","    31500","JP3952860009","1639.0000","1700.0000","1630.0000","1680.0000","1694.0000","1735.0000","1693.0000","1713.0000","1639.0000","1735.0000","1630.0000","1713.0000"," ","0.0000","0.0000","129800","219323500","1689.7034"
"20200916","01","12","    31610","JP3120070002","822.0000","830.0000","822.0000","827.0000","829.0000","832.0000","827.0000","828.0000","822.0000","832.0000","822.0000","828.0000"," ","0.0000","0.0000","43200","35764000","827.8704"
"20200916","01","12","    31740","JP3770280000","817.0000","820.0000","817.0000","820.0000","820.0000","825.0000","820.0000","825.0000","817.0000","825.0000","817.0000","825.0000"," ","0.0000","0.0000","3800","3119900","821.0263"
"20200916","01","12","    31770","JP3125850002","1599.0000","1636.0000","1599.0000","1636.0000","1638.0000","1640.0000","1638.0000","1640.0000","1599.0000","1640.0000","1599.0000","1640.0000"," ","0.0000","0.0000","700","1137100","1624.4286"
"20200916","01","12","    31810","JP3205620002","746.0000","750.0000","743.0000","749.0000","747.0000","747.0000","717.0000","747.0000","746.0000","750.0000","717.0000","747.0000"," ","0.0000","0.0000","2200","1629900","740.8636"
"20200916","01","12","    31840","JP3101920001","0.0000","0.0000","0.0000","0.0000","0.0000","0.0000","0.0000","0.0000","0.0000","0.0000","0.0000","0.0000"," ","0.0000","0.0000","0","0","0.0000"
"20200916","01","12","    31850","JP3952880007","269.0000","269.0000","268.0000","269.0000","269.0000","270.0000","268.0000","270.0000","269.0000","270.0000","268.0000","270.0000"," ","0.0000","0.0000","21600","5805500","268.7731"
"20200916","01","12","    31870","JP3343950006","279.0000","279.0000","271.0000","277.0000","279.0000","280.0000","274.0000","280.0000","279.0000","280.0000","271.0000","280.0000"," ","0.0000","0.0000","51200","14129800","275.9727"
"20200916","01","12","    31890","JP3160160002","572.0000","572.0000","564.0000","566.0000","566.0000","566.0000","565.0000","565.0000","572.0000","572.0000","564.0000","565.0000"," ","0.0000","0.0000","13800","7815500","566.3406"
"20200916","01","12","    31900","JP3851900005","551.0000","551.0000","545.0000","545.0000","538.0000","543.0000","538.0000","541.0000","551.0000","551.0000","538.0000","541.0000"," ","0.0000","0.0000","2900","1571500","541.8966"
"20200916","01","12","    31920","JP3370200002","281.0000","281.0000","279.0000","280.0000","280.0000","281.0000","278.0000","281.0000","281.0000","281.0000","278.0000","281.0000"," ","0.0000","0.0000","4000","1120000","280.0000"
"20200916","01","12","    31950","JP3386510006","992.0000","1000.0000","927.0000","951.0000","949.0000","953.0000","942.0000","948.0000","992.0000","1000.0000","927.0000","948.0000"," ","0.0000","0.0000","1198300","1146261700","956.5732"
"20200916","01","12","    32230","JP3162580009","656.0000","656.0000","647.0000","655.0000","649.0000","655.0000","646.0000","646.0000","656.0000","656.0000","646.0000","646.0000"," ","0.0000","0.0000","6400","4165200","650.8125"
"20200916","01","12","    32240","JP3794490007","884.0000","894.0000","884.0000","894.0000","891.0000","892.0000","888.0000","888.0000","884.0000","894.0000","884.0000","888.0000"," ","0.0000","0.0000","4400","3907000","887.9545"
"20200916","01","12","    32360","JP3833780004","148.0000","151.0000","147.0000","150.0000","150.0000","151.0000","150.0000","150.0000","148.0000","151.0000","147.0000","150.0000"," ","0.0000","0.0000","149200","22304400","149.4933"
"20200916","01","12","    32370","JP3153170000","86.0000","88.0000","86.0000","87.0000","87.0000","90.0000","87.0000","88.0000","86.0000","90.0000","86.0000","88.0000"," ","0.0000","0.0000","121800","10734100","88.1289"
"20200916","01","12","    32380","JP3425650003","283.0000","287.0000","283.0000","285.0000","287.0000","287.0000","285.0000","287.0000","283.0000","287.0000","283.0000","287.0000"," ","0.0000","0.0000","30600","8725100","285.1340"
"20200916","01","12","    32410","JP3154250009","327.0000","329.0000","325.0000","326.0000","328.0000","328.0000","327.0000","327.0000","327.0000","329.0000","325.0000","327.0000"," ","0.0000","0.0000","3100","1014700","327.3226"
"20200916","01","12","    32420","JP3100230006","270.0000","273.0000","269.0000","273.0000","273.0000","275.0000","272.0000","275.0000","270.0000","275.0000","269.0000","275.0000"," ","0.0000","0.0000","116100","31550300","271.7511"
"20200916","01","12","    32480","JP3100280001","605.0000","605.0000","602.0000","602.0000","602.0000","607.0000","602.0000","606.0000","605.0000","607.0000","602.0000","606.0000"," ","0.0000","0.0000","5200","3144500","604.7115"
"20200916","01","12","    32610","JP3274040009","376.0000","376.0000","376.0000","376.0000","371.0000","372.0000","366.0000","366.0000","376.0000","376.0000","366.0000","366.0000"," ","0.0000","0.0000","3600","1323000","367.5000"
"20200916","01","12","    32640","JP3120060003","164.0000","164.0000","162.0000","162.0000","162.0000","165.0000","162.0000","165.0000","164.0000","165.0000","162.0000","165.0000"," ","0.0000","0.0000","61500","10043700","163.3122"
"20200916","01","12","    32660","JP3802920003","90.0000","90.0000","89.0000","89.0000","89.0000","90.0000","89.0000","89.0000","90.0000","90.0000","89.0000","89.0000"," ","0.0000","0.0000","238100","21253700","89.2638"
"20200916","01","12","    32860","JP3635590007","344.0000","346.0000","343.0000","343.0000","345.0000","349.0000","345.0000","349.0000","344.0000","349.0000","343.0000","349.0000"," ","0.0000","0.0000","4000","1385200","346.3000"
"20200916","01","12","    32930","JP3120090000","0.0000","0.0000","0.0000","0.0000","1365.0000","1371.0000","1365.0000","1371.0000","1365.0000","1371.0000","1365.0000","1371.0000"," ","0.0000","0.0000","600","820600","1367.6667"
"20200916","01","12","    32970","JP3597200009","882.0000","882.0000","880.0000","880.0000","880.0000","883.0000","880.0000","883.0000","882.0000","883.0000","880.0000","883.0000"," ","0.0000","0.0000","1000","881200","881.2000"
"20200916","01","12","    33000","JP3128650003","735.0000","749.0000","727.0000","737.0000","738.0000","738.0000","727.0000","736.0000","735.0000","749.0000","727.0000","736.0000"," ","0.0000","0.0000","32700","24052500","735.5505"
"20200916","01","12","    33060","JP3723400002","348.0000","348.0000","343.0000","344.0000","343.0000","344.0000","342.0000","342.0000","348.0000","348.0000","342.0000","342.0000"," ","0.0000","0.0000","9800","3379500","344.8469"
"20200916","01","12","    33160","JP3587700000","518.0000","520.0000","518.0000","520.0000","519.0000","555.0000","519.0000","541.0000","518.0000","555.0000","518.0000","541.0000"," ","0.0000","0.0000","24100","12936000","536.7635"
"20200916","01","12","    33170","JP3826350005","0.0000","0.0000","0.0000","0.0000","1300.0000","1300.0000","1300.0000","1300.0000","1300.0000","1300.0000","1300.0000","1300.0000"," ","0.0000","0.0000","100","130000","1300.0000"
"20200916","01","12","    33200","JP3272700000","695.0000","698.0000","691.0000","697.0000","705.0000","705.0000","700.0000","700.0000","695.0000","705.0000","691.0000","700.0000"," ","0.0000","0.0000","5300","3707600","699.5472"
"20200916","01","12","    33220","JP3126370000","725.0000","725.0000","710.0000","723.0000","712.0000","712.0000","712.0000","712.0000","725.0000","725.0000","710.0000","712.0000"," ","0.0000","0.0000","2500","1786000","714.4000"
"20200916","01","12","    33230","JP3979500000","129.0000","130.0000","127.0000","129.0000","130.0000","135.0000","129.0000","134.0000","129.0000","135.0000","127.0000","134.0000"," ","0.0000","0.0000","2652500","349123400","131.6205"
"20200916","01","12","    33260","JP3968700009","606.0000","612.0000","602.0000","612.0000","608.0000","612.0000","596.0000","596.0000","606.0000","612.0000","596.0000","596.0000"," ","0.0000","0.0000","26000","15665000","602.5000"
"20200916","01","12","    33290","JP3622800005","1391.0000","1398.0000","1390.0000","1397.0000","1398.0000","1405.0000","1396.0000","1404.0000","1391.0000","1405.0000","1390.0000","1404.0000"," ","0.0000","0.0000","6800","9517500","1399.6324"
"20200916","01","12","    33440","JP3994600009","664.0000","666.0000","663.0000","666.0000","663.0000","665.0000","663.0000","664.0000","664.0000","666.0000","663.0000","664.0000"," ","0.0000","0.0000","1800","1195300","664.0556"
"20200916","01","12","    33470","JP3635550001","174.0000","174.0000","174.0000","174.0000","174.0000","175.0000","173.0000","174.0000","174.0000","175.0000","173.0000","174.0000"," ","0.0000","0.0000","10300","1792200","174.0000"
"20200916","01","12","    33500","JP3481200008","70.0000","70.0000","68.0000","69.0000","69.0000","70.0000","69.0000","70.0000","70.0000","70.0000","68.0000","70.0000"," ","0.0000","0.0000","179100","12413200","69.3088"
"20200916","01","12","    33520","JP3778360002","1046.0000","1046.0000","1046.0000","1046.0000","1052.0000","1052.0000","1051.0000","1051.0000","1046.0000","1052.0000","1046.0000","1051.0000"," ","0.0000","0.0000","600","630500","1050.8333"
"20200916","01","12","    33530","JP3921040006","0.0000","0.0000","0.0000","0.0000","0.0000","0.0000","0.0000","0.0000","0.0000","0.0000","0.0000","0.0000"," ","0.0000","0.0000","0","0","0.0000"
"20200916","01","12","    33550","JP3270810009","528.0000","530.0000","525.0000","526.0000","528.0000","528.0000","516.0000","519.0000","528.0000","530.0000","516.0000","519.0000"," ","0.0000","0.0000","29600","15498400","523.5946"
"20200916","01","12","    33560","JP3546600002","630.0000","634.0000","625.0000","627.0000","630.0000","631.0000","621.0000","630.0000","630.0000","634.0000","621.0000","630.0000"," ","0.0000","0.0000","184600","115952900","628.1306"
"20200916","01","12","    33580","JP3990650008","276.0000","276.0000","273.0000","273.0000","273.0000","276.0000","273.0000","274.0000","276.0000","276.0000","273.0000","274.0000"," ","0.0000","0.0000","16300","4469900","274.2270"
"20200916","01","12","    33590","JP3442910000","1015.0000","1036.0000","995.0000","1027.0000","1030.0000","1065.0000","1030.0000","1060.0000","1015.0000","1065.0000","995.0000","1060.0000"," ","0.0000","0.0000","420500","435388400","1035.4064"
"20200916","01","12","    33700","JP3817000007","544.0000","544.0000","529.0000","538.0000","533.0000","536.0000","525.0000","533.0000","544.0000","544.0000","525.0000","533.0000"," ","0.0000","0.0000","7700","4090800","531.2727"
"20200916","01","12","    33720","JP3233300007","363.0000","363.0000","360.0000","361.0000","362.0000","363.0000","361.0000","362.0000","363.0000","363.0000","360.0000","362.0000"," ","0.0000","0.0000","16600","6003500","361.6566"
"20200916","01","12","    33740","JP3641220003","2348.0000","2358.0000","2295.0000","2335.0000","2336.0000","2350.0000","2318.0000","2328.0000","2348.0000","2358.0000","2295.0000","2328.0000"," ","0.0000","0.0000","23900","55533800","2323.5900"
"20200916","01","12","    33750","JP3437200003","1379.0000","1410.0000","1379.0000","1406.0000","1406.0000","1423.0000","1406.0000","1423.0000","1379.0000","1423.0000","1379.0000","1423.0000"," ","0.0000","0.0000","4300","6019700","1399.9302"
"20200916","01","12","    33770","JP3101150005","213.0000","216.0000","211.0000","212.0000","213.0000","213.0000","212.0000","212.0000","213.0000","216.0000","211.0000","212.0000"," ","0.0000","0.0000","29800","6353400","213.2013"
"20200916","01","12","    33860","JP3298700000","1237.0000","1249.0000","1232.0000","1243.0000","1249.0000","1249.0000","1234.0000","1246.0000","1237.0000","1249.0000","1232.0000","1246.0000"," ","0.0000","0.0000","32300","40158300","1243.2910"
"20200916","01","12","    33900","JP3952410003","76.0000","77.0000","75.0000","76.0000","77.0000","83.0000","76.0000","81.0000","76.0000","83.0000","75.0000","81.0000"," ","0.0000","0.0000","1905000","151009300","79.2700"
"20200916","01","12","    33990","JP3876450002","1860.0000","1880.0000","1860.0000","1880.0000","1880.0000","1880.0000","1866.0000","1869.0000","1860.0000","1880.0000","1860.0000","1869.0000"," ","0.0000","0.0000","1800","3366600","1870.3333"
"20200916","01","12","    34090","JP3239600004","573.0000","584.0000","569.0000","570.0000","574.0000","578.0000","571.0000","577.0000","573.0000","584.0000","569.0000","577.0000"," ","0.0000","0.0000","68900","39520300","573.5893"
"20200916","01","12","    34160","JP3801630009","1253.0000","1270.0000","1247.0000","1264.0000","1265.0000","1299.0000","1265.0000","1299.0000","1253.0000","1299.0000","1247.0000","1299.0000"," ","0.0000","0.0000","8900","11338600","1274.0000"
"20200916","01","12","    34170","JP3176900003","1351.0000","1363.0000","1346.0000","1363.0000","1360.0000","1367.0000","1350.0000","1367.0000","1351.0000","1367.0000","1346.0000","1367.0000"," ","0.0000","0.0000","13600","18434000","1355.4412"
"20200916","01","12","    34180","JP3778420004","885.0000","887.0000","866.0000","870.0000","879.0000","884.0000","848.0000","864.0000","885.0000","887.0000","848.0000","864.0000"," ","0.0000","0.0000","28000","24430400","872.5143"
"20200916","01","12","    34200","JP3277100008","2174.0000","2175.0000","2173.0000","2173.0000","2173.0000","2173.0000","2151.0000","2151.0000","2174.0000","2175.0000","2151.0000","2151.0000"," ","0.0000","0.0000","1600","3467600","2167.2500"
"20200916","01","12","    34230","JP3161570001","286.0000","286.0000","282.0000","283.0000","283.0000","283.0000","274.0000","278.0000","286.0000","286.0000","274.0000","278.0000"," ","0.0000","0.0000","60100","16802400","279.5740"
"20200916","01","12","    34260","JP3121910008","0.0000","0.0000","0.0000","0.0000","0.0000","0.0000","0.0000","0.0000","0.0000","0.0000","0.0000","0.0000"," ","0.0000","0.0000","0","0","0.0000"
"20200916","01","12","    34350","JP3330500004","917.0000","930.0000","917.0000","919.0000","920.0000","920.0000","919.0000","919.0000","917.0000","930.0000","917.0000","919.0000"," ","0.0000","0.0000","1400","1288900","920.6429"
"20200916","01","12","    34370","JP3624800003","4450.0000","4495.0000","4390.0000","4450.0000","4460.0000","4460.0000","4425.0000","4450.0000","4450.0000","4495.0000","4390.0000","4450.0000"," ","0.0000","0.0000","2900","12883000","4442.4138"
"20200916","01","12","    34390","JP3895100000","1999.0000","2000.0000","1999.0000","2000.0000","0.0000","0.0000","0.0000","0.0000","1999.0000","2000.0000","1999.0000","2000.0000"," ","0.0000","0.0000","200","399900","1999.5000"
"20200916","01","12","    34400","JP3679830004","740.0000","774.0000","730.0000","759.0000","757.0000","765.0000","740.0000","763.0000","740.0000","774.0000","730.0000","763.0000"," ","0.0000","0.0000","63300","47702900","753.6003"
"20200916","01","12","    34410","JP3336700004","981.0000","992.0000","959.0000","966.0000","967.0000","970.0000","960.0000","970.0000","981.0000","992.0000","959.0000","970.0000"," ","0.0000","0.0000","97000","94007300","969.1474"
"20200916","01","12","    34440","JP3236730002","1021.0000","1073.0000","1018.0000","1057.0000","1058.0000","1066.0000","1012.0000","1025.0000","1021.0000","1073.0000","1012.0000","1025.0000"," ","0.0000","0.0000","243500","254562200","1045.4300"
"20200916","01","12","    34460","JP3386660009","3450.0000","3450.0000","3280.0000","3325.0000","3355.0000","3365.0000","3305.0000","3350.0000","3450.0000","3450.0000","3280.0000","3350.0000"," ","0.0000","0.0000","21700","72626500","3346.8433"
"20200916","01","12","    34480","JP3396630000","0.0000","0.0000","0.0000","0.0000","0.0000","0.0000","0.0000","0.0000","0.0000","0.0000","0.0000","0.0000"," ","0.0000","0.0000","0","0","0.0000"
"20200916","01","12","    34490","JP3545260006","1185.0000","1232.0000","1178.0000","1212.0000","1225.0000","1240.0000","1215.0000","1237.0000","1185.0000","1240.0000","1178.0000","1237.0000"," ","0.0000","0.0000","225100","273444900","1214.7708"
"20200916","01","12","    34560","JP3538790001","0.0000","0.0000","0.0000","0.0000","0.0000","0.0000","0.0000","0.0000","0.0000","0.0000","0.0000","0.0000"," ","0.0000","0.0000","0","0","0.0000"
"20200916","01","12","    34610","JP3782700003","928.0000","959.0000","906.0000","934.0000","934.0000","942.0000","905.0000","908.0000","928.0000","959.0000","905.0000","908.0000"," ","0.0000","0.0000","124500","115405500","926.9518"
"20200916","01","12","    34690","JP3549250003","469.0000","470.0000","469.0000","470.0000","468.0000","472.0000","466.0000","472.0000","469.0000","472.0000","466.0000","472.0000"," ","0.0000","0.0000","3700","1735100","468.9459"
"20200916","01","12","    34740","JP3386610004","357.0000","364.0000","343.0000","359.0000","354.0000","359.0000","349.0000","353.0000","357.0000","364.0000","343.0000","353.0000"," ","0.0000","0.0000","46500","16520800","355.2860"
"20200916","01","12","    34770","JP3803020001","1060.0000","1060.0000","1054.0000","1060.0000","1096.0000","1096.0000","1096.0000","1096.0000","1060.0000","1096.0000","1054.0000","1096.0000"," ","0.0000","0.0000","800","851000","1063.7500"
"20200916","01","12","    34790","JP3538710009","2699.0000","2718.0000","2653.0000","2700.0000","2693.0000","2693.0000","2654.0000","2654.0000","2699.0000","2718.0000","2653.0000","2654.0000"," ","0.0000","0.0000","203400","544444100","2676.7163"
"20200916","01","12","    34820","JP3982600003","828.0000","855.0000","820.0000","837.0000","836.0000","843.0000","824.0000","828.0000","828.0000","855.0000","820.0000","828.0000"," ","0.0000","0.0000","161700","135551900","838.2925"
"20200916","01","12","    34830","JP3360850006","0.0000","0.0000","0.0000","0.0000","0.0000","0.0000","0.0000","0.0000","0.0000","0.0000","0.0000","0.0000"," ","0.0000","0.0000","0","0","0.0000"
"20200916","01","12","    34890","JP3803030000","1275.0000","1283.0000","1251.0000","1251.0000","1254.0000","1264.0000","1254.0000","1257.0000","1275.0000","1283.0000","1251.0000","1257.0000"," ","0.0000","0.0000","9800","12438900","1269.2755"
"20200916","01","12","    34900","JP3119890006","1705.0000","1905.0000","1622.0000","1905.0000","1905.0000","1905.0000","1645.0000","1675.0000","1705.0000","1905.0000","1622.0000","1675.0000"," ","0.0000","0.0000","395400","706022300","1785.5900"
"20200916","01","12","    34910","JP3386670008","8000.0000","9100.0000","8000.0000","9090.0000","8990.0000","9000.0000","7970.0000","8310.0000","8000.0000","9100.0000","7970.0000","8310.0000"," ","0.0000","0.0000","1429200","12237547000","8562.5154"
"20200916","01","12","    34940","JP3870340001","1230.0000","1230.0000","1230.0000","1230.0000","0.0000","0.0000","0.0000","0.0000","1230.0000","1230.0000","1230.0000","1230.0000"," ","0.0000","0.0000","200","246000","1230.0000"
"20200916","01","12","    34950","JP3292700006","0.0000","0.0000","0.0000","0.0000","1446.0000","1446.0000","1445.0000","1446.0000","1446.0000","1446.0000","1445.0000","1446.0000"," ","0.0000","0.0000","300","433700","1445.6667"
"20200916","01","12","    34960","JP3119880007","5480.0000","5600.0000","5370.0000","5460.0000","5490.0000","5490.0000","5250.0000","5320.0000","5480.0000","5600.0000","5250.0000","5320.0000"," ","0.0000","0.0000","14400","77605000","5389.2361"
"20200916","01","12","    34970","JP3969250004","905.0000","906.0000","879.0000","900.0000","900.0000","913.0000","893.0000","897.0000","905.0000","913.0000","879.0000","897.0000"," ","0.0000","0.0000","5500","4921600","894.8364"
"20200916","01","12","    34980","JP3211050004","3650.0000","3685.0000","3635.0000","3655.0000","3675.0000","3675.0000","3620.0000","3630.0000","3650.0000","3685.0000","3620.0000","3630.0000"," ","0.0000","0.0000","8800","32117500","3649.7159"
"20200916","01","12","    35150","JP3812200008","2436.0000","2436.0000","2436.0000","2436.0000","2390.0000","2390.0000","2390.0000","2390.0000","2436.0000","2436.0000","2390.0000","2390.0000"," ","0.0000","0.0000","200","482600","2413.0000"
"20200916","01","12","    35280","JP3221000007","37.0000","38.0000","37.0000","38.0000","37.0000","38.0000","37.0000","37.0000","37.0000","38.0000","37.0000","37.0000"," ","0.0000","0.0000","696300","25940200","37.2543"
"20200916","01","12","    35360","JP3108160007","181.0000","181.0000","176.0000","178.0000","180.0000","180.0000","177.0000","178.0000","181.0000","181.0000","176.0000","178.0000"," ","0.0000","0.0000","269800","48184000","178.5915"
"20200916","01","12","    35370","JP3361400009","916.0000","916.0000","915.0000","915.0000","920.0000","920.0000","912.0000","912.0000","916.0000","920.0000","912.0000","912.0000"," ","0.0000","0.0000","2500","2291300","916.5200"
"20200916","01","12","    35400","JP3346190006","7810.0000","8220.0000","7810.0000","8100.0000","8090.0000","8160.0000","7960.0000","8080.0000","7810.0000","8220.0000","7810.0000","8080.0000"," ","0.0000","0.0000","171000","1374742000","8039.4269"
"20200916","01","12","    35410","JP3759570009","730.0000","765.0000","730.0000","750.0000","748.0000","752.0000","704.0000","722.0000","730.0000","765.0000","704.0000","722.0000"," ","0.0000","0.0000","860700","634866400","737.6164"
"20200916","01","12","    35420","JP3835300009","2670.0000","2772.0000","2650.0000","2740.0000","2763.0000","2801.0000","2714.0000","2790.0000","2670.0000","2801.0000","2650.0000","2790.0000"," ","0.0000","0.0000","428200","1170184200","2732.7982"
"20200916","01","12","    35500","JP3399330004","535.0000","600.0000","532.0000","577.0000","576.0000","576.0000","542.0000","569.0000","535.0000","600.0000","532.0000","569.0000"," ","0.0000","0.0000","513600","290590300","565.7911"
"20200916","01","12","    35560","JP3974560009","657.0000","673.0000","629.0000","642.0000","641.0000","649.0000","635.0000","642.0000","657.0000","673.0000","629.0000","642.0000"," ","0.0000","0.0000","872500","564965900","647.5254"
"20200916","01","12","    35570","JP3949420008","1058.0000","1069.0000","1020.0000","1020.0000","1047.0000","1048.0000","1044.0000","1044.0000","1058.0000","1069.0000","1020.0000","1044.0000"," ","0.0000","0.0000","2700","2819100","1044.1111"
"20200916","01","12","    35580","JP3984120000","3050.0000","3260.0000","3030.0000","3240.0000","3270.0000","3320.0000","3240.0000","3315.0000","3050.0000","3320.0000","3030.0000","3315.0000"," ","0.0000","0.0000","917900","2954772500","3219.0571"
"20200916","01","12","    35600","JP3852650005","0.0000","0.0000","0.0000","0.0000","4100.0000","4100.0000","4100.0000","4100.0000","4100.0000","4100.0000","4100.0000","4100.0000"," ","0.0000","0.0000","200","820000","4100.0000"
"20200916","01","12","    35620","JP3653590004","2491.0000","2583.0000","2490.0000","2560.0000","2554.0000","2554.0000","2485.0000","2540.0000","2491.0000","2583.0000","2485.0000","2540.0000"," ","0.0000","0.0000","58300","147028500","2521.9297"
"20200916","01","12","    35660","JP3952530008","1409.0000","1409.0000","1385.0000","1399.0000","1395.0000","1395.0000","1354.0000","1388.0000","1409.0000","1409.0000","1354.0000","1388.0000"," ","0.0000","0.0000","2400","3316600","1381.9167"
"20200916","01","12","    35780","JP3431800006","0.0000","0.0000","0.0000","0.0000","0.0000","0.0000","0.0000","0.0000","0.0000","0.0000","0.0000","0.0000"," ","0.0000","0.0000","0","0","0.0000"
"20200916","01","12","    35830","JP3173600002","735.0000","735.0000","735.0000","735.0000","756.0000","756.0000","756.0000","756.0000","735.0000","756.0000","735.0000","756.0000"," ","0.0000","0.0000","200","149100","745.5000"
"20200916","01","12","    35970","JP3386400000","5940.0000","5940.0000","5900.0000","5900.0000","5940.0000","5940.0000","5900.0000","5910.0000","5940.0000","5940.0000","5900.0000","5910.0000"," ","0.0000","0.0000","800","4733000","5916.2500"
"20200916","01","12","    35980","JP3935000004","191.0000","192.0000","191.0000","192.0000","192.0000","194.0000","192.0000","194.0000","191.0000","194.0000","191.0000","194.0000"," ","0.0000","0.0000","19500","3746500","192.1282"
"20200916","01","12","    36000","JP3818650008","1580.0000","1580.0000","1560.0000","1560.0000","1560.0000","1560.0000","1550.0000","1550.0000","1580.0000","1580.0000","1550.0000","1550.0000"," ","0.0000","0.0000","1400","2184200","1560.1429"
"20200916","01","12","    36040","JP3227100009","1145.0000","1150.0000","1136.0000","1137.0000","1137.0000","1144.0000","1135.0000","1135.0000","1145.0000","1150.0000","1135.0000","1135.0000"," ","0.0000","0.0000","21200","24200900","1141.5519"
"20200916","01","12","    36220","JP3758180008","711.0000","858.0000","711.0000","819.0000","824.0000","824.0000","775.0000","817.0000","711.0000","858.0000","711.0000","817.0000"," ","0.0000","0.0000","448400","363209000","810.0112"
"20200916","01","12","    36230","JP3800490009","1533.0000","1560.0000","1518.0000","1549.0000","1541.0000","1541.0000","1500.0000","1539.0000","1533.0000","1560.0000","1500.0000","1539.0000"," ","0.0000","0.0000","69700","106674500","1530.4806"
"20200916","01","12","    36240","JP3108130000","450.0000","454.0000","428.0000","435.0000","435.0000","435.0000","425.0000","427.0000","450.0000","454.0000","425.0000","427.0000"," ","0.0000","0.0000","305000","132372100","434.0069"
"20200916","01","12","    36250","JP3545400008","909.0000","913.0000","880.0000","893.0000","893.0000","893.0000","880.0000","893.0000","909.0000","913.0000","880.0000","893.0000"," ","0.0000","0.0000","98100","87676500","893.7462"
"20200916","01","12","    36280","JP3548730005","4220.0000","4260.0000","4080.0000","4255.0000","4255.0000","4315.0000","4235.0000","4275.0000","4220.0000","4315.0000","4080.0000","4275.0000"," ","0.0000","0.0000","17300","73469000","4246.7630"
"20200916","01","12","    36330","JP3836100002","4275.0000","4390.0000","4260.0000","4345.0000","4350.0000","4495.0000","4300.0000","4450.0000","4275.0000","4495.0000","4260.0000","4450.0000"," ","0.0000","0.0000","80800","353907000","4380.0371"
"20200916","01","12","    36340","JP3433300005","920.0000","931.0000","919.0000","921.0000","921.0000","931.0000","921.0000","925.0000","920.0000","931.0000","919.0000","925.0000"," ","0.0000","0.0000","9900","9157500","925.0000"
"20200916","01","12","    36410","JP3781540004","2734.0000","2752.0000","2720.0000","2723.0000","2715.0000","2740.0000","2704.0000","2740.0000","2734.0000","2752.0000","2704.0000","2740.0000"," ","0.0000","0.0000","18000","49104900","2728.0500"
"20200916","01","12","    36450","JP3752400006","476.0000","482.0000","472.0000","472.0000","480.0000","515.0000","469.0000","500.0000","476.0000","515.0000","469.0000","500.0000"," ","0.0000","0.0000","109800","54150500","493.1740"
"20200916","01","12","    36460","JP3161250000","560.0000","567.0000","551.0000","555.0000","555.0000","558.0000","552.0000","555.0000","560.0000","567.0000","551.0000","555.0000"," ","0.0000","0.0000","32000","17801700","556.3031"
"20200916","01","12","    36470","JP3300950007","214.0000","217.0000","214.0000","214.0000","215.0000","216.0000","215.0000","215.0000","214.0000","217.0000","214.0000","215.0000"," ","0.0000","0.0000","16100","3460500","214.9379"
"20200916","01","12","    36520","JP3548750003","3200.0000","3220.0000","3165.0000","3210.0000","3210.0000","3210.0000","3155.0000","3155.0000","3200.0000","3220.0000","3155.0000","3155.0000"," ","0.0000","0.0000","7300","23240000","3183.5616"
"20200916","01","12","    36530","JP3927550008","1766.0000","1804.0000","1752.0000","1785.0000","1794.0000","1810.0000","1773.0000","1798.0000","1766.0000","1810.0000","1752.0000","1798.0000"," ","0.0000","0.0000","50600","90353600","1785.6443"
"20200916","01","12","    36630","JP3100260003","1649.0000","1678.0000","1621.0000","1647.0000","1644.0000","1667.0000","1635.0000","1647.0000","1649.0000","1678.0000","1621.0000","1647.0000"," ","0.0000","0.0000","318900","527101300","1652.8733"
"20200916","01","12","    36640","JP3922970003","175.0000","176.0000","173.0000","174.0000","174.0000","174.0000","172.0000","173.0000","175.0000","176.0000","172.0000","173.0000"," ","0.0000","0.0000","221900","38536800","173.6674"
"20200916","01","12","    36700","JP3253820009","0.0000","0.0000","0.0000","0.0000","0.0000","0.0000","0.0000","0.0000","0.0000","0.0000","0.0000","0.0000"," ","0.0000","0.0000","0","0","0.0000"
"20200916","01","12","    36710","JP3436140002","1186.0000","1342.0000","1168.0000","1316.0000","1330.0000","1390.0000","1240.0000","1270.0000","1186.0000","1390.0000","1168.0000","1270.0000"," ","0.0000","0.0000","1968900","2545312900","1292.7589"
"20200916","01","12","    36740","JP3172070009","1479.0000","1508.0000","1451.0000","1465.0000","1468.0000","1491.0000","1462.0000","1468.0000","1479.0000","1508.0000","1451.0000","1468.0000"," ","0.0000","0.0000","412300","610325400","1480.2944"
"20200916","01","12","    36800","JP3852000003","597.0000","618.0000","589.0000","589.0000","589.0000","604.0000","588.0000","599.0000","597.0000","618.0000","588.0000","599.0000"," ","0.0000","0.0000","464400","280127800","603.2037"
"20200916","01","12","    36890","JP3131550000","2175.0000","2180.0000","2124.0000","2174.0000","2173.0000","2175.0000","2129.0000","2129.0000","2175.0000","2180.0000","2124.0000","2129.0000"," ","0.0000","0.0000","595200","1278534100","2148.0748"
"20200916","01","12","    36900","JP3984180004","1768.0000","1821.0000","1765.0000","1801.0000","1800.0000","1806.0000","1785.0000","1806.0000","1768.0000","1821.0000","1765.0000","1806.0000"," ","0.0000","0.0000","38400","69121200","1800.0313"
"20200916","01","12","    36910","JP3969570005","606.0000","624.0000","603.0000","618.0000","608.0000","612.0000","605.0000","605.0000","606.0000","624.0000","603.0000","605.0000"," ","0.0000","0.0000","16500","10059000","609.6364"
"20200916","01","12","    36920","JP3166830004","2620.0000","2620.0000","2550.0000","2569.0000","2565.0000","2571.0000","2532.0000","2546.0000","2620.0000","2620.0000","2532.0000","2546.0000"," ","0.0000","0.0000","79800","204306700","2560.2343"
"20200916","01","12","    36930","JP3130220001","0.0000","0.0000","0.0000","0.0000","0.0000","0.0000","0.0000","0.0000","0.0000","0.0000","0.0000","0.0000"," ","0.0000","0.0000","0","0","0.0000"
"20200916","01","12","    36950","JP3386530004","1801.0000","1801.0000","1718.0000","1754.0000","1771.0000","1796.0000","1707.0000","1762.0000","1801.0000","1801.0000","1707.0000","1762.0000"," ","0.0000","0.0000","18200","32005200","1758.5275"
"20200916","01","12","    36980","JP3346050002","1619.0000","1660.0000","1615.0000","1647.0000","1646.0000","1646.0000","1601.0000","1612.0000","1619.0000","1660.0000","1601.0000","1612.0000"," ","0.0000","0.0000","39000","63780700","1635.4026"
"20200916","01","12","    37100","JP3394800001","1277.0000","1286.0000","1245.0000","1249.0000","1255.0000","1353.0000","1249.0000","1295.0000","1277.0000","1353.0000","1245.0000","1295.0000"," ","0.0000","0.0000","81400","105974600","1301.8993"
"20200916","01","12","    37120","JP3393500008","3080.0000","3150.0000","3080.0000","3145.0000","3155.0000","3160.0000","3145.0000","3145.0000","3080.0000","3160.0000","3080.0000","3145.0000"," ","0.0000","0.0000","5500","17206500","3128.4545"
"20200916","01","12","    37190","JP3800280004","174.0000","175.0000","167.0000","168.0000","170.0000","172.0000","167.0000","171.0000","174.0000","175.0000","167.0000","171.0000"," ","0.0000","0.0000","899800","153436200","170.5226"
"20200916","01","12","    37230","JP3748520008","1473.0000","1473.0000","1455.0000","1464.0000","1464.0000","1464.0000","1446.0000","1446.0000","1473.0000","1473.0000","1446.0000","1446.0000"," ","0.0000","0.0000","8100","11776000","1453.8272"
"20200916","01","12","    37260","JP3163300001","496.0000","497.0000","490.0000","495.0000","495.0000","497.0000","492.0000","496.0000","496.0000","497.0000","490.0000","496.0000"," ","0.0000","0.0000","22500","11116700","494.0756"
"20200916","01","12","    37270","JP3122610003","378.0000","381.0000","366.0000","370.0000","370.0000","370.0000","363.0000","365.0000","378.0000","381.0000","363.0000","365.0000"," ","0.0000","0.0000","910900","336800800","369.7451"
"20200916","01","12","    37330","JP3436020006","10910.0000","10980.0000","10910.0000","10980.0000","10920.0000","11000.0000","10860.0000","10860.0000","10910.0000","11000.0000","10860.0000","10860.0000"," ","0.0000","0.0000","1800","19679000","10932.7778"
"20200916","01","12","    37440","JP3547100002","693.0000","703.0000","693.0000","700.0000","702.0000","735.0000","700.0000","712.0000","693.0000","735.0000","693.0000","712.0000"," ","0.0000","0.0000","196800","140236500","712.5838"
"20200916","01","12","    37470","JP3152810002","598.0000","618.0000","592.0000","610.0000","607.0000","611.0000","598.0000","601.0000","598.0000","618.0000","592.0000","601.0000"," ","0.0000","0.0000","409500","247396500","604.1429"
"20200916","01","12","    37500","JP3426500009","1409.0000","1428.0000","1409.0000","1428.0000","1449.0000","1449.0000","1432.0000","1432.0000","1409.0000","1449.0000","1409.0000","1432.0000"," ","0.0000","0.0000","1200","1720400","1433.6667"
"20200916","01","12","    37530","JP3826280004","847.0000","858.0000","831.0000","832.0000","834.0000","839.0000","827.0000","836.0000","847.0000","858.0000","827.0000","836.0000"," ","0.0000","0.0000","159300","134020400","841.3082"
"20200916","01","12","    37580","JP3105290005","507.0000","518.0000","507.0000","513.0000","514.0000","519.0000","512.0000","516.0000","507.0000","519.0000","507.0000","516.0000"," ","0.0000","0.0000","132800","68400400","515.0633"
"20200916","01","12","    37600","JP3281200000","1500.0000","1537.0000","1482.0000","1510.0000","1512.0000","1526.0000","1499.0000","1507.0000","1500.0000","1537.0000","1482.0000","1507.0000"," ","0.0000","0.0000","348600","526209800","1509.4945"
"20200916","01","12","    37660","JP3350950006","600.0000","602.0000","597.0000","602.0000","598.0000","598.0000","598.0000","598.0000","600.0000","602.0000","597.0000","598.0000"," ","0.0000","0.0000","3800","2278300","599.5526"
"20200916","01","12","    37680","JP3974180006","1562.0000","1570.0000","1555.0000","1566.0000","1567.0000","1568.0000","1556.0000","1556.0000","1562.0000","1570.0000","1555.0000","1556.0000"," ","0.0000","0.0000","13400","20944800","1563.0448"
"20200916","01","12","    37720","JP3639550007","1729.0000","1749.0000","1704.0000","1744.0000","1745.0000","1745.0000","1705.0000","1708.0000","1729.0000","1749.0000","1704.0000","1708.0000"," ","0.0000","0.0000","45300","78034000","1722.6049"
"20200916","01","12","    37730","JP3122150000","895.0000","916.0000","892.0000","897.0000","895.0000","900.0000","888.0000","892.0000","895.0000","916.0000","888.0000","892.0000"," ","0.0000","0.0000","215500","193912900","899.8278"
"20200916","01","12","    37760","JP3831480003","395.0000","420.0000","393.0000","410.0000","411.0000","419.0000","401.0000","415.0000","395.0000","420.0000","393.0000","415.0000"," ","0.0000","0.0000","9343800","3825198200","409.3836"
"20200916","01","12","    37770","JP3440200008","23.0000","23.0000","22.0000","23.0000","23.0000","23.0000","22.0000","23.0000","23.0000","23.0000","22.0000","23.0000"," ","0.0000","0.0000","475900","10932700","22.9727"
"20200916","01","12","    37790","JP3386010007","115.0000","118.0000","115.0000","118.0000","118.0000","118.0000","115.0000","115.0000","115.0000","118.0000","115.0000","115.0000"," ","0.0000","0.0000","68700","7948100","115.6929"
"20200916","01","12","    37820","JP3548620008","284.0000","293.0000","277.0000","280.0000","280.0000","286.0000","280.0000","284.0000","284.0000","293.0000","277.0000","284.0000"," ","0.0000","0.0000","1114900","315681700","283.1480"
"20200916","01","12","    37870","JP3545170007","816.0000","864.0000","816.0000","824.0000","831.0000","839.0000","824.0000","824.0000","816.0000","864.0000","816.0000","824.0000"," ","0.0000","0.0000","8700","7299300","839.0000"
"20200916","01","12","    37910","JP3833770005","1376.0000","1398.0000","1376.0000","1377.0000","1377.0000","1392.0000","1377.0000","1385.0000","1376.0000","1398.0000","1376.0000","1385.0000"," ","0.0000","0.0000","2900","4015900","1384.7931"
"20200916","01","12","    37930","JP3639570005","809.0000","848.0000","809.0000","835.0000","840.0000","842.0000","794.0000","801.0000","809.0000","848.0000","794.0000","801.0000"," ","0.0000","0.0000","762600","628600300","824.2857"
"20200916","01","12","    37960","JP3131050001","635.0000","647.0000","634.0000","641.0000","641.0000","655.0000","641.0000","655.0000","635.0000","655.0000","634.0000","655.0000"," ","0.0000","0.0000","129200","83293500","644.6865"
"20200916","01","12","    37980","JP3159910003","3500.0000","3735.0000","3500.0000","3700.0000","3665.0000","3730.0000","3660.0000","3700.0000","3500.0000","3735.0000","3500.0000","3700.0000"," ","0.0000","0.0000","40400","148407000","3673.4406"
"20200916","01","12","    37990","JP3236150003","834.0000","839.0000","811.0000","822.0000","820.0000","822.0000","813.0000","818.0000","834.0000","839.0000","811.0000","818.0000"," ","0.0000","0.0000","103500","84890600","820.1990"
"20200916","01","12","    38000","JP3799680008","1938.0000","1962.0000","1928.0000","1952.0000","1952.0000","1961.0000","1935.0000","1944.0000","1938.0000","1962.0000","1928.0000","1944.0000"," ","0.0000","0.0000","22400","43619300","1947.2902"
"20200916","01","12","    38020","JP3161220003","1086.0000","1095.0000","1081.0000","1091.0000","1092.0000","1119.0000","1090.0000","1092.0000","1086.0000","1119.0000","1081.0000","1092.0000"," ","0.0000","0.0000","5700","6252300","1096.8947"
"20200916","01","12","    38030","JP3149300000","671.0000","681.0000","671.0000","680.0000","675.0000","681.0000","669.0000","673.0000","671.0000","681.0000","669.0000","673.0000"," ","0.0000","0.0000","3800","2563000","674.4737"
"20200916","01","12","    38040","JP3351040005","1570.0000","1597.0000","1541.0000","1561.0000","1563.0000","1629.0000","1563.0000","1616.0000","1570.0000","1629.0000","1541.0000","1616.0000"," ","0.0000","0.0000","117300","185551000","1581.8500"
"20200916","01","12","    38070","JP3802890008","144.0000","161.0000","144.0000","152.0000","152.0000","158.0000","147.0000","150.0000","144.0000","161.0000","144.0000","150.0000"," ","0.0000","0.0000","3742300","571752100","152.7809"
"20200916","01","12","    38100","JP3311520005","1033.0000","1049.0000","1033.0000","1045.0000","1046.0000","1049.0000","1039.0000","1047.0000","1033.0000","1049.0000","1033.0000","1047.0000"," ","0.0000","0.0000","94700","98786200","1043.1489"
"20200916","01","12","    38140","JP3126380009","685.0000","690.0000","678.0000","681.0000","680.0000","694.0000","680.0000","680.0000","685.0000","694.0000","678.0000","680.0000"," ","0.0000","0.0000","13700","9365400","683.6058"
"20200916","01","12","    38150","JP3921140004","319.0000","322.0000","315.0000","317.0000","318.0000","320.0000","316.0000","319.0000","319.0000","322.0000","315.0000","319.0000"," ","0.0000","0.0000","10300","3273500","317.8155"
"20200916","01","12","    38160","JP3501900009","1300.0000","1314.0000","1278.0000","1281.0000","1290.0000","1295.0000","1272.0000","1275.0000","1300.0000","1314.0000","1272.0000","1275.0000"," ","0.0000","0.0000","50400","65115500","1291.9742"
"20200916","01","12","    38230","JP3108120001","253.0000","253.0000","250.0000","253.0000","253.0000","258.0000","253.0000","257.0000","253.0000","258.0000","250.0000","257.0000"," ","0.0000","0.0000","399500","101516900","254.1099"
"20200916","01","12","    38250","JP3974900007","95.0000","96.0000","94.0000","95.0000","95.0000","96.0000","95.0000","96.0000","95.0000","96.0000","94.0000","96.0000"," ","0.0000","0.0000","352100","33468300","95.0534"
"20200916","01","12","    38390","JP3172440004","708.0000","719.0000","705.0000","719.0000","717.0000","724.0000","713.0000","717.0000","708.0000","724.0000","705.0000","717.0000"," ","0.0000","0.0000","51000","36586900","717.3902"
"20200916","01","12","    38400","JP3130250008","151.0000","151.0000","149.0000","151.0000","151.0000","151.0000","148.0000","150.0000","151.0000","151.0000","148.0000","150.0000"," ","0.0000","0.0000","95400","14284200","149.7296"
"20200916","01","12","    38410","JP3386340008","1345.0000","1399.0000","1345.0000","1399.0000","0.0000","0.0000","0.0000","0.0000","1345.0000","1399.0000","1345.0000","1399.0000"," ","0.0000","0.0000","3200","4452200","1391.3125"
"20200916","01","12","    38420","JP3758150001","1622.0000","1630.0000","1622.0000","1622.0000","1633.0000","1635.0000","1620.0000","1620.0000","1622.0000","1635.0000","1620.0000","1620.0000"," ","0.0000","0.0000","3400","5526400","1625.4118"
"20200916","01","12","    38450","JP3105080000","160.0000","163.0000","160.0000","162.0000","161.0000","164.0000","161.0000","163.0000","160.0000","164.0000","160.0000","163.0000"," ","0.0000","0.0000","220100","35640900","161.9305"
"20200916","01","12","    38470","JP3781340009","3000.0000","3000.0000","3000.0000","3000.0000","0.0000","0.0000","0.0000","0.0000","3000.0000","3000.0000","3000.0000","3000.0000"," ","0.0000","0.0000","300","900000","3000.0000"
"20200916","01","12","    38480","JP3548450000","1373.0000","1400.0000","1373.0000","1394.0000","1394.0000","1407.0000","1394.0000","1407.0000","1373.0000","1407.0000","1373.0000","1407.0000"," ","0.0000","0.0000","3100","4324500","1395.0000"
"20200916","01","12","    38500","JP3165830005","2995.0000","3010.0000","2977.0000","2978.0000","2990.0000","2999.0000","2969.0000","2988.0000","2995.0000","3010.0000","2969.0000","2988.0000"," ","0.0000","0.0000","7100","21233800","2990.6761"
"20200916","01","12","    38510","JP3687000004","1004.0000","1020.0000","998.0000","1004.0000","1004.0000","1014.0000","997.0000","1000.0000","1004.0000","1020.0000","997.0000","1000.0000"," ","0.0000","0.0000","10600","10666600","1006.2830"
"20200916","01","12","    38560","JP3969530009","840.0000","840.0000","811.0000","824.0000","819.0000","825.0000","815.0000","822.0000","840.0000","840.0000","811.0000","822.0000"," ","0.0000","0.0000","44800","36837300","822.2612"
"20200916","01","12","    38570","JP3967900006","1201.0000","1245.0000","1197.0000","1235.0000","1232.0000","1244.0000","1225.0000","1244.0000","1201.0000","1245.0000","1197.0000","1244.0000"," ","0.0000","0.0000","247200","303933000","1229.5024"
"20200916","01","12","    38580","JP3952840001","949.0000","954.0000","934.0000","934.0000","937.0000","970.0000","937.0000","968.0000","949.0000","970.0000","934.0000","968.0000"," ","0.0000","0.0000","186200","177398700","952.7320"
"20200916","01","12","    38910","JP3707000000","1247.0000","1260.0000","1238.0000","1256.0000","1250.0000","1259.0000","1240.0000","1245.0000","1247.0000","1260.0000","1238.0000","1245.0000"," ","0.0000","0.0000","34100","42564100","1248.2141"
"20200916","01","12","    38920","JP3193900002","898.0000","903.0000","897.0000","903.0000","903.0000","905.0000","899.0000","899.0000","898.0000","905.0000","897.0000","899.0000"," ","0.0000","0.0000","3600","3246000","901.6667"
"20200916","01","12","    38950","JP3770250003","558.0000","560.0000","557.0000","558.0000","559.0000","560.0000","556.0000","558.0000","558.0000","560.0000","556.0000","558.0000"," ","0.0000","0.0000","9900","5517600","557.3333"
"20200916","01","12","    39000","JP3267900003","1540.0000","1567.0000","1505.0000","1515.0000","1512.0000","1555.0000","1512.0000","1532.0000","1540.0000","1567.0000","1505.0000","1532.0000"," ","0.0000","0.0000","148700","228728300","1538.1863"
"20200916","01","12","    39040","JP3220100006","914.0000","926.0000","906.0000","913.0000","912.0000","946.0000","912.0000","923.0000","914.0000","946.0000","906.0000","923.0000"," ","0.0000","0.0000","96000","88758700","924.5698"
"20200916","01","12","    39050","JP3548480007","615.0000","622.0000","612.0000","619.0000","618.0000","634.0000","616.0000","633.0000","615.0000","634.0000","612.0000","633.0000"," ","0.0000","0.0000","235900","147416500","624.9110"
"20200916","01","12","    39060","JP3126460009","6940.0000","7180.0000","6910.0000","6980.0000","6950.0000","7040.0000","6890.0000","7040.0000","6940.0000","7180.0000","6890.0000","7040.0000"," ","0.0000","0.0000","172200","1209989000","7026.6492"
"20200916","01","12","    39070","JP3369550003","1376.0000","1376.0000","1360.0000","1370.0000","1361.0000","1370.0000","1353.0000","1361.0000","1376.0000","1376.0000","1353.0000","1361.0000"," ","0.0000","0.0000","8000","10898300","1362.2875"
"20200916","01","12","    39080","JP3305890000","705.0000","712.0000","667.0000","671.0000","671.0000","686.0000","671.0000","686.0000","705.0000","712.0000","667.0000","686.0000"," ","0.0000","0.0000","26000","17912800","688.9538"
"20200916","01","12","    39100","JP3167410004","952.0000","960.0000","926.0000","932.0000","941.0000","941.0000","895.0000","896.0000","952.0000","960.0000","895.0000","896.0000"," ","0.0000","0.0000","166900","154204800","923.9353"
"20200916","01","12","    39110","JP3161050004","676.0000","688.0000","670.0000","683.0000","683.0000","702.0000","683.0000","695.0000","676.0000","702.0000","670.0000","695.0000"," ","0.0000","0.0000","1610500","1108796200","688.4795"
"20200916","01","12","    39130","JP3163950003","1118.0000","1145.0000","1109.0000","1140.0000","1140.0000","1161.0000","1135.0000","1155.0000","1118.0000","1161.0000","1109.0000","1155.0000"," ","0.0000","0.0000","22000","25111600","1141.4364"
"20200916","01","12","    39140","JP3386560001","4680.0000","4705.0000","4665.0000","4685.0000","4690.0000","4785.0000","4685.0000","4760.0000","4680.0000","4785.0000","4665.0000","4760.0000"," ","0.0000","0.0000","31300","148277500","4737.3003"
"20200916","01","12","    39170","JP3105190007","932.0000","941.0000","922.0000","931.0000","931.0000","936.0000","912.0000","933.0000","932.0000","941.0000","912.0000","933.0000"," ","0.0000","0.0000","36200","33717300","931.4171"
"20200916","01","12","    39230","JP3967170006","3310.0000","3445.0000","3310.0000","3390.0000","3400.0000","3415.0000","3375.0000","3385.0000","3310.0000","3445.0000","3310.0000","3385.0000"," ","0.0000","0.0000","535200","1812438000","3386.4686"
"20200916","01","12","    39270","JP3100110000","1155.0000","1196.0000","1155.0000","1170.0000","1170.0000","1182.0000","1148.0000","1158.0000","1155.0000","1196.0000","1148.0000","1158.0000"," ","0.0000","0.0000","105700","123485900","1168.2677"
"20200916","01","12","    39290","JP3431100001","1071.0000","1086.0000","1052.0000","1058.0000","1062.0000","1086.0000","1045.0000","1086.0000","1071.0000","1086.0000","1045.0000","1086.0000"," ","0.0000","0.0000","101200","108295300","1070.1117"
"20200916","01","12","    39300","JP3769650007","1945.0000","1945.0000","1898.0000","1915.0000","1915.0000","1927.0000","1900.0000","1917.0000","1945.0000","1945.0000","1898.0000","1917.0000"," ","0.0000","0.0000","39700","76037000","1915.2897"
"20200916","01","12","    39310","JP3778430003","1359.0000","1360.0000","1292.0000","1300.0000","1300.0000","1323.0000","1290.0000","1292.0000","1359.0000","1360.0000","1290.0000","1292.0000"," ","0.0000","0.0000","16500","21660200","1312.7394"
"20200916","01","12","    39330","JP3507650004","3700.0000","3755.0000","3660.0000","3715.0000","3720.0000","3735.0000","3685.0000","3700.0000","3700.0000","3755.0000","3660.0000","3700.0000"," ","0.0000","0.0000","73000","271139000","3714.2329"
"20200916","01","12","    39350","JP3164460002","655.0000","655.0000","643.0000","647.0000","646.0000","653.0000","643.0000","645.0000","655.0000","655.0000","643.0000","645.0000"," ","0.0000","0.0000","89500","58113600","649.3140"
"20200916","01","12","    39360","JP3274310006","1332.0000","1360.0000","1332.0000","1360.0000","1360.0000","1385.0000","1360.0000","1385.0000","1332.0000","1385.0000","1332.0000","1385.0000"," ","0.0000","0.0000","1700","2335400","1373.7647"
"20200916","01","12","    39440","JP3828800007","2724.0000","2740.0000","2722.0000","2740.0000","2732.0000","2732.0000","2730.0000","2730.0000","2724.0000","2740.0000","2722.0000","2730.0000"," ","0.0000","0.0000","3500","9539100","2725.4571"
"20200916","01","12","    39450","JP3395400009","1221.0000","1221.0000","1220.0000","1220.0000","1220.0000","1220.0000","1214.0000","1214.0000","1221.0000","1221.0000","1214.0000","1214.0000"," ","0.0000","0.0000","500","609500","1219.0000"
"20200916","01","12","    39470","JP3494200003","1341.0000","1360.0000","1341.0000","1360.0000","1360.0000","1360.0000","1360.0000","1360.0000","1341.0000","1360.0000","1341.0000","1360.0000"," ","0.0000","0.0000","1200","1616800","1347.3333"
"20200916","01","12","    39480","JP3783450004","413.0000","417.0000","412.0000","417.0000","414.0000","415.0000","408.0000","408.0000","413.0000","417.0000","408.0000","408.0000"," ","0.0000","0.0000","12100","4998200","413.0744"
"20200916","01","12","    39510","JP3110600008","906.0000","910.0000","906.0000","910.0000","910.0000","910.0000","910.0000","910.0000","906.0000","910.0000","906.0000","910.0000"," ","0.0000","0.0000","800","726600","908.2500"
"20200916","01","12","    39530","JP3190450001","650.0000","650.0000","650.0000","650.0000","654.0000","654.0000","650.0000","650.0000","650.0000","654.0000","650.0000","650.0000"," ","0.0000","0.0000","1600","1040800","650.5000"
"20200916","01","12","    39540","JP3368600007","1820.0000","1820.0000","1786.0000","1787.0000","0.0000","0.0000","0.0000","0.0000","1820.0000","1820.0000","1786.0000","1787.0000"," ","0.0000","0.0000","700","1267300","1810.4286"
"20200916","01","12","    39550","JP3149150009","938.0000","947.0000","911.0000","916.0000","913.0000","917.0000","903.0000","911.0000","938.0000","947.0000","903.0000","911.0000"," ","0.0000","0.0000","256600","235355000","917.2058"
"20200916","01","12","    39560","JP3294500008","298.0000","298.0000","294.0000","295.0000","295.0000","299.0000","291.0000","291.0000","298.0000","299.0000","291.0000","291.0000"," ","0.0000","0.0000","9700","2848600","293.6701"
"20200916","01","12","    39600","JP3778440002","3065.0000","3065.0000","3045.0000","3045.0000","3035.0000","3055.0000","3035.0000","3040.0000","3065.0000","3065.0000","3035.0000","3040.0000"," ","0.0000","0.0000","4300","13106500","3048.0233"
"20200916","01","12","    39610","JP3369580000","2226.0000","2254.0000","2210.0000","2239.0000","2239.0000","2275.0000","2230.0000","2275.0000","2226.0000","2275.0000","2210.0000","2275.0000"," ","0.0000","0.0000","21700","48743000","2246.2212"
"20200916","01","12","    39650","JP3244420000","1084.0000","1084.0000","1067.0000","1075.0000","1070.0000","1080.0000","1060.0000","1060.0000","1084.0000","1084.0000","1060.0000","1060.0000"," ","0.0000","0.0000","17800","19140100","1075.2865"
"20200916","01","12","    39660","JP3944390008","3570.0000","3670.0000","3490.0000","3625.0000","3625.0000","3660.0000","3620.0000","3625.0000","3570.0000","3670.0000","3490.0000","3625.0000"," ","0.0000","0.0000","204900","738908500","3606.1908"
"20200916","01","12","    39670","JP3167700008","1407.0000","1459.0000","1407.0000","1450.0000","1450.0000","1464.0000","1442.0000","1464.0000","1407.0000","1464.0000","1407.0000","1464.0000"," ","0.0000","0.0000","108900","157552400","1446.7622"
"20200916","01","12","    39700","JP3147900009","3515.0000","3550.0000","3450.0000","3525.0000","3540.0000","3565.0000","3470.0000","3505.0000","3515.0000","3565.0000","3450.0000","3505.0000"," ","0.0000","0.0000","32700","114835500","3511.7890"
"20200916","01","12","    39740","JP3544970001","1380.0000","1380.0000","1380.0000","1380.0000","1380.0000","1387.0000","1380.0000","1380.0000","1380.0000","1387.0000","1380.0000","1380.0000"," ","0.0000","0.0000","1100","1519600","1381.4545"
"20200916","01","12","    39760","JP3359750001","1975.0000","1977.0000","1910.0000","1930.0000","1930.0000","1944.0000","1908.0000","1935.0000","1975.0000","1977.0000","1908.0000","1935.0000"," ","0.0000","0.0000","60800","117542700","1933.2681"
"20200916","01","12","    39790","JP3159920002","3230.0000","3300.0000","3215.0000","3220.0000","3280.0000","3285.0000","3155.0000","3255.0000","3230.0000","3300.0000","3155.0000","3255.0000"," ","0.0000","0.0000","10200","33042500","3239.4608"
"20200916","01","12","    39860","JP3799760008","1636.0000","1669.0000","1631.0000","1651.0000","1630.0000","1655.0000","1611.0000","1631.0000","1636.0000","1669.0000","1611.0000","1631.0000"," ","0.0000","0.0000","6300","10322100","1638.4286"
"20200916","01","12","    39870","JP3161290006","1050.0000","1067.0000","1048.0000","1056.0000","1057.0000","1074.0000","1054.0000","1061.0000","1050.0000","1074.0000","1048.0000","1061.0000"," ","0.0000","0.0000","52500","55580500","1058.6762"
"20200916","01","12","    39880","JP3164200002","1564.0000","1576.0000","1512.0000","1517.0000","1514.0000","1525.0000","1429.0000","1466.0000","1564.0000","1576.0000","1429.0000","1466.0000"," ","0.0000","0.0000","76100","114786200","1508.3601"
"20200916","01","12","    39890","JP3347190005","436.0000","443.0000","426.0000","436.0000","433.0000","438.0000","413.0000","432.0000","436.0000","443.0000","413.0000","432.0000"," ","0.0000","0.0000","764700","329644200","431.0765"
"20200916","01","12","    39900","JP3154080000","2270.0000","2299.0000","2248.0000","2267.0000","2262.0000","2269.0000","2249.0000","2259.0000","2270.0000","2299.0000","2248.0000","2259.0000"," ","0.0000","0.0000","125300","284068400","2267.1061"
"20200916","01","12","    39910","JP3155850005","1279.0000","1279.0000","1253.0000","1256.0000","1255.0000","1273.0000","1255.0000","1265.0000","1279.0000","1279.0000","1253.0000","1265.0000"," ","0.0000","0.0000","8700","10995000","1263.7931"
"20200916","01","12","    39930","JP3780050005","2638.0000","2672.0000","2621.0000","2648.0000","2650.0000","2671.0000","2646.0000","2653.0000","2638.0000","2672.0000","2621.0000","2653.0000"," ","0.0000","0.0000","154800","410535900","2652.0407"
"20200916","01","12","    39940","JP3869960009","7120.0000","7430.0000","7060.0000","7350.0000","7390.0000","7410.0000","7290.0000","7400.0000","7120.0000","7430.0000","7060.0000","7400.0000"," ","0.0000","0.0000","132300","969166000","7325.5178"
"20200916","01","12","    39950","JP3396650008","732.0000","755.0000","726.0000","730.0000","732.0000","736.0000","725.0000","732.0000","732.0000","755.0000","725.0000","732.0000"," ","0.0000","0.0000","321500","236943200","736.9928"
"20200916","01","12","    39970","JP3637220009","888.0000","900.0000","875.0000","889.0000","890.0000","900.0000","889.0000","900.0000","888.0000","900.0000","875.0000","900.0000"," ","0.0000","0.0000","4800","4276800","891.0000"
"20200916","01","12","    39980","JP3410450005","5460.0000","5540.0000","5330.0000","5360.0000","5370.0000","5460.0000","5320.0000","5380.0000","5460.0000","5540.0000","5320.0000","5380.0000"," ","0.0000","0.0000","196200","1064170000","5423.9042"
"20200916","01","12","    39990","JP3652100003","1040.0000","1149.0000","1023.0000","1097.0000","1097.0000","1097.0000","1005.0000","1036.0000","1040.0000","1149.0000","1005.0000","1036.0000"," ","0.0000","0.0000","101900","109773700","1077.2689"
"20200916","01","12","    40260","JP3289000006","802.0000","802.0000","786.0000","793.0000","793.0000","805.0000","790.0000","805.0000","802.0000","805.0000","786.0000","805.0000"," ","0.0000","0.0000","24300","19363900","796.8683"
"20200916","01","12","    40510","JP3386710002","13000.0000","13130.0000","12620.0000","12830.0000","12850.0000","12850.0000","12340.0000","12570.0000","13000.0000","13130.0000","12340.0000","12570.0000"," ","0.0000","0.0000","134300","1717689000","12789.9404"
"20200916","01","12","    40520","JP3803080005","3300.0000","3375.0000","3225.0000","3245.0000","3265.0000","3270.0000","3175.0000","3240.0000","3300.0000","3375.0000","3175.0000","3240.0000"," ","0.0000","0.0000","63800","209115000","3277.6646"
"20200916","01","12","    40530","JP3323800007","3550.0000","3580.0000","3420.0000","3455.0000","3445.0000","3455.0000","3285.0000","3400.0000","3550.0000","3580.0000","3285.0000","3400.0000"," ","0.0000","0.0000","1314300","4510835500","3432.1201"
"20200916","01","12","    40540","JP3718700002","3670.0000","3695.0000","3515.0000","3605.0000","3600.0000","3620.0000","3265.0000","3420.0000","3670.0000","3695.0000","3265.0000","3420.0000"," ","0.0000","0.0000","511700","1785566500","3489.4792"
"20200916","01","12","    40550","JP3539210009","24680.0000","24840.0000","23350.0000","23650.0000","23600.0000","23640.0000","22520.0000","22690.0000","24680.0000","24840.0000","22520.0000","22690.0000"," ","0.0000","0.0000","463900","10983265000","23675.9323"
"20200916","01","12","    40560","JP3756370007","7470.0000","7480.0000","7210.0000","7310.0000","7310.0000","7330.0000","7240.0000","7290.0000","7470.0000","7480.0000","7210.0000","7290.0000"," ","0.0000","0.0000","353500","2587055000","7318.4017"
"20200916","01","12","    40570","JP3152710004","6280.0000","6440.0000","6120.0000","6250.0000","6260.0000","6260.0000","6080.0000","6090.0000","6280.0000","6440.0000","6080.0000","6090.0000"," ","0.0000","0.0000","321900","2008693000","6240.1149"
"20200916","01","12","    40800","JP3468810001","868.0000","872.0000","859.0000","871.0000","869.0000","880.0000","867.0000","876.0000","868.0000","880.0000","859.0000","876.0000"," ","0.0000","0.0000","40400","35206100","871.4381"
"20200916","01","12","    40940","JP3692000007","1024.0000","1032.0000","1021.0000","1025.0000","1030.0000","1033.0000","1023.0000","1023.0000","1024.0000","1033.0000","1021.0000","1023.0000"," ","0.0000","0.0000","4900","5025300","1025.5714"
"20200916","01","12","    41020","JP3872800002","0.0000","0.0000","0.0000","0.0000","0.0000","0.0000","0.0000","0.0000","0.0000","0.0000","0.0000","0.0000"," ","0.0000","0.0000","0","0","0.0000"
"20200916","01","12","    41070","JP3139300002","2932.0000","2932.0000","2876.0000","2883.0000","2883.0000","2926.0000","2883.0000","2890.0000","2932.0000","2932.0000","2876.0000","2890.0000"," ","0.0000","0.0000","3800","10989100","2891.8684"
"20200916","01","12","    41130","JP3452400009","11290.0000","11640.0000","11210.0000","11590.0000","11660.0000","11750.0000","11530.0000","11670.0000","11290.0000","11750.0000","11210.0000","11670.0000"," ","0.0000","0.0000","39000","450418000","11549.1795"
"20200916","01","12","    41150","JP3853400004","1274.0000","1283.0000","1274.0000","1280.0000","1280.0000","1283.0000","1279.0000","1279.0000","1274.0000","1283.0000","1274.0000","1279.0000"," ","0.0000","0.0000","2600","3322100","1277.7308"
"20200916","01","12","    41190","JP3747000002","0.0000","0.0000","0.0000","0.0000","0.0000","0.0000","0.0000","0.0000","0.0000","0.0000","0.0000","0.0000"," ","0.0000","0.0000","0","0","0.0000"
"20200916","01","12","    41200","JP3396600003","1330.0000","1330.0000","1312.0000","1319.0000","1318.0000","1319.0000","1310.0000","1310.0000","1330.0000","1330.0000","1310.0000","1310.0000"," ","0.0000","0.0000","3900","5132400","1316.0000"
"20200916","01","12","    41240","JP3187100007","0.0000","0.0000","0.0000","0.0000","1385.0000","1385.0000","1379.0000","1379.0000","1385.0000","1385.0000","1379.0000","1379.0000"," ","0.0000","0.0000","300","414900","1383.0000"
"20200916","01","12","    42220","JP3299000004","332.0000","332.0000","324.0000","329.0000","332.0000","332.0000","320.0000","320.0000","332.0000","332.0000","320.0000","320.0000"," ","0.0000","0.0000","15100","4939800","327.1391"
"20200916","01","12","    42240","JP3985200009","1652.0000","1652.0000","1652.0000","1652.0000","1650.0000","1653.0000","1650.0000","1653.0000","1652.0000","1653.0000","1650.0000","1653.0000"," ","0.0000","0.0000","2200","3630800","1650.3636"
"20200916","01","12","    42340","JP3324600000","520.0000","520.0000","514.0000","517.0000","515.0000","521.0000","515.0000","515.0000","520.0000","521.0000","514.0000","515.0000"," ","0.0000","0.0000","4000","2070800","517.7000"
"20200916","01","12","    42350","JP3473600009","812.0000","813.0000","810.0000","811.0000","813.0000","819.0000","813.0000","816.0000","812.0000","819.0000","810.0000","816.0000"," ","0.0000","0.0000","7200","5860100","813.9028"
"20200916","01","12","    42370","JP3820720005","300.0000","302.0000","296.0000","299.0000","299.0000","299.0000","295.0000","299.0000","300.0000","302.0000","295.0000","299.0000"," ","0.0000","0.0000","33900","10112300","298.2979"
"20200916","01","12","    42400","JP3268810003","381.0000","386.0000","379.0000","383.0000","385.0000","393.0000","385.0000","392.0000","381.0000","393.0000","379.0000","392.0000"," ","0.0000","0.0000","32500","12553100","386.2492"
"20200916","01","12","    42410","JP3121300002","940.0000","972.0000","930.0000","933.0000","933.0000","941.0000","933.0000","941.0000","940.0000","972.0000","930.0000","941.0000"," ","0.0000","0.0000","42100","39770900","944.6770"
"20200916","01","12","    42420","JP3453900007","1705.0000","1705.0000","1705.0000","1705.0000","1705.0000","1711.0000","1705.0000","1711.0000","1705.0000","1711.0000","1705.0000","1711.0000"," ","0.0000","0.0000","1000","1706200","1706.2000"
"20200916","01","12","    42430","JP3668300001","1246.0000","1246.0000","1159.0000","1182.0000","1190.0000","1190.0000","1136.0000","1160.0000","1246.0000","1246.0000","1136.0000","1160.0000"," ","0.0000","0.0000","202100","239579300","1185.4493"
"20200916","01","12","    42500","JP3829500002","0.0000","0.0000","0.0000","0.0000","0.0000","0.0000","0.0000","0.0000","0.0000","0.0000","0.0000","0.0000"," ","0.0000","0.0000","0","0","0.0000"
"20200916","01","12","    42510","JP3281610000","1502.0000","1506.0000","1475.0000","1494.0000","1496.0000","1500.0000","1459.0000","1484.0000","1502.0000","1506.0000","1459.0000","1484.0000"," ","0.0000","0.0000","69700","103322600","1482.3902"
"20200916","01","12","    42740","JP3846200008","1072.0000","1089.0000","1071.0000","1088.0000","1088.0000","1092.0000","1075.0000","1087.0000","1072.0000","1092.0000","1071.0000","1087.0000"," ","0.0000","0.0000","36600","39621900","1082.5656"
"20200916","01","12","    42870","JP3388470001","534.0000","535.0000","521.0000","532.0000","534.0000","534.0000","523.0000","532.0000","534.0000","535.0000","521.0000","532.0000"," ","0.0000","0.0000","79800","42184700","528.6303"
"20200916","01","12","    42880","JP3119910002","1328.0000","1350.0000","1327.0000","1342.0000","1342.0000","1368.0000","1336.0000","1340.0000","1328.0000","1368.0000","1327.0000","1340.0000"," ","0.0000","0.0000","16600","22344200","1346.0361"
"20200916","01","12","    42930","JP3423300007","330.0000","333.0000","322.0000","324.0000","324.0000","326.0000","321.0000","325.0000","330.0000","333.0000","321.0000","325.0000"," ","0.0000","0.0000","1802100","588135400","326.3611"
"20200916","01","12","    43040","JP3130500006","1501.0000","1534.0000","1497.0000","1523.0000","1525.0000","1544.0000","1525.0000","1532.0000","1501.0000","1544.0000","1497.0000","1532.0000"," ","0.0000","0.0000","14200","21655300","1525.0211"
"20200916","01","12","    43080","JP3386170009","3730.0000","3830.0000","3635.0000","3755.0000","3755.0000","3840.0000","3755.0000","3800.0000","3730.0000","3840.0000","3635.0000","3800.0000"," ","0.0000","0.0000","373300","1403404500","3759.4549"
"20200916","01","12","    43160","JP3799750009","767.0000","781.0000","762.0000","777.0000","777.0000","779.0000","770.0000","774.0000","767.0000","781.0000","762.0000","774.0000"," ","0.0000","0.0000","21500","16582100","771.2605"
"20200916","01","12","    43170","JP3979230004","381.0000","388.0000","375.0000","382.0000","384.0000","387.0000","378.0000","379.0000","381.0000","388.0000","375.0000","379.0000"," ","0.0000","0.0000","36800","14076400","382.5109"
"20200916","01","12","    43270","JP3688320005","2518.0000","2518.0000","2517.0000","2518.0000","2503.0000","2513.0000","2500.0000","2513.0000","2518.0000","2518.0000","2500.0000","2513.0000"," ","0.0000","0.0000","1400","3515300","2510.9286"
"20200916","01","12","    43340","JP3944350002","454.0000","454.0000","453.0000","454.0000","456.0000","467.0000","456.0000","457.0000","454.0000","467.0000","453.0000","457.0000"," ","0.0000","0.0000","6100","2805800","459.9672"
"20200916","01","12","    43350","JP3104980002","896.0000","898.0000","877.0000","890.0000","890.0000","957.0000","890.0000","946.0000","896.0000","957.0000","877.0000","946.0000"," ","0.0000","0.0000","103700","96406700","929.6692"
"20200916","01","12","    43360","JP3269830000","564.0000","567.0000","563.0000","565.0000","568.0000","585.0000","568.0000","576.0000","564.0000","585.0000","563.0000","576.0000"," ","0.0000","0.0000","5900","3398800","576.0678"
"20200916","01","12","    43410","JP3418100008","913.0000","913.0000","913.0000","913.0000","901.0000","913.0000","901.0000","913.0000","913.0000","913.0000","901.0000","913.0000"," ","0.0000","0.0000","400","362800","907.0000"
"20200916","01","12","    43420","JP3421850003","3420.0000","3425.0000","3420.0000","3425.0000","3410.0000","3410.0000","3395.0000","3395.0000","3420.0000","3425.0000","3395.0000","3395.0000"," ","0.0000","0.0000","800","2728000","3410.0000"
"20200916","01","12","    43470","JP3268830001","109.0000","110.0000","107.0000","109.0000","108.0000","109.0000","107.0000","108.0000","109.0000","110.0000","107.0000","108.0000"," ","0.0000","0.0000","1447100","156877700","108.4083"
"20200916","01","12","    43510","JP3938900002","572.0000","573.0000","556.0000","572.0000","571.0000","593.0000","571.0000","593.0000","572.0000","593.0000","556.0000","593.0000"," ","0.0000","0.0000","4900","2809900","573.4490"
"20200916","01","12","    43550","JP3756070003","318.0000","320.0000","318.0000","318.0000","319.0000","320.0000","318.0000","320.0000","318.0000","320.0000","318.0000","320.0000"," ","0.0000","0.0000","5000","1592800","318.5600"
"20200916","01","12","    43560","JP3174500003","2895.0000","2998.0000","2895.0000","2987.0000","2976.0000","2990.0000","2959.0000","2990.0000","2895.0000","2998.0000","2895.0000","2990.0000"," ","0.0000","0.0000","15400","45581600","2959.8442"
"20200916","01","12","    43610","JP3222600003","1043.0000","1043.0000","1007.0000","1037.0000","1017.0000","1027.0000","1003.0000","1027.0000","1043.0000","1043.0000","1003.0000","1027.0000"," ","0.0000","0.0000","2300","2353600","1023.3043"
"20200916","01","12","    43640","JP3869900005","1019.0000","1019.0000","1006.0000","1007.0000","1009.0000","1015.0000","1005.0000","1010.0000","1019.0000","1019.0000","1005.0000","1010.0000"," ","0.0000","0.0000","12500","12622300","1009.7840"
"20200916","01","12","    43650","JP3869100002","0.0000","0.0000","0.0000","0.0000","0.0000","0.0000","0.0000","0.0000","0.0000","0.0000","0.0000","0.0000"," ","0.0000","0.0000","0","0","0.0000"
"20200916","01","12","    43660","JP3486500006","1185.0000","1225.0000","1166.0000","1166.0000","1162.0000","1186.0000","1162.0000","1180.0000","1185.0000","1225.0000","1162.0000","1180.0000"," ","0.0000","0.0000","154200","183404300","1189.3923"
"20200916","01","12","    43670","JP3286100007","3095.0000","3120.0000","3040.0000","3120.0000","3115.0000","3120.0000","3050.0000","3070.0000","3095.0000","3120.0000","3040.0000","3070.0000"," ","0.0000","0.0000","23500","72305000","3076.8085"
"20200916","01","12","    43800","JP3167490006","0.0000","0.0000","0.0000","0.0000","1090.0000","1090.0000","1090.0000","1090.0000","1090.0000","1090.0000","1090.0000","1090.0000"," ","0.0000","0.0000","29500","32155000","1090.0000"
"20200916","01","12","    43810","JP3799780006","3150.0000","3220.0000","3060.0000","3090.0000","3090.0000","3135.0000","3080.0000","3130.0000","3150.0000","3220.0000","3060.0000","3130.0000"," ","0.0000","0.0000","66400","208524500","3140.4292"
"20200916","01","12","    43830","JP3800420006","0.0000","0.0000","0.0000","0.0000","0.0000","0.0000","0.0000","0.0000","0.0000","0.0000","0.0000","0.0000"," ","0.0000","0.0000","0","0","0.0000"
"20200916","01","12","    43850","JP3921290007","4775.0000","4900.0000","4775.0000","4880.0000","4865.0000","4885.0000","4840.0000","4870.0000","4775.0000","4900.0000","4775.0000","4870.0000"," ","0.0000","0.0000","1191100","5787898000","4859.2881"
"20200916","01","12","    43860","JP3161590009","825.0000","841.0000","809.0000","834.0000","834.0000","885.0000","834.0000","881.0000","825.0000","885.0000","809.0000","881.0000"," ","0.0000","0.0000","282400","242597800","859.0574"
"20200916","01","12","    43870","JP3411810009","3850.0000","3980.0000","3850.0000","3945.0000","3930.0000","4000.0000","3900.0000","3935.0000","3850.0000","4000.0000","3850.0000","3935.0000"," ","0.0000","0.0000","8300","32785500","3950.0602"
"20200916","01","12","    43880","JP3160020008","2520.0000","2551.0000","2504.0000","2528.0000","2537.0000","2567.0000","2530.0000","2567.0000","2520.0000","2567.0000","2504.0000","2567.0000"," ","0.0000","0.0000","72800","184746700","2537.7294"
"20200916","01","12","    43890","JP3833820008","1939.0000","2015.0000","1937.0000","1978.0000","1978.0000","1978.0000","1909.0000","1941.0000","1939.0000","2015.0000","1909.0000","1941.0000"," ","0.0000","0.0000","51500","101157900","1964.2311"
"20200916","01","12","    43900","JP3104910009","2227.0000","2245.0000","2179.0000","2205.0000","2220.0000","2227.0000","2183.0000","2191.0000","2227.0000","2245.0000","2179.0000","2191.0000"," ","0.0000","0.0000","114000","251976200","2210.3175"
"20200916","01","12","    43910","JP3984140008","1717.0000","1720.0000","1670.0000","1707.0000","1708.0000","1708.0000","1685.0000","1704.0000","1717.0000","1720.0000","1670.0000","1704.0000"," ","0.0000","0.0000","47200","79957300","1694.0106"
"20200916","01","12","    43930","JP3778460000","4985.0000","5070.0000","4700.0000","4865.0000","4860.0000","4905.0000","4735.0000","4805.0000","4985.0000","5070.0000","4700.0000","4805.0000"," ","0.0000","0.0000","532200","2588846500","4864.4241"
"20200916","01","12","    43940","JP3161310002","1400.0000","1429.0000","1388.0000","1427.0000","1427.0000","1432.0000","1403.0000","1420.0000","1400.0000","1432.0000","1388.0000","1420.0000"," ","0.0000","0.0000","5000","7103800","1420.7600"
"20200916","01","12","    43950","JP3108180005","1005.0000","1053.0000","978.0000","1021.0000","1025.0000","1126.0000","1012.0000","1058.0000","1005.0000","1126.0000","978.0000","1058.0000"," ","0.0000","0.0000","1235400","1299555800","1051.9312"
"20200916","01","12","    43970","JP3507200008","2252.0000","2360.0000","2239.0000","2358.0000","2350.0000","2397.0000","2346.0000","2376.0000","2252.0000","2397.0000","2239.0000","2376.0000"," ","0.0000","0.0000","632400","1477184600","2335.8390"
"20200916","01","12","    43980","JP3831470004","2479.0000","2565.0000","2479.0000","2534.0000","2540.0000","2578.0000","2531.0000","2570.0000","2479.0000","2578.0000","2479.0000","2570.0000"," ","0.0000","0.0000","32500","82791200","2547.4215"
"20200916","01","12","    43990","JP3266300007","962.0000","967.0000","950.0000","951.0000","954.0000","954.0000","940.0000","940.0000","962.0000","967.0000","940.0000","940.0000"," ","0.0000","0.0000","16200","15397600","950.4691"
"20200916","01","12","    44090","JP3599800004","453.0000","456.0000","450.0000","453.0000","454.0000","454.0000","450.0000","452.0000","453.0000","456.0000","450.0000","452.0000"," ","0.0000","0.0000","15600","7037100","451.0962"
"20200916","01","12","    44210","JP3548810005","1415.0000","1434.0000","1403.0000","1415.0000","1424.0000","1489.0000","1424.0000","1489.0000","1415.0000","1489.0000","1403.0000","1489.0000"," ","0.0000","0.0000","33500","48426100","1445.5552"
"20200916","01","12","    44220","JP3778470009","1200.0000","1228.0000","1190.0000","1228.0000","1230.0000","1234.0000","1215.0000","1220.0000","1200.0000","1234.0000","1190.0000","1220.0000"," ","0.0000","0.0000","8500","10233500","1203.9412"
"20200916","01","12","    44240","JP3124740006","3580.0000","3650.0000","3560.0000","3600.0000","3605.0000","3605.0000","3570.0000","3570.0000","3580.0000","3650.0000","3560.0000","3570.0000"," ","0.0000","0.0000","65300","234609500","3592.7948"
"20200916","01","12","    44250","JP3266220007","4275.0000","4485.0000","4215.0000","4430.0000","4430.0000","4520.0000","4430.0000","4475.0000","4275.0000","4520.0000","4215.0000","4475.0000"," ","0.0000","0.0000","160800","712030500","4428.0504"
"20200916","01","12","    44260","JP3781440007","0.0000","0.0000","0.0000","0.0000","0.0000","0.0000","0.0000","0.0000","0.0000","0.0000","0.0000","0.0000"," ","0.0000","0.0000","0","0","0.0000"
"20200916","01","12","    44270","JP3164480000","7620.0000","7620.0000","7440.0000","7490.0000","7490.0000","7620.0000","7470.0000","7510.0000","7620.0000","7620.0000","7440.0000","7510.0000"," ","0.0000","0.0000","28300","213340000","7538.5159"
"20200916","01","12","    44280","JP3977010002","1701.0000","1810.0000","1678.0000","1791.0000","1791.0000","1791.0000","1751.0000","1761.0000","1701.0000","1810.0000","1678.0000","1761.0000"," ","0.0000","0.0000","132500","233235600","1760.2687"
"20200916","01","12","    44290","JP3974510004","4800.0000","4830.0000","4750.0000","4790.0000","4770.0000","4840.0000","4760.0000","4800.0000","4800.0000","4840.0000","4750.0000","4800.0000"," ","0.0000","0.0000","27100","129678500","4785.1845"
"20200916","01","12","    44310","JP3400110007","3340.0000","3365.0000","3270.0000","3280.0000","3285.0000","3330.0000","3265.0000","3315.0000","3340.0000","3365.0000","3265.0000","3315.0000"," ","0.0000","0.0000","85100","281438000","3307.1445"
"20200916","01","12","    44340","JP3310250000","6790.0000","6980.0000","6770.0000","6950.0000","6950.0000","7100.0000","6880.0000","7080.0000","6790.0000","7100.0000","6770.0000","7080.0000"," ","0.0000","0.0000","69500","484599000","6972.6475"
"20200916","01","12","    44350","JP3205900008","4935.0000","5280.0000","4840.0000","5240.0000","5230.0000","5280.0000","5170.0000","5210.0000","4935.0000","5280.0000","4840.0000","5210.0000"," ","0.0000","0.0000","146900","752328500","5121.3649"
"20200916","01","12","    44360","JP3911000002","1925.0000","1956.0000","1910.0000","1916.0000","1914.0000","1947.0000","1908.0000","1937.0000","1925.0000","1956.0000","1908.0000","1937.0000"," ","0.0000","0.0000","347700","671355900","1930.8481"
"20200916","01","12","    44370","JP3273760003","1024.0000","1024.0000","1014.0000","1022.0000","1022.0000","1029.0000","1000.0000","1025.0000","1024.0000","1029.0000","1000.0000","1025.0000"," ","0.0000","0.0000","7100","7229500","1018.2394"
"20200916","01","12","    44380","JP3155410008","1825.0000","1857.0000","1803.0000","1829.0000","1817.0000","1825.0000","1793.0000","1798.0000","1825.0000","1857.0000","1793.0000","1798.0000"," ","0.0000","0.0000","21700","39315300","1811.7650"
"20200916","01","12","    44420","JP3778480008","2262.0000","2348.0000","2253.0000","2296.0000","2300.0000","2300.0000","2280.0000","2280.0000","2262.0000","2348.0000","2253.0000","2280.0000"," ","0.0000","0.0000","103700","237552400","2290.7657"
"20200916","01","12","    44430","JP3332540008","5960.0000","6230.0000","5920.0000","6180.0000","6130.0000","6210.0000","6070.0000","6170.0000","5960.0000","6230.0000","5920.0000","6170.0000"," ","0.0000","0.0000","209600","1283496000","6123.5496"
"20200916","01","12","    44440","JP3153490002","1629.0000","1629.0000","1585.0000","1616.0000","1629.0000","1681.0000","1629.0000","1676.0000","1629.0000","1681.0000","1585.0000","1676.0000"," ","0.0000","0.0000","17600","28714900","1631.5284"
"20200916","01","12","    44450","JP3974710000","3895.0000","3950.0000","3735.0000","3860.0000","3850.0000","3900.0000","3755.0000","3865.0000","3895.0000","3950.0000","3735.0000","3865.0000"," ","0.0000","0.0000","33500","128915500","3848.2239"
"20200916","01","12","    44480","JP3512900006","1625.0000","1713.0000","1620.0000","1686.0000","1686.0000","1709.0000","1686.0000","1706.0000","1625.0000","1713.0000","1620.0000","1706.0000"," ","0.0000","0.0000","1759200","2968348400","1687.3286"
"20200916","01","12","    44490","JP3264870001","2777.0000","3080.0000","2777.0000","2993.0000","3000.0000","3080.0000","2982.0000","3070.0000","2777.0000","3080.0000","2777.0000","3070.0000"," ","0.0000","0.0000","1714200","5099525000","2974.8717"
"20200916","01","12","    44500","JP3782930006","2697.0000","2703.0000","2656.0000","2656.0000","2680.0000","2680.0000","2615.0000","2620.0000","2697.0000","2703.0000","2615.0000","2620.0000"," ","0.0000","0.0000","5100","13557700","2658.3725"
"20200916","01","12","    44640","JP3436030005","944.0000","944.0000","938.0000","940.0000","942.0000","945.0000","941.0000","944.0000","944.0000","945.0000","938.0000","944.0000"," ","0.0000","0.0000","2500","2355100","942.0400"
"20200916","01","12","    44750","JP3835150008","5310.0000","5370.0000","5230.0000","5270.0000","5300.0000","5430.0000","5290.0000","5430.0000","5310.0000","5430.0000","5230.0000","5430.0000"," ","0.0000","0.0000","205800","1099176000","5340.9913"
"20200916","01","12","    44760","JP3160030007","1987.0000","1996.0000","1970.0000","1980.0000","1990.0000","2004.0000","1982.0000","1995.0000","1987.0000","2004.0000","1970.0000","1995.0000"," ","0.0000","0.0000","68400","135929600","1987.2749"
"20200916","01","12","    44770","JP3835260005","9690.0000","10290.0000","9630.0000","10290.0000","10280.0000","10450.0000","10180.0000","10450.0000","9690.0000","10450.0000","9630.0000","10450.0000"," ","0.0000","0.0000","921600","9359900000","10156.1415"
"20200916","01","12","    44780","JP3826520003","5960.0000","6130.0000","5920.0000","5950.0000","6000.0000","6010.0000","5930.0000","6010.0000","5960.0000","6130.0000","5920.0000","6010.0000"," ","0.0000","0.0000","166100","997887000","6007.7483"
"20200916","01","12","    44790","JP3862920000","9990.0000","10130.0000","9540.0000","9790.0000","9790.0000","9830.0000","9640.0000","9830.0000","9990.0000","10130.0000","9540.0000","9830.0000"," ","0.0000","0.0000","485600","4735821000","9752.5144"
"20200916","01","12","    44800","JP3921310003","4360.0000","4615.0000","4355.0000","4565.0000","4620.0000","4665.0000","4555.0000","4625.0000","4360.0000","4665.0000","4355.0000","4625.0000"," ","0.0000","0.0000","727100","3303088000","4542.8249"
"20200916","01","12","    44810","JP3835210000","5560.0000","5770.0000","5510.0000","5590.0000","5590.0000","5620.0000","5530.0000","5600.0000","5560.0000","5770.0000","5510.0000","5600.0000"," ","0.0000","0.0000","77900","438179000","5624.8909"
"20200916","01","12","    44820","JP3154190007","822.0000","824.0000","789.0000","809.0000","808.0000","830.0000","807.0000","830.0000","822.0000","830.0000","789.0000","830.0000"," ","0.0000","0.0000","190000","154313600","812.1768"
"20200916","01","12","    44830","JP3386690006","8490.0000","8630.0000","8400.0000","8510.0000","8510.0000","8530.0000","8360.0000","8410.0000","8490.0000","8630.0000","8360.0000","8410.0000"," ","0.0000","0.0000","166300","1412734000","8495.0932"
"20200916","01","12","    44840","JP3968650006","1316.0000","1438.0000","1301.0000","1419.0000","1445.0000","1462.0000","1419.0000","1443.0000","1316.0000","1462.0000","1301.0000","1443.0000"," ","0.0000","0.0000","638600","899196100","1408.0741"
"20200916","01","12","    44850","JP3386700003","4880.0000","5070.0000","4840.0000","5030.0000","5010.0000","5100.0000","5010.0000","5060.0000","4880.0000","5100.0000","4840.0000","5060.0000"," ","0.0000","0.0000","275100","1374097000","4994.9000"
"20200916","01","12","    44860","JP3949550002","1388.0000","1442.0000","1381.0000","1421.0000","1428.0000","1489.0000","1423.0000","1467.0000","1388.0000","1489.0000","1381.0000","1467.0000"," ","0.0000","0.0000","204100","289132400","1416.6213"
"20200916","01","12","    44870","JP3400040006","945.0000","973.0000","945.0000","972.0000","974.0000","1003.0000","969.0000","991.0000","945.0000","1003.0000","945.0000","991.0000"," ","0.0000","0.0000","251000","245503500","978.1016"
"20200916","01","12","    44880","JP3160040006","43300.0000","43650.0000","42100.0000","42300.0000","42300.0000","44250.0000","42250.0000","43350.0000","43300.0000","44250.0000","42100.0000","43350.0000"," ","0.0000","0.0000","78400","3385520000","43182.6531"
"20200916","01","12","    44900","JP3800220000","3230.0000","3315.0000","3225.0000","3290.0000","3300.0000","3315.0000","3250.0000","3260.0000","3230.0000","3315.0000","3225.0000","3260.0000"," ","0.0000","0.0000","98600","323162000","3277.5051"
"20200916","01","12","    44910","JP3306200001","2795.0000","2845.0000","2795.0000","2828.0000","2839.0000","2888.0000","2835.0000","2835.0000","2795.0000","2888.0000","2795.0000","2835.0000"," ","0.0000","0.0000","5700","16219600","2845.5439"
"20200916","01","12","    44920","JP3428000008","2070.0000","2116.0000","1985.0000","1985.0000","2025.0000","2069.0000","2005.0000","2035.0000","2070.0000","2116.0000","1985.0000","2035.0000"," ","0.0000","0.0000","32500","66312500","2040.3846"
"20200916","01","12","    44930","JP3311590008","5190.0000","5200.0000","5100.0000","5140.0000","5150.0000","5160.0000","5110.0000","5110.0000","5190.0000","5200.0000","5100.0000","5110.0000"," ","0.0000","0.0000","85600","439745000","5137.2079"
"20200916","01","12","    44950","JP3101050007","7060.0000","7250.0000","7010.0000","7250.0000","7250.0000","7280.0000","7190.0000","7200.0000","7060.0000","7280.0000","7010.0000","7200.0000"," ","0.0000","0.0000","34100","243769000","7148.6510"
"20200916","01","12","    44960","JP3302400001","7310.0000","7380.0000","7140.0000","7180.0000","7140.0000","7200.0000","7050.0000","7110.0000","7310.0000","7380.0000","7050.0000","7110.0000"," ","0.0000","0.0000","30800","220733000","7166.6558"
"20200916","01","12","    44970","JP3984130009","5270.0000","5650.0000","5250.0000","5520.0000","5550.0000","5670.0000","5530.0000","5620.0000","5270.0000","5670.0000","5250.0000","5620.0000"," ","0.0000","0.0000","198700","1105180000","5562.0533"
"20200916","01","12","    44990","JP3400010009","5100.0000","5270.0000","5090.0000","5160.0000","5200.0000","5270.0000","5160.0000","5210.0000","5100.0000","5270.0000","5090.0000","5210.0000"," ","0.0000","0.0000","59600","309401000","5191.2919"
"20200916","01","12","    45240","JP3924400009","2010.0000","2050.0000","2010.0000","2037.0000","2040.0000","2040.0000","2025.0000","2025.0000","2010.0000","2050.0000","2010.0000","2025.0000"," ","0.0000","0.0000","2100","4275400","2035.9048"
"20200916","01","12","    45560","JP3205650009","976.0000","978.0000","970.0000","976.0000","1022.0000","1022.0000","998.0000","1003.0000","976.0000","1022.0000","970.0000","1003.0000"," ","0.0000","0.0000","57900","58243300","1005.9292"
"20200916","01","12","    45570","JP3131450003","3285.0000","3360.0000","3275.0000","3325.0000","3340.0000","3355.0000","3310.0000","3340.0000","3285.0000","3360.0000","3275.0000","3340.0000"," ","0.0000","0.0000","31900","105934500","3320.8307"
"20200916","01","12","    45580","JP3519900009","397.0000","398.0000","395.0000","396.0000","397.0000","399.0000","395.0000","399.0000","397.0000","399.0000","395.0000","399.0000"," ","0.0000","0.0000","41400","16437500","397.0411"
"20200916","01","12","    45630","JP3127700007","1493.0000","1510.0000","1490.0000","1501.0000","1500.0000","1515.0000","1492.0000","1502.0000","1493.0000","1515.0000","1490.0000","1502.0000"," ","0.0000","0.0000","1432500","2151463300","1501.8941"
"20200916","01","12","    45640","JP3202150003","132.0000","135.0000","131.0000","135.0000","134.0000","134.0000","132.0000","133.0000","132.0000","135.0000","131.0000","133.0000"," ","0.0000","0.0000","1603600","213765700","133.3036"
"20200916","01","12","    45650","JP3431300007","1399.0000","1423.0000","1393.0000","1416.0000","1415.0000","1422.0000","1411.0000","1422.0000","1399.0000","1423.0000","1393.0000","1422.0000"," ","0.0000","0.0000","576800","816007500","1414.7148"
"20200916","01","12","    45700","JP3921300004","623.0000","628.0000","622.0000","624.0000","623.0000","628.0000","621.0000","627.0000","623.0000","628.0000","621.0000","627.0000"," ","0.0000","0.0000","45600","28515300","625.3355"
"20200916","01","12","    45710","JP3651120002","399.0000","407.0000","394.0000","406.0000","406.0000","410.0000","403.0000","408.0000","399.0000","410.0000","394.0000","408.0000"," ","0.0000","0.0000","1486300","599808200","403.5580"
"20200916","01","12","    45720","JP3220550002","1585.0000","1624.0000","1572.0000","1618.0000","1620.0000","1635.0000","1617.0000","1621.0000","1585.0000","1635.0000","1572.0000","1621.0000"," ","0.0000","0.0000","152100","245283300","1612.6450"
"20200916","01","12","    45750","JP3244570002","677.0000","696.0000","671.0000","696.0000","696.0000","706.0000","694.0000","703.0000","677.0000","706.0000","671.0000","703.0000"," ","0.0000","0.0000","60900","42254200","693.8292"
"20200916","01","12","    45760","JP3548740004","379.0000","392.0000","377.0000","387.0000","385.0000","390.0000","384.0000","390.0000","379.0000","392.0000","377.0000","390.0000"," ","0.0000","0.0000","158700","61212000","385.7089"
"20200916","01","12","    45790","JP3967150008","982.0000","993.0000","975.0000","991.0000","989.0000","996.0000","987.0000","989.0000","982.0000","996.0000","975.0000","989.0000"," ","0.0000","0.0000","112600","111263700","988.1323"
"20200916","01","12","    45820","JP3383050006","418.0000","422.0000","415.0000","420.0000","421.0000","427.0000","418.0000","424.0000","418.0000","427.0000","415.0000","424.0000"," ","0.0000","0.0000","500100","210669100","421.2539"
"20200916","01","12","    45830","JP3205350006","281.0000","284.0000","280.0000","283.0000","283.0000","289.0000","282.0000","287.0000","281.0000","289.0000","280.0000","287.0000"," ","0.0000","0.0000","624000","177301200","284.1365"
"20200916","01","12","    45840","JP3386460004","684.0000","690.0000","680.0000","687.0000","690.0000","690.0000","678.0000","689.0000","684.0000","690.0000","678.0000","689.0000"," ","0.0000","0.0000","92700","63521500","685.2373"
"20200916","01","12","    45860","JP3921220004","307.0000","314.0000","305.0000","310.0000","311.0000","311.0000","308.0000","309.0000","307.0000","314.0000","305.0000","309.0000"," ","0.0000","0.0000","173900","53840800","309.6078"
"20200916","01","12","    45880","JP3202170001","2090.0000","2142.0000","2078.0000","2141.0000","2141.0000","2173.0000","2141.0000","2173.0000","2090.0000","2173.0000","2078.0000","2173.0000"," ","0.0000","0.0000","300600","643887700","2142.0083"
"20200916","01","12","    45910","JP3974850004","520.0000","534.0000","515.0000","534.0000","532.0000","540.0000","527.0000","537.0000","520.0000","540.0000","515.0000","537.0000"," ","0.0000","0.0000","745300","394505000","529.3238"
"20200916","01","12","    45920","JP3336750009","2151.0000","2169.0000","2004.0000","2078.0000","2075.0000","2192.0000","2058.0000","2192.0000","2151.0000","2192.0000","2004.0000","2192.0000"," ","0.0000","0.0000","11183300","23526094000","2103.6808"
"20200916","01","12","    45930","JP3835100003","1930.0000","1966.0000","1920.0000","1955.0000","1955.0000","1964.0000","1932.0000","1958.0000","1930.0000","1966.0000","1920.0000","1958.0000"," ","0.0000","0.0000","269200","525361500","1951.5658"
"20200916","01","12","    45940","JP3274140007","252.0000","256.0000","252.0000","256.0000","256.0000","263.0000","255.0000","260.0000","252.0000","263.0000","252.0000","260.0000"," ","0.0000","0.0000","750300","193191600","257.4858"
"20200916","01","12","    45950","JP3885900005","1448.0000","1485.0000","1443.0000","1470.0000","1461.0000","1511.0000","1461.0000","1485.0000","1448.0000","1511.0000","1443.0000","1485.0000"," ","0.0000","0.0000","160300","237393600","1480.9333"
"20200916","01","12","    45960","JP3266500002","329.0000","333.0000","328.0000","330.0000","328.0000","335.0000","328.0000","335.0000","329.0000","335.0000","328.0000","335.0000"," ","0.0000","0.0000","435000","144132100","331.3382"
"20200916","01","12","    45970","JP3436500007","174.0000","179.0000","174.0000","178.0000","178.0000","180.0000","175.0000","178.0000","174.0000","180.0000","174.0000","178.0000"," ","0.0000","0.0000","1136600","201152400","176.9773"
"20200916","01","12","    45980","JP3549370009","2591.0000","2649.0000","2557.0000","2649.0000","2634.0000","2655.0000","2607.0000","2632.0000","2591.0000","2655.0000","2557.0000","2632.0000"," ","0.0000","0.0000","315500","826900600","2620.9211"
"20200916","01","12","    45990","JP3399690001","915.0000","1032.0000","908.0000","1032.0000","1032.0000","1032.0000","1032.0000","1032.0000","915.0000","1032.0000","908.0000","1032.0000"," ","0.0000","0.0000","4340000","4330907800","997.9050"
"20200916","01","12","    46160","JP3221800000","1202.0000","1224.0000","1202.0000","1224.0000","1223.0000","1223.0000","1196.0000","1196.0000","1202.0000","1224.0000","1196.0000","1196.0000"," ","0.0000","0.0000","1500","1808500","1205.6667"
"20200916","01","12","    46210","JP3984400006","760.0000","770.0000","760.0000","770.0000","0.0000","0.0000","0.0000","0.0000","760.0000","770.0000","760.0000","770.0000"," ","0.0000","0.0000","200","153000","765.0000"
"20200916","01","12","    46230","JP3116400007","1840.0000","1840.0000","1826.0000","1838.0000","1828.0000","1835.0000","1802.0000","1825.0000","1840.0000","1840.0000","1802.0000","1825.0000"," ","0.0000","0.0000","4300","7844400","1824.2791"
"20200916","01","12","    46240","JP3133200000","2870.0000","2870.0000","2832.0000","2832.0000","2869.0000","2869.0000","2869.0000","2869.0000","2870.0000","2870.0000","2832.0000","2869.0000"," ","0.0000","0.0000","700","2005100","2864.4286"
"20200916","01","12","    46250","JP3121800001","685.0000","685.0000","675.0000","681.0000","681.0000","686.0000","680.0000","681.0000","685.0000","686.0000","675.0000","681.0000"," ","0.0000","0.0000","8300","5663600","682.3614"
"20200916","01","12","    46270","JP3651050001","1105.0000","1111.0000","1100.0000","1100.0000","1100.0000","1111.0000","1099.0000","1100.0000","1105.0000","1111.0000","1099.0000","1100.0000"," ","0.0000","0.0000","4200","4632400","1102.9524"
"20200916","01","12","    46280","JP3162650000","38250.0000","38250.0000","38250.0000","38250.0000","38600.0000","38600.0000","38200.0000","38200.0000","38250.0000","38600.0000","38200.0000","38200.0000"," ","0.0000","0.0000","1000","38320000","38320.0000"
"20200916","01","12","    46290","JP3484300003","0.0000","0.0000","0.0000","0.0000","0.0000","0.0000","0.0000","0.0000","0.0000","0.0000","0.0000","0.0000"," ","0.0000","0.0000","0","0","0.0000"
"20200916","01","12","    46350","JP3571000003","2070.0000","2070.0000","2045.0000","2055.0000","2055.0000","2075.0000","2055.0000","2075.0000","2070.0000","2075.0000","2045.0000","2075.0000"," ","0.0000","0.0000","3600","7400000","2055.5556"
"20200916","01","12","    46400","JP3127800005","446.0000","449.0000","444.0000","447.0000","446.0000","446.0000","444.0000","445.0000","446.0000","449.0000","444.0000","445.0000"," ","0.0000","0.0000","4300","1915200","445.3953"
"20200916","01","12","    46420","JP3200200008","920.0000","920.0000","913.0000","918.0000","920.0000","930.0000","920.0000","922.0000","920.0000","930.0000","913.0000","922.0000"," ","0.0000","0.0000","2000","1843900","921.9500"
"20200916","01","12","    46440","JP3149000006","1248.0000","1271.0000","1236.0000","1262.0000","1263.0000","1276.0000","1260.0000","1264.0000","1248.0000","1276.0000","1236.0000","1264.0000"," ","0.0000","0.0000","189600","239753800","1264.5243"
"20200916","01","12","    46450","JP3141800007","365.0000","365.0000","365.0000","365.0000","364.0000","365.0000","364.0000","364.0000","365.0000","365.0000","364.0000","364.0000"," ","0.0000","0.0000","2600","948400","364.7692"
"20200916","01","12","    46500","JP3396400008","400.0000","402.0000","400.0000","400.0000","400.0000","401.0000","396.0000","396.0000","400.0000","402.0000","396.0000","396.0000"," ","0.0000","0.0000","2800","1118200","399.3571"
"20200916","01","12","    46570","JP3227300005","465.0000","465.0000","460.0000","463.0000","461.0000","462.0000","458.0000","461.0000","465.0000","465.0000","458.0000","461.0000"," ","0.0000","0.0000","6700","3089300","461.0896"
"20200916","01","12","    46590","JP3160720003","2899.0000","2899.0000","2798.0000","2798.0000","2788.0000","2788.0000","2722.0000","2754.0000","2899.0000","2899.0000","2722.0000","2754.0000"," ","0.0000","0.0000","20800","58258400","2800.8846"
"20200916","01","12","    46640","JP3100300007","630.0000","630.0000","611.0000","611.0000","613.0000","619.0000","609.0000","615.0000","630.0000","630.0000","609.0000","615.0000"," ","0.0000","0.0000","6200","3830000","617.7419"
"20200916","01","12","    46670","JP3101800005","1621.0000","1640.0000","1621.0000","1637.0000","1640.0000","1657.0000","1636.0000","1643.0000","1621.0000","1657.0000","1621.0000","1643.0000"," ","0.0000","0.0000","8200","13452400","1640.5366"
"20200916","01","12","    46690","JP3685100004","970.0000","975.0000","965.0000","974.0000","964.0000","965.0000","953.0000","955.0000","970.0000","975.0000","953.0000","955.0000"," ","0.0000","0.0000","2000","1929300","964.6500"
"20200916","01","12","    46730","JP3224900005","1913.0000","1913.0000","1913.0000","1913.0000","1873.0000","1873.0000","1871.0000","1871.0000","1913.0000","1913.0000","1871.0000","1871.0000"," ","0.0000","0.0000","700","1314700","1878.1429"
"20200916","01","12","    46850","JP3976500003","0.0000","0.0000","0.0000","0.0000","0.0000","0.0000","0.0000","0.0000","0.0000","0.0000","0.0000","0.0000"," ","0.0000","0.0000","0","0","0.0000"
"20200916","01","12","    46900","JP3745100002","0.0000","0.0000","0.0000","0.0000","4185.0000","4200.0000","4185.0000","4200.0000","4185.0000","4200.0000","4185.0000","4200.0000"," ","0.0000","0.0000","200","838500","4192.5000"
"20200916","01","12","    46910","JP3993700008","877.0000","893.0000","869.0000","888.0000","888.0000","888.0000","870.0000","876.0000","877.0000","893.0000","869.0000","876.0000"," ","0.0000","0.0000","21500","18884300","878.3395"
"20200916","01","12","    46990","JP3156600003","4400.0000","4420.0000","4285.0000","4300.0000","4300.0000","4335.0000","4270.0000","4290.0000","4400.0000","4420.0000","4270.0000","4290.0000"," ","0.0000","0.0000","58600","252927500","4316.1689"
"20200916","01","12","    47050","JP3270100005","713.0000","716.0000","711.0000","716.0000","0.0000","0.0000","0.0000","0.0000","713.0000","716.0000","711.0000","716.0000"," ","0.0000","0.0000","1000","713400","713.4000"
"20200916","01","12","    47070","JP3238100006","327.0000","327.0000","326.0000","326.0000","325.0000","330.0000","325.0000","326.0000","327.0000","330.0000","325.0000","326.0000"," ","0.0000","0.0000","9500","3103700","326.7053"
"20200916","01","12","    47120","JP3348900006","1131.0000","1169.0000","1131.0000","1152.0000","1152.0000","1159.0000","1141.0000","1144.0000","1131.0000","1169.0000","1131.0000","1144.0000"," ","0.0000","0.0000","102500","117985000","1151.0732"
"20200916","01","12","    47200","JP3393100007","419.0000","421.0000","419.0000","421.0000","419.0000","421.0000","419.0000","421.0000","419.0000","421.0000","419.0000","421.0000"," ","0.0000","0.0000","2800","1175900","419.9643"
"20200916","01","12","    47340","JP3799650001","573.0000","579.0000","569.0000","573.0000","580.0000","587.0000","580.0000","587.0000","573.0000","587.0000","569.0000","587.0000"," ","0.0000","0.0000","5700","3310600","580.8070"
"20200916","01","12","    47350","JP3249250006","534.0000","534.0000","526.0000","533.0000","533.0000","540.0000","533.0000","540.0000","534.0000","540.0000","526.0000","540.0000"," ","0.0000","0.0000","3700","1977500","534.4595"
"20200916","01","12","    47360","JP3754650004","660.0000","669.0000","652.0000","662.0000","665.0000","682.0000","660.0000","681.0000","660.0000","682.0000","652.0000","681.0000"," ","0.0000","0.0000","27800","18471700","664.4496"
"20200916","01","12","    47480","JP3288950003","2639.0000","2640.0000","2620.0000","2631.0000","2631.0000","2676.0000","2631.0000","2651.0000","2639.0000","2676.0000","2620.0000","2651.0000"," ","0.0000","0.0000","15000","39719200","2647.9467"
"20200916","01","12","    47500","JP3483200006","616.0000","620.0000","616.0000","620.0000","614.0000","617.0000","614.0000","615.0000","616.0000","620.0000","614.0000","615.0000"," ","0.0000","0.0000","1300","800500","615.7692"
"20200916","01","12","    47520","JP3366900003","717.0000","718.0000","717.0000","718.0000","720.0000","720.0000","712.0000","720.0000","717.0000","720.0000","712.0000","720.0000"," ","0.0000","0.0000","1200","859100","715.9167"
"20200916","01","12","    47540","JP3626950004","945.0000","945.0000","940.0000","940.0000","941.0000","941.0000","936.0000","936.0000","945.0000","945.0000","936.0000","936.0000"," ","0.0000","0.0000","4100","3857200","940.7805"
"20200916","01","12","    47600","JP3126320005","1477.0000","1477.0000","1477.0000","1477.0000","0.0000","0.0000","0.0000","0.0000","1477.0000","1477.0000","1477.0000","1477.0000"," ","0.0000","0.0000","100","147700","1477.0000"
"20200916","01","12","    47610","JP3317500001","940.0000","940.0000","925.0000","926.0000","920.0000","920.0000","920.0000","920.0000","940.0000","940.0000","920.0000","920.0000"," ","0.0000","0.0000","3900","3613100","926.4359"
"20200916","01","12","    47640","JP3549100000","142.0000","142.0000","138.0000","139.0000","139.0000","141.0000","138.0000","139.0000","142.0000","142.0000","138.0000","139.0000"," ","0.0000","0.0000","559200","78153600","139.7597"
"20200916","01","12","    47650","JP3922100007","441.0000","445.0000","438.0000","442.0000","449.0000","452.0000","448.0000","448.0000","441.0000","452.0000","438.0000","448.0000"," ","0.0000","0.0000","53100","23772100","447.6855"
"20200916","01","12","    47660","JP3801200001","174.0000","177.0000","174.0000","177.0000","177.0000","178.0000","175.0000","176.0000","174.0000","178.0000","174.0000","176.0000"," ","0.0000","0.0000","29000","5095200","175.6966"
"20200916","01","12","    47690","JP3153800002","879.0000","879.0000","866.0000","870.0000","874.0000","874.0000","866.0000","866.0000","879.0000","879.0000","866.0000","866.0000"," ","0.0000","0.0000","10300","8966100","870.4951"
"20200916","01","12","    47700","JP3167800006","346.0000","346.0000","341.0000","341.0000","341.0000","344.0000","340.0000","340.0000","346.0000","346.0000","340.0000","340.0000"," ","0.0000","0.0000","8200","2809000","342.5610"
"20200916","01","12","    47710","JP3166700009","1270.0000","1270.0000","1260.0000","1261.0000","1260.0000","1267.0000","1259.0000","1267.0000","1270.0000","1270.0000","1259.0000","1267.0000"," ","0.0000","0.0000","7500","9474600","1263.2800"
"20200916","01","12","    47720","JP3549050007","328.0000","340.0000","328.0000","329.0000","331.0000","342.0000","330.0000","335.0000","328.0000","342.0000","328.0000","335.0000"," ","0.0000","0.0000","472400","157395500","333.1827"
"20200916","01","12","    47770","JP3233700008","234.0000","236.0000","233.0000","233.0000","232.0000","235.0000","232.0000","235.0000","234.0000","236.0000","232.0000","235.0000"," ","0.0000","0.0000","36800","8594000","233.5326"
"20200916","01","12","    47810","JP3742500006","0.0000","0.0000","0.0000","0.0000","0.0000","0.0000","0.0000","0.0000","0.0000","0.0000","0.0000","0.0000"," ","0.0000","0.0000","0","0","0.0000"
"20200916","01","12","    47830","JP3709100006","543.0000","543.0000","536.0000","536.0000","537.0000","541.0000","537.0000","538.0000","543.0000","543.0000","536.0000","538.0000"," ","0.0000","0.0000","15300","8238200","538.4444"
"20200916","01","12","    47840","JP3863050005","504.0000","514.0000","504.0000","514.0000","512.0000","516.0000","511.0000","514.0000","504.0000","516.0000","504.0000","514.0000"," ","0.0000","0.0000","29100","14899900","512.0241"
"20200916","01","12","    48000","JP3200140006","931.0000","960.0000","931.0000","950.0000","950.0000","953.0000","943.0000","945.0000","931.0000","960.0000","931.0000","945.0000"," ","0.0000","0.0000","65100","61724200","948.1444"
"20200916","01","12","    48140","JP3758030005","242.0000","246.0000","234.0000","239.0000","237.0000","240.0000","236.0000","237.0000","242.0000","246.0000","234.0000","237.0000"," ","0.0000","0.0000","311600","74273700","238.3623"
"20200916","01","12","    48160","JP3560200002","6480.0000","6550.0000","6450.0000","6520.0000","6480.0000","6480.0000","6420.0000","6420.0000","6480.0000","6550.0000","6420.0000","6420.0000"," ","0.0000","0.0000","20200","130639000","6467.2772"
"20200916","01","12","    48240","JP3920930009","584.0000","601.0000","584.0000","590.0000","590.0000","594.0000","569.0000","575.0000","584.0000","601.0000","569.0000","575.0000"," ","0.0000","0.0000","117500","68845900","585.9226"
"20200916","01","12","    48320","JP3226650004","3820.0000","3820.0000","3820.0000","3820.0000","3820.0000","3820.0000","3730.0000","3745.0000","3820.0000","3820.0000","3730.0000","3745.0000"," ","0.0000","0.0000","2200","8322500","3782.9545"
"20200916","01","12","    48330","JP3781520006","247.0000","272.0000","240.0000","262.0000","267.0000","267.0000","245.0000","251.0000","247.0000","272.0000","240.0000","251.0000"," ","0.0000","0.0000","1584300","406684300","256.6965"
"20200916","01","12","    48370","JP3351650001","240.0000","240.0000","238.0000","240.0000","240.0000","242.0000","238.0000","242.0000","240.0000","242.0000","238.0000","242.0000"," ","0.0000","0.0000","46200","11078800","239.8009"
"20200916","01","12","    48380","JP3400070003","472.0000","472.0000","470.0000","470.0000","474.0000","474.0000","471.0000","472.0000","472.0000","474.0000","470.0000","472.0000"," ","0.0000","0.0000","3400","1603900","471.7353"
"20200916","01","12","    48400","JP3639450000","300.0000","302.0000","299.0000","299.0000","300.0000","305.0000","300.0000","305.0000","300.0000","305.0000","299.0000","305.0000"," ","0.0000","0.0000","6500","1959000","301.3846"
"20200916","01","12","    48800","JP3423580004","34950.0000","36150.0000","32850.0000","34050.0000","34000.0000","34750.0000","33100.0000","33500.0000","34950.0000","36150.0000","32850.0000","33500.0000"," ","0.0000","0.0000","282600","9687165000","34278.7155"
"20200916","01","12","    48830","JP3922600006","3025.0000","3045.0000","2880.0000","2925.0000","2924.0000","2941.0000","2741.0000","2772.0000","3025.0000","3045.0000","2741.0000","2772.0000"," ","0.0000","0.0000","4298600","12506670500","2909.4753"
"20200916","01","12","    49180","JP3104990001","667.0000","667.0000","667.0000","667.0000","668.0000","678.0000","668.0000","676.0000","667.0000","678.0000","667.0000","676.0000"," ","0.0000","0.0000","1900","1269400","668.1053"
"20200916","01","12","    49200","JP3712200009","1488.0000","1500.0000","1488.0000","1500.0000","1499.0000","1499.0000","1499.0000","1499.0000","1488.0000","1500.0000","1488.0000","1499.0000"," ","0.0000","0.0000","700","1047800","1496.8571"
"20200916","01","12","    49250","JP3765130004","4330.0000","4360.0000","4330.0000","4355.0000","4340.0000","4350.0000","4340.0000","4350.0000","4330.0000","4360.0000","4330.0000","4350.0000"," ","0.0000","0.0000","2800","12165000","4344.6429"
"20200916","01","12","    49310","JP3381200009","2550.0000","2560.0000","2477.0000","2508.0000","2508.0000","2531.0000","2483.0000","2502.0000","2550.0000","2560.0000","2477.0000","2502.0000"," ","0.0000","0.0000","109400","274157800","2506.0128"
"20200916","01","12","    49520","JP3163200003","943.0000","943.0000","921.0000","931.0000","930.0000","930.0000","901.0000","916.0000","943.0000","943.0000","901.0000","916.0000"," ","0.0000","0.0000","9300","8603100","925.0645"
"20200916","01","12","    49570","JP3932900008","549.0000","549.0000","549.0000","549.0000","540.0000","540.0000","540.0000","540.0000","549.0000","549.0000","540.0000","540.0000"," ","0.0000","0.0000","200","108900","544.5000"
"20200916","01","12","    49600","JP3281650006","253.0000","257.0000","249.0000","256.0000","256.0000","256.0000","251.0000","251.0000","253.0000","257.0000","249.0000","251.0000"," ","0.0000","0.0000","43300","10941000","252.6790"
"20200916","01","12","    49620","JP3307900005","1050.0000","1050.0000","1050.0000","1050.0000","0.0000","0.0000","0.0000","0.0000","1050.0000","1050.0000","1050.0000","1050.0000"," ","0.0000","0.0000","500","525000","1050.0000"
"20200916","01","12","    49660","JP3155350006","6990.0000","7050.0000","6990.0000","6990.0000","6990.0000","7050.0000","6960.0000","6960.0000","6990.0000","7050.0000","6960.0000","6960.0000"," ","0.0000","0.0000","5100","35693000","6998.6275"
"20200916","01","12","    49700","JP3610400008","7320.0000","7510.0000","7320.0000","7440.0000","7440.0000","7470.0000","7310.0000","7470.0000","7320.0000","7510.0000","7310.0000","7470.0000"," ","0.0000","0.0000","50100","370838000","7401.9561"
"20200916","01","12","    49720","JP3431550007","1450.0000","1463.0000","1426.0000","1458.0000","1463.0000","1466.0000","1442.0000","1444.0000","1450.0000","1466.0000","1426.0000","1444.0000"," ","0.0000","0.0000","11100","16121600","1452.3964"
"20200916","01","12","    49760","JP3617600006","2320.0000","2320.0000","2286.0000","2301.0000","2314.0000","2314.0000","2314.0000","2314.0000","2320.0000","2320.0000","2286.0000","2314.0000"," ","0.0000","0.0000","1000","2307500","2307.5000"
"20200916","01","12","    49780","JP3974770004","444.0000","455.0000","438.0000","451.0000","452.0000","456.0000","450.0000","455.0000","444.0000","456.0000","438.0000","455.0000"," ","0.0000","0.0000","1490300","671884400","450.8384"
"20200916","01","12","    49870","JP3546000005","411.0000","414.0000","409.0000","413.0000","413.0000","415.0000","411.0000","411.0000","411.0000","415.0000","409.0000","411.0000"," ","0.0000","0.0000","3600","1481700","411.5833"
"20200916","01","12","    49900","JP3364800007","524.0000","533.0000","516.0000","516.0000","518.0000","519.0000","516.0000","517.0000","524.0000","533.0000","516.0000","517.0000"," ","0.0000","0.0000","5400","2813600","521.0370"
"20200916","01","12","    49980","JP3826000006","1785.0000","1786.0000","1778.0000","1779.0000","1780.0000","1780.0000","1772.0000","1772.0000","1785.0000","1786.0000","1772.0000","1772.0000"," ","0.0000","0.0000","36700","65277900","1778.6894"
"20200916","01","12","    49990","JP3423400005","680.0000","680.0000","679.0000","679.0000","679.0000","681.0000","677.0000","677.0000","680.0000","681.0000","677.0000","677.0000"," ","0.0000","0.0000","1500","1019700","679.8000"
"20200916","01","12","    50080","JP3556800005","1742.0000","1743.0000","1727.0000","1735.0000","1743.0000","1744.0000","1736.0000","1736.0000","1742.0000","1744.0000","1727.0000","1736.0000"," ","0.0000","0.0000","1600","2783300","1739.5625"
"20200916","01","12","    50100","JP3723800003","195.0000","195.0000","194.0000","194.0000","192.0000","193.0000","192.0000","192.0000","195.0000","195.0000","192.0000","192.0000"," ","0.0000","0.0000","2600","502100","193.1154"
"20200916","01","12","    50700","JP3639350002","1569.0000","1571.0000","1523.0000","1568.0000","1550.0000","1567.0000","1549.0000","1565.0000","1569.0000","1571.0000","1523.0000","1565.0000"," ","0.0000","0.0000","10600","16508700","1557.4245"
"20200916","01","12","    50710","JP3159890007","662.0000","670.0000","662.0000","670.0000","670.0000","670.0000","660.0000","660.0000","662.0000","670.0000","660.0000","660.0000"," ","0.0000","0.0000","9600","6375500","664.1146"
"20200916","01","12","    51030","JP3366000002","61.0000","62.0000","60.0000","60.0000","60.0000","60.0000","59.0000","59.0000","61.0000","62.0000","59.0000","59.0000"," ","0.0000","0.0000","144400","8677900","60.0963"
"20200916","01","12","    51040","JP3681600007","0.0000","0.0000","0.0000","0.0000","504.0000","504.0000","504.0000","504.0000","504.0000","504.0000","504.0000","504.0000"," ","0.0000","0.0000","100","50400","504.0000"
"20200916","01","12","    51610","JP3657550004","1325.0000","1329.0000","1307.0000","1320.0000","1320.0000","1330.0000","1320.0000","1330.0000","1325.0000","1330.0000","1307.0000","1330.0000"," ","0.0000","0.0000","2700","3568500","1321.6667"
"20200916","01","12","    51620","JP3117300008","646.0000","650.0000","646.0000","646.0000","646.0000","646.0000","643.0000","643.0000","646.0000","650.0000","643.0000","643.0000"," ","0.0000","0.0000","2000","1292600","646.3000"
"20200916","01","12","    51840","JP3665000000","1349.0000","1354.0000","1342.0000","1345.0000","1343.0000","1358.0000","1343.0000","1344.0000","1349.0000","1358.0000","1342.0000","1344.0000"," ","0.0000","0.0000","4400","5943000","1350.6818"
"20200916","01","12","    51890","JP3317600009","0.0000","0.0000","0.0000","0.0000","0.0000","0.0000","0.0000","0.0000","0.0000","0.0000","0.0000","0.0000"," ","0.0000","0.0000","0","0","0.0000"
"20200916","01","12","    51940","JP3316000003","1519.0000","1519.0000","1516.0000","1516.0000","1515.0000","1515.0000","1505.0000","1508.0000","1519.0000","1519.0000","1505.0000","1508.0000"," ","0.0000","0.0000","3300","4983500","1510.1515"
"20200916","01","12","    51990","JP3821600008","4500.0000","4555.0000","4480.0000","4505.0000","4525.0000","4545.0000","4495.0000","4515.0000","4500.0000","4555.0000","4480.0000","4515.0000"," ","0.0000","0.0000","9700","43825000","4518.0412"
"20200916","01","12","    52120","JP3808400000","1228.0000","1246.0000","1195.0000","1220.0000","1220.0000","1245.0000","1210.0000","1234.0000","1228.0000","1246.0000","1195.0000","1234.0000"," ","0.0000","0.0000","80900","99060000","1224.4747"
"20200916","01","12","    52160","JP3268900002","164.0000","172.0000","153.0000","154.0000","154.0000","155.0000","148.0000","150.0000","164.0000","172.0000","148.0000","150.0000"," ","0.0000","0.0000","3963600","627393900","158.2889"
"20200916","01","12","    52170","JP3545080008","19740.0000","19760.0000","19740.0000","19760.0000","19760.0000","19760.0000","19760.0000","19760.0000","19740.0000","19760.0000","19740.0000","19760.0000"," ","0.0000","0.0000","400","7902000","19755.0000"
"20200916","01","12","    52370","JP3761400005","670.0000","670.0000","650.0000","650.0000","656.0000","661.0000","653.0000","653.0000","670.0000","670.0000","650.0000","653.0000"," ","0.0000","0.0000","7600","5056700","665.3553"
"20200916","01","12","    52680","JP3113200004","0.0000","0.0000","0.0000","0.0000","749.0000","749.0000","748.0000","749.0000","749.0000","749.0000","748.0000","749.0000"," ","0.0000","0.0000","700","524200","748.8571"
"20200916","01","12","    52710","JP3554200000","1490.0000","1491.0000","1490.0000","1491.0000","1497.0000","1497.0000","1497.0000","1497.0000","1490.0000","1497.0000","1490.0000","1497.0000"," ","0.0000","0.0000","800","1193300","1491.6250"
"20200916","01","12","    52770","JP3400000000","340.0000","343.0000","334.0000","335.0000","339.0000","343.0000","334.0000","336.0000","340.0000","343.0000","334.0000","336.0000"," ","0.0000","0.0000","17900","6074600","339.3631"
"20200916","01","12","    52790","JP3704410004","775.0000","775.0000","774.0000","774.0000","770.0000","772.0000","766.0000","768.0000","775.0000","775.0000","766.0000","768.0000"," ","0.0000","0.0000","2600","2001200","769.6923"
"20200916","01","12","    52800","JP3957100005","991.0000","991.0000","988.0000","988.0000","989.0000","991.0000","989.0000","991.0000","991.0000","991.0000","988.0000","991.0000"," ","0.0000","0.0000","1500","1485900","990.6000"
"20200916","01","12","    52820","JP3386250009","360.0000","366.0000","356.0000","357.0000","356.0000","360.0000","356.0000","358.0000","360.0000","366.0000","356.0000","358.0000"," ","0.0000","0.0000","56500","20236200","358.1628"
"20200916","01","12","    52830","JP3458200007","0.0000","0.0000","0.0000","0.0000","1879.0000","1879.0000","1879.0000","1879.0000","1879.0000","1879.0000","1879.0000","1879.0000"," ","0.0000","0.0000","100","187900","1879.0000"
"20200916","01","12","    52840","JP3934250006","501.0000","502.0000","496.0000","502.0000","498.0000","501.0000","495.0000","500.0000","501.0000","502.0000","495.0000","500.0000"," ","0.0000","0.0000","20200","10065700","498.3020"
"20200916","01","12","    52850","JP3939400002","498.0000","503.0000","495.0000","498.0000","498.0000","498.0000","490.0000","492.0000","498.0000","503.0000","490.0000","492.0000"," ","0.0000","0.0000","13800","6833300","495.1667"
"20200916","01","12","    52870","JP3142900004","1365.0000","1365.0000","1320.0000","1355.0000","1349.0000","1349.0000","1315.0000","1339.0000","1365.0000","1365.0000","1315.0000","1339.0000"," ","0.0000","0.0000","25800","34622900","1341.9729"
"20200916","01","12","    52900","JP3835790001","1852.0000","1859.0000","1843.0000","1855.0000","1849.0000","1859.0000","1837.0000","1850.0000","1852.0000","1859.0000","1837.0000","1850.0000"," ","0.0000","0.0000","15700","29018100","1848.2866"
"20200916","01","12","    53040","JP3161600006","6430.0000","6520.0000","6400.0000","6500.0000","6520.0000","6530.0000","6310.0000","6320.0000","6430.0000","6530.0000","6310.0000","6320.0000"," ","0.0000","0.0000","18500","119311000","6449.2432"
"20200916","01","12","    53410","JP3110800004","710.0000","726.0000","649.0000","676.0000","675.0000","677.0000","660.0000","673.0000","710.0000","726.0000","649.0000","673.0000"," ","0.0000","0.0000","342500","232785900","679.6669"
"20200916","01","12","    53550","JP3755400003","0.0000","0.0000","0.0000","0.0000","0.0000","0.0000","0.0000","0.0000","0.0000","0.0000","0.0000","0.0000"," ","0.0000","0.0000","0","0","0.0000"
"20200916","01","12","    53680","JP3687500003","891.0000","892.0000","882.0000","883.0000","884.0000","884.0000","877.0000","877.0000","891.0000","892.0000","877.0000","877.0000"," ","0.0000","0.0000","13600","12033200","884.7941"
"20200916","01","12","    53800","JP3377900000","2050.0000","2050.0000","2050.0000","2050.0000","0.0000","0.0000","0.0000","0.0000","2050.0000","2050.0000","2050.0000","2050.0000"," ","0.0000","0.0000","100","205000","2050.0000"
"20200916","01","12","    53810","JP3751300009","378.0000","380.0000","372.0000","378.0000","378.0000","378.0000","370.0000","372.0000","378.0000","380.0000","370.0000","372.0000"," ","0.0000","0.0000","47700","17926500","375.8176"
"20200916","01","12","    53860","JP3536800000","523.0000","533.0000","476.0000","488.0000","491.0000","493.0000","460.0000","470.0000","523.0000","533.0000","460.0000","470.0000"," ","0.0000","0.0000","339200","166903000","492.0489"
"20200916","01","12","    53870","JP3528500006","0.0000","0.0000","0.0000","0.0000","380.0000","392.0000","380.0000","392.0000","380.0000","392.0000","380.0000","392.0000"," ","0.0000","0.0000","1200","464600","387.1667"
"20200916","01","12","    53950","JP3971800002","0.0000","0.0000","0.0000","0.0000","0.0000","0.0000","0.0000","0.0000","0.0000","0.0000","0.0000","0.0000"," ","0.0000","0.0000","0","0","0.0000"
"20200916","01","12","    54460","JP3842200002","1216.0000","1216.0000","1206.0000","1210.0000","1210.0000","1215.0000","1210.0000","1213.0000","1216.0000","1216.0000","1206.0000","1213.0000"," ","0.0000","0.0000","1900","2306200","1213.7895"
"20200916","01","12","    54580","JP3454800008","0.0000","0.0000","0.0000","0.0000","586.0000","586.0000","586.0000","586.0000","586.0000","586.0000","586.0000","586.0000"," ","0.0000","0.0000","200","117200","586.0000"
"20200916","01","12","    54840","JP3605800006","0.0000","0.0000","0.0000","0.0000","0.0000","0.0000","0.0000","0.0000","0.0000","0.0000","0.0000","0.0000"," ","0.0000","0.0000","0","0","0.0000"
"20200916","01","12","    55420","JP3383400003","843.0000","849.0000","842.0000","849.0000","845.0000","845.0000","845.0000","845.0000","843.0000","849.0000","842.0000","845.0000"," ","0.0000","0.0000","600","506500","844.1667"
"20200916","01","12","    56090","JP3728200001","891.0000","926.0000","867.0000","903.0000","901.0000","902.0000","847.0000","880.0000","891.0000","926.0000","847.0000","880.0000"," ","0.0000","0.0000","474900","420808100","886.0983"
"20200916","01","12","    56100","JP3503400008","796.0000","800.0000","796.0000","800.0000","790.0000","798.0000","785.0000","785.0000","796.0000","800.0000","785.0000","785.0000"," ","0.0000","0.0000","3400","2685400","789.8235"
"20200916","01","12","    56140","JP3222000006","286.0000","287.0000","279.0000","284.0000","285.0000","287.0000","285.0000","287.0000","286.0000","287.0000","279.0000","287.0000"," ","0.0000","0.0000","41500","11872000","286.0723"
"20200916","01","12","    56440","JP3920900002","0.0000","0.0000","0.0000","0.0000","0.0000","0.0000","0.0000","0.0000","0.0000","0.0000","0.0000","0.0000"," ","0.0000","0.0000","0","0","0.0000"
"20200916","01","12","    56600","JP3373200009","935.0000","935.0000","934.0000","934.0000","936.0000","936.0000","933.0000","933.0000","935.0000","936.0000","933.0000","933.0000"," ","0.0000","0.0000","900","841600","935.1111"
"20200916","01","12","    56900","JP3974570008","630.0000","630.0000","620.0000","624.0000","624.0000","626.0000","619.0000","622.0000","630.0000","630.0000","619.0000","622.0000"," ","0.0000","0.0000","16400","10230400","623.8049"
"20200916","01","12","    56950","JP3781200005","0.0000","0.0000","0.0000","0.0000","2975.0000","2975.0000","2975.0000","2975.0000","2975.0000","2975.0000","2975.0000","2975.0000"," ","0.0000","0.0000","100","297500","2975.0000"
"20200916","01","12","    56970","JP3337400000","0.0000","0.0000","0.0000","0.0000","345.0000","354.0000","345.0000","354.0000","345.0000","354.0000","345.0000","354.0000"," ","0.0000","0.0000","3000","1047300","349.1000"
"20200916","01","12","    56990","JP3148970001","1820.0000","1829.0000","1802.0000","1829.0000","1829.0000","1829.0000","1810.0000","1820.0000","1820.0000","1829.0000","1802.0000","1820.0000"," ","0.0000","0.0000","2600","4726800","1818.0000"
"20200916","01","12","    57040","JP3386620003","840.0000","843.0000","829.0000","841.0000","844.0000","845.0000","830.0000","839.0000","840.0000","845.0000","829.0000","839.0000"," ","0.0000","0.0000","51000","42732500","837.8922"
"20200916","01","12","    57240","JP3109000004","1478.0000","1479.0000","1453.0000","1453.0000","1450.0000","1463.0000","1445.0000","1456.0000","1478.0000","1479.0000","1445.0000","1456.0000"," ","0.0000","0.0000","4700","6852500","1457.9787"
"20200916","01","12","    57290","JP3721000002","0.0000","0.0000","0.0000","0.0000","0.0000","0.0000","0.0000","0.0000","0.0000","0.0000","0.0000","0.0000"," ","0.0000","0.0000","0","0","0.0000"
"20200916","01","12","    57420","JP3164760005","852.0000","852.0000","837.0000","849.0000","839.0000","851.0000","839.0000","851.0000","852.0000","852.0000","837.0000","851.0000"," ","0.0000","0.0000","1500","1269400","846.2667"
"20200916","01","12","    57530","JP3716800002","1375.0000","1375.0000","1320.0000","1320.0000","1372.0000","1372.0000","1372.0000","1372.0000","1375.0000","1375.0000","1320.0000","1372.0000"," ","0.0000","0.0000","1700","2310000","1358.8235"
"20200916","01","12","    57810","JP3600600005","771.0000","771.0000","771.0000","771.0000","771.0000","771.0000","771.0000","771.0000","771.0000","771.0000","771.0000","771.0000"," ","0.0000","0.0000","1200","925200","771.0000"
"20200916","01","12","    58160","JP3172800009","361.0000","361.0000","356.0000","361.0000","360.0000","361.0000","357.0000","357.0000","361.0000","361.0000","356.0000","357.0000"," ","0.0000","0.0000","10900","3914700","359.1468"
"20200916","01","12","    58170","JP3736400007","623.0000","630.0000","621.0000","627.0000","631.0000","639.0000","627.0000","639.0000","623.0000","639.0000","621.0000","639.0000"," ","0.0000","0.0000","24800","15572100","627.9073"
"20200916","01","12","    58200","JP3903800005","0.0000","0.0000","0.0000","0.0000","0.0000","0.0000","0.0000","0.0000","0.0000","0.0000","0.0000","0.0000"," ","0.0000","0.0000","0","0","0.0000"
"20200916","01","12","    58560","JP3620800007","81.0000","84.0000","81.0000","82.0000","82.0000","83.0000","81.0000","82.0000","81.0000","84.0000","81.0000","82.0000"," ","0.0000","0.0000","354900","29344300","82.6833"
"20200916","01","12","    58580","JP3163050002","0.0000","0.0000","0.0000","0.0000","0.0000","0.0000","0.0000","0.0000","0.0000","0.0000","0.0000","0.0000"," ","0.0000","0.0000","0","0","0.0000"
"20200916","01","12","    59000","JP3482400003","760.0000","769.0000","760.0000","769.0000","751.0000","769.0000","751.0000","751.0000","760.0000","769.0000","751.0000","751.0000"," ","0.0000","0.0000","4600","3489100","758.5000"
"20200916","01","12","    59030","JP3383600008","1186.0000","1187.0000","1172.0000","1175.0000","1169.0000","1183.0000","1169.0000","1174.0000","1186.0000","1187.0000","1169.0000","1174.0000"," ","0.0000","0.0000","7300","8599000","1177.9452"
"20200916","01","12","    59050","JP3720400005","0.0000","0.0000","0.0000","0.0000","1015.0000","1015.0000","1015.0000","1015.0000","1015.0000","1015.0000","1015.0000","1015.0000"," ","0.0000","0.0000","200","203000","1015.0000"
"20200916","01","12","    59060","JP3167450000","335.0000","335.0000","331.0000","331.0000","332.0000","333.0000","329.0000","329.0000","335.0000","335.0000","329.0000","329.0000"," ","0.0000","0.0000","5000","1660000","332.0000"
"20200916","01","12","    59070","JP3226550006","3555.0000","3555.0000","3555.0000","3555.0000","3610.0000","3635.0000","3585.0000","3585.0000","3555.0000","3635.0000","3555.0000","3585.0000"," ","0.0000","0.0000","500","1801500","3603.0000"
"20200916","01","12","    59180","JP3461400008","4550.0000","4550.0000","4550.0000","4550.0000","0.0000","0.0000","0.0000","0.0000","4550.0000","4550.0000","4550.0000","4550.0000"," ","0.0000","0.0000","100","455000","4550.0000"
"20200916","01","12","    59210","JP3222200002","2519.0000","2530.0000","2510.0000","2520.0000","2525.0000","2535.0000","2525.0000","2525.0000","2519.0000","2535.0000","2510.0000","2525.0000"," ","0.0000","0.0000","5600","14130700","2523.3393"
"20200916","01","12","    59220","JP3651000006","6310.0000","6480.0000","6310.0000","6450.0000","6480.0000","6480.0000","6360.0000","6460.0000","6310.0000","6480.0000","6310.0000","6460.0000"," ","0.0000","0.0000","4000","25707000","6426.7500"
"20200916","01","12","    59280","JP3126500002","269.0000","269.0000","269.0000","269.0000","269.0000","269.0000","269.0000","269.0000","269.0000","269.0000","269.0000","269.0000"," ","0.0000","0.0000","20300","5460700","269.0000"
"20200916","01","12","    59350","JP3235800004","0.0000","0.0000","0.0000","0.0000","0.0000","0.0000","0.0000","0.0000","0.0000","0.0000","0.0000","0.0000"," ","0.0000","0.0000","0","0","0.0000"
"20200916","01","12","    59390","JP3187800002","5680.0000","5730.0000","5630.0000","5630.0000","0.0000","0.0000","0.0000","0.0000","5680.0000","5730.0000","5630.0000","5630.0000"," ","0.0000","0.0000","300","1704000","5680.0000"
"20200916","01","12","    59400","JP3813500000","85.0000","85.0000","84.0000","85.0000","85.0000","85.0000","83.0000","84.0000","85.0000","85.0000","83.0000","84.0000"," ","0.0000","0.0000","254600","21413900","84.1080"
"20200916","01","12","    59410","JP3642600005","933.0000","933.0000","933.0000","933.0000","937.0000","937.0000","937.0000","937.0000","933.0000","937.0000","933.0000","937.0000"," ","0.0000","0.0000","400","374400","936.0000"
"20200916","01","12","    59450","JP3547900005","0.0000","0.0000","0.0000","0.0000","0.0000","0.0000","0.0000","0.0000","0.0000","0.0000","0.0000","0.0000"," ","0.0000","0.0000","0","0","0.0000"
"20200916","01","12","    59500","JP3745200000","262.0000","273.0000","251.0000","260.0000","259.0000","260.0000","193.0000","197.0000","262.0000","273.0000","193.0000","197.0000"," ","0.0000","0.0000","17519900","4266460900","243.5208"
"20200916","01","12","    59520","JP3124000005","323.0000","367.0000","308.0000","343.0000","343.0000","348.0000","263.0000","289.0000","323.0000","367.0000","263.0000","289.0000"," ","0.0000","0.0000","19320400","6358006500","329.0826"
"20200916","01","12","    59550","JP3936400005","84.0000","84.0000","78.0000","79.0000","79.0000","80.0000","76.0000","76.0000","84.0000","84.0000","76.0000","76.0000"," ","0.0000","0.0000","3514500","280338900","79.7664"
"20200916","01","12","    59560","JP3552500005","499.0000","499.0000","497.0000","499.0000","499.0000","499.0000","497.0000","499.0000","499.0000","499.0000","497.0000","499.0000"," ","0.0000","0.0000","1100","548200","498.3636"
"20200916","01","12","    59620","JP3108800008","0.0000","0.0000","0.0000","0.0000","1800.0000","1820.0000","1800.0000","1820.0000","1800.0000","1820.0000","1800.0000","1820.0000"," ","0.0000","0.0000","900","1622800","1803.1111"
"20200916","01","12","    59640","JP3617800002","857.0000","868.0000","853.0000","853.0000","0.0000","0.0000","0.0000","0.0000","857.0000","868.0000","853.0000","853.0000"," ","0.0000","0.0000","500","429800","859.6000"
"20200916","01","12","    59650","JP3820850000","648.0000","649.0000","648.0000","649.0000","649.0000","649.0000","648.0000","648.0000","648.0000","649.0000","648.0000","648.0000"," ","0.0000","0.0000","2400","1557100","648.7917"
"20200916","01","12","    59660","JP3250400003","1791.0000","1800.0000","1791.0000","1800.0000","1831.0000","1880.0000","1796.0000","1833.0000","1791.0000","1880.0000","1791.0000","1833.0000"," ","0.0000","0.0000","3400","6248000","1837.6471"
"20200916","01","12","    59670","JP3860800006","2683.0000","2713.0000","2676.0000","2713.0000","2720.0000","2720.0000","2692.0000","2692.0000","2683.0000","2720.0000","2676.0000","2692.0000"," ","0.0000","0.0000","1800","4844100","2691.1667"
"20200916","01","12","    59690","JP3985000003","0.0000","0.0000","0.0000","0.0000","0.0000","0.0000","0.0000","0.0000","0.0000","0.0000","0.0000","0.0000"," ","0.0000","0.0000","0","0","0.0000"
"20200916","01","12","    59710","JP3254850005","0.0000","0.0000","0.0000","0.0000","0.0000","0.0000","0.0000","0.0000","0.0000","0.0000","0.0000","0.0000"," ","0.0000","0.0000","0","0","0.0000"
"20200916","01","12","    59730","JP3552190005","457.0000","470.0000","450.0000","453.0000","453.0000","454.0000","453.0000","454.0000","457.0000","470.0000","450.0000","454.0000"," ","0.0000","0.0000","16600","7606200","458.2048"
"20200916","01","12","    59740","JP3521400006","627.0000","637.0000","627.0000","637.0000","635.0000","638.0000","634.0000","637.0000","627.0000","638.0000","627.0000","637.0000"," ","0.0000","0.0000","15900","10066800","633.1321"
"20200916","01","12","    59820","JP3875610002","0.0000","0.0000","0.0000","0.0000","1781.0000","1800.0000","1781.0000","1800.0000","1781.0000","1800.0000","1781.0000","1800.0000"," ","0.0000","0.0000","600","1074100","1790.1667"
"20200916","01","12","    59830","JP3152600007","5980.0000","6000.0000","5980.0000","6000.0000","5980.0000","5980.0000","5920.0000","5920.0000","5980.0000","6000.0000","5920.0000","5920.0000"," ","0.0000","0.0000","1700","10161000","5977.0588"
"20200916","01","12","    59840","JP3216800007","615.0000","621.0000","615.0000","615.0000","615.0000","615.0000","612.0000","615.0000","615.0000","621.0000","612.0000","615.0000"," ","0.0000","0.0000","4000","2460100","615.0250"
"20200916","01","12","    59870","JP3173000005","700.0000","709.0000","700.0000","709.0000","701.0000","701.0000","697.0000","697.0000","700.0000","709.0000","697.0000","697.0000"," ","0.0000","0.0000","2100","1470700","700.3333"
"20200916","01","12","    59900","JP3395300001","2220.0000","2220.0000","2220.0000","2220.0000","2222.0000","2225.0000","2221.0000","2221.0000","2220.0000","2225.0000","2220.0000","2221.0000"," ","0.0000","0.0000","800","1777800","2222.2500"
"20200916","01","12","    59940","JP3577400009","1655.0000","1655.0000","1642.0000","1642.0000","1682.0000","1682.0000","1682.0000","1682.0000","1655.0000","1682.0000","1642.0000","1682.0000"," ","0.0000","0.0000","600","993900","1656.5000"
"20200916","01","12","    59970","JP3253800001","555.0000","555.0000","554.0000","554.0000","551.0000","552.0000","548.0000","548.0000","555.0000","555.0000","548.0000","548.0000"," ","0.0000","0.0000","2600","1434700","551.8077"
"20200916","01","12","    59990","JP3148400009","1814.0000","1849.0000","1801.0000","1821.0000","1821.0000","1835.0000","1810.0000","1829.0000","1814.0000","1849.0000","1801.0000","1829.0000"," ","0.0000","0.0000","13400","24486800","1827.3731"
"20200916","01","12","    60160","JP3291000002","1150.0000","1150.0000","1106.0000","1121.0000","1121.0000","1143.0000","1107.0000","1143.0000","1150.0000","1150.0000","1106.0000","1143.0000"," ","0.0000","0.0000","32600","36758900","1127.5736"
"20200916","01","12","    60180","JP3776600003","1964.0000","1964.0000","1941.0000","1941.0000","0.0000","0.0000","0.0000","0.0000","1964.0000","1964.0000","1941.0000","1941.0000"," ","0.0000","0.0000","1500","2919200","1946.1333"
"20200916","01","12","    60220","JP3106800000","0.0000","0.0000","0.0000","0.0000","0.0000","0.0000","0.0000","0.0000","0.0000","0.0000","0.0000","0.0000"," ","0.0000","0.0000","0","0","0.0000"
"20200916","01","12","    60230","JP3497000004","452.0000","452.0000","445.0000","447.0000","447.0000","448.0000","447.0000","448.0000","452.0000","452.0000","445.0000","448.0000"," ","0.0000","0.0000","13700","6139800","448.1606"
"20200916","01","12","    60260","JP3386540003","2755.0000","2892.0000","2755.0000","2860.0000","2861.0000","2869.0000","2817.0000","2838.0000","2755.0000","2892.0000","2755.0000","2838.0000"," ","0.0000","0.0000","7900","22501400","2848.2785"
"20200916","01","12","    60270","JP3835870001","9840.0000","10040.0000","9840.0000","10030.0000","10040.0000","10210.0000","10040.0000","10180.0000","9840.0000","10210.0000","9840.0000","10180.0000"," ","0.0000","0.0000","204500","2055910000","10053.3496"
"20200916","01","12","    60300","JP3122380003","4500.0000","4500.0000","4360.0000","4370.0000","4370.0000","4540.0000","4340.0000","4500.0000","4500.0000","4540.0000","4340.0000","4500.0000"," ","0.0000","0.0000","49900","221341000","4435.6914"
"20200916","01","12","    60310","JP3310450006","1135.0000","1136.0000","1135.0000","1136.0000","1135.0000","1150.0000","1135.0000","1148.0000","1135.0000","1150.0000","1135.0000","1148.0000"," ","0.0000","0.0000","3100","3544900","1143.5161"
"20200916","01","12","    60330","JP3161270008","1468.0000","1484.0000","1465.0000","1465.0000","1469.0000","1474.0000","1454.0000","1465.0000","1468.0000","1484.0000","1454.0000","1465.0000"," ","0.0000","0.0000","19600","28786300","1468.6888"
"20200916","01","12","    60340","JP3167260003","1410.0000","1435.0000","1400.0000","1407.0000","1405.0000","1424.0000","1403.0000","1415.0000","1410.0000","1435.0000","1400.0000","1415.0000"," ","0.0000","0.0000","88000","124673400","1416.7432"
"20200916","01","12","    60380","JP3130840006","840.0000","847.0000","825.0000","825.0000","830.0000","854.0000","815.0000","832.0000","840.0000","854.0000","815.0000","832.0000"," ","0.0000","0.0000","64900","53987200","831.8521"
"20200916","01","12","    60390","JP3740000009","2512.0000","2545.0000","2434.0000","2492.0000","2489.0000","2489.0000","2421.0000","2421.0000","2512.0000","2545.0000","2421.0000","2421.0000"," ","0.0000","0.0000","41900","103300300","2465.4010"
"20200916","01","12","    60400","JP3719000006","640.0000","640.0000","639.0000","640.0000","640.0000","641.0000","639.0000","640.0000","640.0000","641.0000","639.0000","640.0000"," ","0.0000","0.0000","41400","26494000","639.9517"
"20200916","01","12","    60420","JP3696800006","1793.0000","1793.0000","1793.0000","1793.0000","0.0000","0.0000","0.0000","0.0000","1793.0000","1793.0000","1793.0000","1793.0000"," ","0.0000","0.0000","100","179300","1793.0000"
"20200916","01","12","    60450","JP3981850005","499.0000","499.0000","491.0000","498.0000","498.0000","499.0000","495.0000","497.0000","499.0000","499.0000","491.0000","497.0000"," ","0.0000","0.0000","17300","8580600","495.9884"
"20200916","01","12","    60460","JP3977040009","342.0000","354.0000","336.0000","350.0000","349.0000","350.0000","334.0000","342.0000","342.0000","354.0000","334.0000","342.0000"," ","0.0000","0.0000","172200","59243000","344.0360"
"20200916","01","12","    60490","JP3144600008","1387.0000","1430.0000","1321.0000","1419.0000","1404.0000","1680.0000","1404.0000","1599.0000","1387.0000","1680.0000","1321.0000","1599.0000"," ","0.0000","0.0000","1726300","2516836300","1457.9368"
"20200916","01","12","    60600","JP3297340006","832.0000","832.0000","832.0000","832.0000","831.0000","831.0000","831.0000","831.0000","832.0000","832.0000","831.0000","831.0000"," ","0.0000","0.0000","200","166300","831.5000"
"20200916","01","12","    60610","JP3952300006","1829.0000","1846.0000","1827.0000","1828.0000","1830.0000","1836.0000","1827.0000","1827.0000","1829.0000","1846.0000","1827.0000","1827.0000"," ","0.0000","0.0000","1300","2381900","1832.2308"
"20200916","01","12","    60630","JP3688900004","800.0000","806.0000","800.0000","805.0000","805.0000","808.0000","805.0000","808.0000","800.0000","808.0000","800.0000","808.0000"," ","0.0000","0.0000","4000","3213800","803.4500"
"20200916","01","12","    60640","JP3108140009","1414.0000","1426.0000","1401.0000","1426.0000","1426.0000","1426.0000","1402.0000","1402.0000","1414.0000","1426.0000","1401.0000","1402.0000"," ","0.0000","0.0000","5900","8326700","1411.3051"
"20200916","01","12","    60660","JP3377950005","0.0000","0.0000","0.0000","0.0000","0.0000","0.0000","0.0000","0.0000","0.0000","0.0000","0.0000","0.0000"," ","0.0000","0.0000","0","0","0.0000"
"20200916","01","12","    60670","JP3921210005","2934.0000","3015.0000","2899.0000","2918.0000","2927.0000","2927.0000","2851.0000","2854.0000","2934.0000","3015.0000","2851.0000","2854.0000"," ","0.0000","0.0000","153600","448906300","2922.5671"
"20200916","01","12","    60690","JP3637290002","739.0000","740.0000","717.0000","717.0000","722.0000","722.0000","706.0000","709.0000","739.0000","740.0000","706.0000","709.0000"," ","0.0000","0.0000","329300","238762200","725.0598"
"20200916","01","12","    60720","JP3387880002","219.0000","223.0000","216.0000","222.0000","221.0000","225.0000","220.0000","225.0000","219.0000","225.0000","216.0000","225.0000"," ","0.0000","0.0000","168000","37102200","220.8464"
"20200916","01","12","    60740","JP3386470003","460.0000","469.0000","456.0000","466.0000","466.0000","470.0000","465.0000","467.0000","460.0000","470.0000","456.0000","467.0000"," ","0.0000","0.0000","12700","5898700","464.4646"
"20200916","01","12","    60810","JP3124850003","298.0000","298.0000","294.0000","297.0000","297.0000","325.0000","295.0000","298.0000","298.0000","325.0000","294.0000","298.0000"," ","0.0000","0.0000","745100","231346800","310.4909"
"20200916","01","12","    60850","JP3100030000","539.0000","539.0000","539.0000","539.0000","540.0000","540.0000","540.0000","540.0000","539.0000","540.0000","539.0000","540.0000"," ","0.0000","0.0000","1100","593900","539.9091"
"20200916","01","12","    60860","JP3383300005","870.0000","885.0000","856.0000","871.0000","874.0000","893.0000","872.0000","893.0000","870.0000","893.0000","856.0000","893.0000"," ","0.0000","0.0000","14200","12394400","872.8451"
"20200916","01","12","    60900","JP3794530000","1149.0000","1160.0000","1142.0000","1150.0000","1155.0000","1156.0000","1145.0000","1154.0000","1149.0000","1160.0000","1142.0000","1154.0000"," ","0.0000","0.0000","24100","27754400","1151.6349"
"20200916","01","12","    60910","JP3154650000","432.0000","434.0000","423.0000","427.0000","427.0000","428.0000","425.0000","426.0000","432.0000","434.0000","423.0000","426.0000"," ","0.0000","0.0000","91000","38913400","427.6198"
"20200916","01","12","    60920","JP3169730003","718.0000","722.0000","714.0000","717.0000","720.0000","720.0000","706.0000","711.0000","718.0000","722.0000","706.0000","711.0000"," ","0.0000","0.0000","48000","34299300","714.5688"
"20200916","01","12","    60940","JP3826550000","1084.0000","1097.0000","1057.0000","1087.0000","1087.0000","1093.0000","1081.0000","1084.0000","1084.0000","1097.0000","1057.0000","1084.0000"," ","0.0000","0.0000","64500","69785300","1081.9426"
"20200916","01","12","    60960","JP3979210006","2422.0000","2445.0000","2405.0000","2438.0000","2444.0000","2460.0000","2434.0000","2438.0000","2422.0000","2460.0000","2405.0000","2438.0000"," ","0.0000","0.0000","70200","170968600","2435.4501"
"20200916","01","12","    61250","JP3193200007","2146.0000","2167.0000","2146.0000","2166.0000","2167.0000","2175.0000","2161.0000","2169.0000","2146.0000","2175.0000","2146.0000","2169.0000"," ","0.0000","0.0000","3600","7798800","2166.3333"
"20200916","01","12","    61310","JP3770600009","960.0000","967.0000","923.0000","949.0000","948.0000","950.0000","936.0000","950.0000","960.0000","967.0000","923.0000","950.0000"," ","0.0000","0.0000","25200","23749700","942.4484"
"20200916","01","12","    61370","JP3284200007","0.0000","0.0000","0.0000","0.0000","2365.0000","2367.0000","2365.0000","2367.0000","2365.0000","2367.0000","2365.0000","2367.0000"," ","0.0000","0.0000","200","473200","2366.0000"
"20200916","01","12","    61440","JP3416600009","1097.0000","1097.0000","1092.0000","1092.0000","1066.0000","1095.0000","1066.0000","1080.0000","1097.0000","1097.0000","1066.0000","1080.0000"," ","0.0000","0.0000","1900","2072700","1090.8947"
"20200916","01","12","    61450","JP3684700002","3450.0000","3455.0000","3410.0000","3425.0000","3435.0000","3435.0000","3400.0000","3405.0000","3450.0000","3455.0000","3400.0000","3405.0000"," ","0.0000","0.0000","24700","84580000","3424.2915"
"20200916","01","12","    61470","JP3935400006","371.0000","373.0000","371.0000","373.0000","373.0000","373.0000","372.0000","372.0000","371.0000","373.0000","371.0000","372.0000"," ","0.0000","0.0000","2800","1041500","371.9643"
"20200916","01","12","    61490","JP3196600005","2230.0000","2230.0000","2187.0000","2221.0000","2219.0000","2240.0000","2200.0000","2215.0000","2230.0000","2240.0000","2187.0000","2215.0000"," ","0.0000","0.0000","7100","15806100","2226.2113"
"20200916","01","12","    61500","JP3462800008","0.0000","0.0000","0.0000","0.0000","2491.0000","2491.0000","2431.0000","2431.0000","2491.0000","2491.0000","2431.0000","2431.0000"," ","0.0000","0.0000","300","741200","2470.6667"
"20200916","01","12","    61550","JP3457850000","660.0000","660.0000","657.0000","659.0000","665.0000","669.0000","665.0000","668.0000","660.0000","669.0000","657.0000","668.0000"," ","0.0000","0.0000","3000","1994700","664.9000"
"20200916","01","12","    61560","JP3160660001","1310.0000","1316.0000","1297.0000","1297.0000","1297.0000","1311.0000","1268.0000","1296.0000","1310.0000","1316.0000","1268.0000","1296.0000"," ","0.0000","0.0000","2300","2988500","1299.3478"
"20200916","01","12","    61580","JP3990790002","943.0000","966.0000","943.0000","949.0000","963.0000","964.0000","953.0000","962.0000","943.0000","966.0000","943.0000","962.0000"," ","0.0000","0.0000","14600","13911100","952.8151"
"20200916","01","12","    61590","JP3883700001","1050.0000","1050.0000","1050.0000","1050.0000","1050.0000","1050.0000","1050.0000","1050.0000","1050.0000","1050.0000","1050.0000","1050.0000"," ","0.0000","0.0000","400","420000","1050.0000"
"20200916","01","12","    61610","JP3163150000","0.0000","0.0000","0.0000","0.0000","4700.0000","4750.0000","4665.0000","4665.0000","4700.0000","4750.0000","4665.0000","4665.0000"," ","0.0000","0.0000","600","2827500","4712.5000"
"20200916","01","12","    61640","JP3450900000","965.0000","965.0000","965.0000","965.0000","970.0000","977.0000","968.0000","977.0000","965.0000","977.0000","965.0000","977.0000"," ","0.0000","0.0000","500","485600","971.2000"
"20200916","01","12","    61660","JP3645800008","978.0000","985.0000","967.0000","972.0000","972.0000","980.0000","966.0000","976.0000","978.0000","985.0000","966.0000","976.0000"," ","0.0000","0.0000","70600","68726100","973.4575"
"20200916","01","12","    61720","JP3921280008","1106.0000","1133.0000","1081.0000","1094.0000","1094.0000","1113.0000","1092.0000","1104.0000","1106.0000","1133.0000","1081.0000","1104.0000"," ","0.0000","0.0000","149600","166003200","1109.6471"
"20200916","01","12","    61730","JP3107990008","755.0000","768.0000","755.0000","766.0000","757.0000","770.0000","757.0000","770.0000","755.0000","770.0000","755.0000","770.0000"," ","0.0000","0.0000","2200","1680900","764.0455"
"20200916","01","12","    61740","JP3551510005","0.0000","0.0000","0.0000","0.0000","0.0000","0.0000","0.0000","0.0000","0.0000","0.0000","0.0000","0.0000"," ","0.0000","0.0000","0","0","0.0000"
"20200916","01","12","    61760","JP3830700005","600.0000","607.0000","596.0000","597.0000","597.0000","601.0000","593.0000","598.0000","600.0000","607.0000","593.0000","598.0000"," ","0.0000","0.0000","44000","26308600","597.9227"
"20200916","01","12","    61770","JP3121180008","247.0000","249.0000","243.0000","248.0000","248.0000","248.0000","244.0000","247.0000","247.0000","249.0000","243.0000","247.0000"," ","0.0000","0.0000","126500","31135000","246.1265"
"20200916","01","12","    61800","JP3386580009","1543.0000","1543.0000","1536.0000","1536.0000","1536.0000","1550.0000","1536.0000","1544.0000","1543.0000","1550.0000","1536.0000","1544.0000"," ","0.0000","0.0000","1600","2468000","1542.5000"
"20200916","01","12","    61810","JP3780150003","239.0000","296.0000","232.0000","279.0000","277.0000","282.0000","251.0000","260.0000","239.0000","296.0000","232.0000","260.0000"," ","0.0000","0.0000","11435300","3120894200","272.9176"
"20200916","01","12","    61820","JP3984160006","3550.0000","3550.0000","3465.0000","3480.0000","3475.0000","3490.0000","3460.0000","3480.0000","3550.0000","3550.0000","3460.0000","3480.0000"," ","0.0000","0.0000","155600","542349500","3485.5366"
"20200916","01","12","    61880","JP3816650000","438.0000","438.0000","431.0000","434.0000","437.0000","459.0000","433.0000","455.0000","438.0000","459.0000","431.0000","455.0000"," ","0.0000","0.0000","191000","84645900","443.1723"
"20200916","01","12","    61900","JP3803010002","693.0000","695.0000","693.0000","694.0000","694.0000","695.0000","692.0000","695.0000","693.0000","695.0000","692.0000","695.0000"," ","0.0000","0.0000","1400","971800","694.1429"
"20200916","01","12","    61930","JP3778230007","571.0000","586.0000","571.0000","577.0000","575.0000","582.0000","574.0000","581.0000","571.0000","586.0000","571.0000","581.0000"," ","0.0000","0.0000","30200","17337500","574.0894"
"20200916","01","12","    61950","JP3837640006","5070.0000","5150.0000","4910.0000","4945.0000","4945.0000","4955.0000","4855.0000","4895.0000","5070.0000","5150.0000","4855.0000","4895.0000"," ","0.0000","0.0000","303200","1511696000","4985.8047"
"20200916","01","12","    61980","JP3244430009","348.0000","355.0000","345.0000","352.0000","354.0000","357.0000","350.0000","353.0000","348.0000","357.0000","345.0000","353.0000"," ","0.0000","0.0000","49900","17520900","351.1202"
"20200916","01","12","    62310","JP3242200008","2750.0000","2779.0000","2721.0000","2759.0000","2733.0000","2764.0000","2733.0000","2754.0000","2750.0000","2779.0000","2721.0000","2754.0000"," ","0.0000","0.0000","7200","19807600","2751.0556"
"20200916","01","12","    62320","JP3394900009","2810.0000","2830.0000","2773.0000","2797.0000","2800.0000","2819.0000","2778.0000","2783.0000","2810.0000","2830.0000","2773.0000","2783.0000"," ","0.0000","0.0000","173600","486269700","2801.0927"
"20200916","01","12","    62330","JP3256960000","446.0000","446.0000","446.0000","446.0000","446.0000","484.0000","446.0000","467.0000","446.0000","484.0000","446.0000","467.0000"," ","0.0000","0.0000","28300","13301600","470.0212"
"20200916","01","12","    62390","JP3647100001","789.0000","789.0000","776.0000","784.0000","781.0000","786.0000","779.0000","786.0000","789.0000","789.0000","776.0000","786.0000"," ","0.0000","0.0000","37600","29369200","781.0957"
"20200916","01","12","    62450","JP3795800006","1429.0000","1472.0000","1429.0000","1464.0000","1460.0000","1460.0000","1428.0000","1428.0000","1429.0000","1472.0000","1428.0000","1428.0000"," ","0.0000","0.0000","8600","12459900","1448.8256"
"20200916","01","12","    62460","JP3147200004","852.0000","865.0000","849.0000","856.0000","859.0000","859.0000","842.0000","842.0000","852.0000","865.0000","842.0000","842.0000"," ","0.0000","0.0000","29100","24857200","854.1993"
"20200916","01","12","    62480","JP3955250000","1024.0000","1027.0000","1024.0000","1027.0000","1040.0000","1040.0000","1040.0000","1040.0000","1024.0000","1040.0000","1024.0000","1040.0000"," ","0.0000","0.0000","400","411800","1029.5000"
"20200916","01","12","    62490","JP3282270002","1166.0000","1180.0000","1165.0000","1165.0000","1165.0000","1178.0000","1165.0000","1174.0000","1166.0000","1180.0000","1165.0000","1174.0000"," ","0.0000","0.0000","3900","4554100","1167.7179"
"20200916","01","12","    62540","JP3762950008","1843.0000","1922.0000","1836.0000","1902.0000","1906.0000","1929.0000","1895.0000","1898.0000","1843.0000","1929.0000","1836.0000","1898.0000"," ","0.0000","0.0000","150700","285465800","1894.2654"
"20200916","01","12","    62550","JP3165840004","389.0000","392.0000","388.0000","390.0000","390.0000","391.0000","388.0000","391.0000","389.0000","392.0000","388.0000","391.0000"," ","0.0000","0.0000","229900","89558500","389.5542"
"20200916","01","12","    62570","JP3814600007","752.0000","755.0000","748.0000","754.0000","754.0000","758.0000","752.0000","758.0000","752.0000","758.0000","748.0000","758.0000"," ","0.0000","0.0000","14300","10780300","753.8671"
"20200916","01","12","    62650","JP3910200009","1833.0000","1835.0000","1822.0000","1822.0000","1837.0000","1837.0000","1825.0000","1825.0000","1833.0000","1837.0000","1822.0000","1825.0000"," ","0.0000","0.0000","1100","2014100","1831.0000"
"20200916","01","12","    62670","JP3428700003","0.0000","0.0000","0.0000","0.0000","0.0000","0.0000","0.0000","0.0000","0.0000","0.0000","0.0000","0.0000"," ","0.0000","0.0000","0","0","0.0000"
"20200916","01","12","    62710","JP3678400007","1135.0000","1135.0000","1135.0000","1135.0000","1148.0000","1154.0000","1148.0000","1154.0000","1135.0000","1154.0000","1135.0000","1154.0000"," ","0.0000","0.0000","500","573300","1146.6000"
"20200916","01","12","    62760","JP3651100004","341.0000","346.0000","340.0000","340.0000","341.0000","343.0000","341.0000","342.0000","341.0000","346.0000","340.0000","342.0000"," ","0.0000","0.0000","6500","2222700","341.9538"
"20200916","01","12","    62790","JP3411900008","1040.0000","1040.0000","1026.0000","1026.0000","1035.0000","1035.0000","1020.0000","1025.0000","1040.0000","1040.0000","1020.0000","1025.0000"," ","0.0000","0.0000","9000","9296500","1032.9444"
"20200916","01","12","    62810","JP3861400004","459.0000","468.0000","457.0000","468.0000","465.0000","465.0000","456.0000","460.0000","459.0000","468.0000","456.0000","460.0000"," ","0.0000","0.0000","4300","1984900","461.6047"
"20200916","01","12","    62860","JP3414800007","0.0000","0.0000","0.0000","0.0000","0.0000","0.0000","0.0000","0.0000","0.0000","0.0000","0.0000","0.0000"," ","0.0000","0.0000","0","0","0.0000"
"20200916","01","12","    62970","JP3286800002","443.0000","449.0000","443.0000","447.0000","451.0000","451.0000","424.0000","436.0000","443.0000","451.0000","424.0000","436.0000"," ","0.0000","0.0000","16300","7073600","433.9632"
"20200916","01","12","    62990","JP3376000000","1897.0000","1897.0000","1891.0000","1891.0000","1891.0000","1891.0000","1889.0000","1889.0000","1897.0000","1897.0000","1889.0000","1889.0000"," ","0.0000","0.0000","3000","5675700","1891.9000"
"20200916","01","12","    63030","JP3319000000","2233.0000","2233.0000","2233.0000","2233.0000","0.0000","0.0000","0.0000","0.0000","2233.0000","2233.0000","2233.0000","2233.0000"," ","0.0000","0.0000","100","223300","2233.0000"
"20200916","01","12","    63070","JP3334500000","388.0000","388.0000","382.0000","382.0000","382.0000","383.0000","382.0000","383.0000","388.0000","388.0000","382.0000","383.0000"," ","0.0000","0.0000","1400","539800","385.5714"
"20200916","01","12","    63120","JP3829400005","680.0000","685.0000","680.0000","685.0000","685.0000","686.0000","680.0000","683.0000","680.0000","686.0000","680.0000","683.0000"," ","0.0000","0.0000","6200","4239100","683.7258"
"20200916","01","12","    63220","JP3462620000","1295.0000","1299.0000","1275.0000","1276.0000","1275.0000","1275.0000","1275.0000","1275.0000","1295.0000","1299.0000","1275.0000","1275.0000"," ","0.0000","0.0000","1500","1932500","1288.3333"
"20200916","01","12","    63240","JP3765150002","6350.0000","6550.0000","6350.0000","6550.0000","6550.0000","6670.0000","6550.0000","6590.0000","6350.0000","6670.0000","6350.0000","6590.0000"," ","0.0000","0.0000","373500","2444478000","6544.7871"
"20200916","01","12","    63270","JP3237150002","545.0000","556.0000","544.0000","545.0000","545.0000","547.0000","535.0000","539.0000","545.0000","556.0000","535.0000","539.0000"," ","0.0000","0.0000","58500","31912400","545.5111"
"20200916","01","12","    63340","JP3916600004","410.0000","410.0000","405.0000","409.0000","409.0000","412.0000","405.0000","408.0000","410.0000","412.0000","405.0000","408.0000"," ","0.0000","0.0000","36800","14998500","407.5679"
"20200916","01","12","    63360","JP3134450000","775.0000","842.0000","770.0000","795.0000","795.0000","830.0000","762.0000","796.0000","775.0000","842.0000","762.0000","796.0000"," ","0.0000","0.0000","245100","195079400","795.9176"
"20200916","01","12","    63370","JP3545160008","780.0000","798.0000","779.0000","798.0000","798.0000","805.0000","794.0000","794.0000","780.0000","805.0000","779.0000","794.0000"," ","0.0000","0.0000","11600","9221500","794.9569"
"20200916","01","12","    63380","JP3457720005","462.0000","465.0000","461.0000","465.0000","465.0000","466.0000","458.0000","463.0000","462.0000","466.0000","458.0000","463.0000"," ","0.0000","0.0000","4000","1849800","462.4500"
"20200916","01","12","    63420","JP3446400008","1870.0000","1870.0000","1870.0000","1870.0000","0.0000","0.0000","0.0000","0.0000","1870.0000","1870.0000","1870.0000","1870.0000"," ","0.0000","0.0000","100","187000","1870.0000"
"20200916","01","12","    63430","JP3826600003","127.0000","129.0000","127.0000","129.0000","127.0000","129.0000","126.0000","126.0000","127.0000","129.0000","126.0000","126.0000"," ","0.0000","0.0000","25900","3304100","127.5714"
"20200916","01","12","    63460","JP3236400002","0.0000","0.0000","0.0000","0.0000","0.0000","0.0000","0.0000","0.0000","0.0000","0.0000","0.0000","0.0000"," ","0.0000","0.0000","0","0","0.0000"
"20200916","01","12","    63470","JP3832400000","1931.0000","1998.0000","1910.0000","1998.0000","2000.0000","2084.0000","1989.0000","2040.0000","1931.0000","2084.0000","1910.0000","2040.0000"," ","0.0000","0.0000","29000","57521200","1983.4897"
"20200916","01","12","    63570","JP3334800004","638.0000","670.0000","631.0000","653.0000","653.0000","666.0000","650.0000","666.0000","638.0000","670.0000","631.0000","666.0000"," ","0.0000","0.0000","110700","72472900","654.6784"
"20200916","01","12","    63600","JP3578200002","0.0000","0.0000","0.0000","0.0000","0.0000","0.0000","0.0000","0.0000","0.0000","0.0000","0.0000","0.0000"," ","0.0000","0.0000","0","0","0.0000"
"20200916","01","12","    63650","JP3550800001","3145.0000","3145.0000","3095.0000","3095.0000","3095.0000","3095.0000","2994.0000","3020.0000","3145.0000","3145.0000","2994.0000","3020.0000"," ","0.0000","0.0000","1500","4614800","3076.5333"
"20200916","01","12","    63660","JP3528600004","268.0000","270.0000","267.0000","269.0000","270.0000","270.0000","267.0000","268.0000","268.0000","270.0000","267.0000","268.0000"," ","0.0000","0.0000","607700","163212900","268.5748"
"20200916","01","12","    63800","JP3198800009","593.0000","598.0000","584.0000","598.0000","601.0000","608.0000","600.0000","600.0000","593.0000","608.0000","584.0000","600.0000"," ","0.0000","0.0000","4100","2454300","598.6098"
"20200916","01","12","    63820","JP3637000005","667.0000","667.0000","667.0000","667.0000","668.0000","668.0000","664.0000","664.0000","667.0000","668.0000","664.0000","664.0000"," ","0.0000","0.0000","1900","1265800","666.2105"
"20200916","01","12","    63840","JP3366950008","1375.0000","1375.0000","1369.0000","1375.0000","1375.0000","1377.0000","1373.0000","1375.0000","1375.0000","1377.0000","1369.0000","1375.0000"," ","0.0000","0.0000","12000","16472500","1372.7083"
"20200916","01","12","    63910","JP3212200004","2313.0000","2313.0000","2290.0000","2290.0000","0.0000","0.0000","0.0000","0.0000","2313.0000","2313.0000","2290.0000","2290.0000"," ","0.0000","0.0000","200","460300","2301.5000"
"20200916","01","12","    63920","JP3938600008","2182.0000","2182.0000","2101.0000","2173.0000","2210.0000","2285.0000","2204.0000","2285.0000","2182.0000","2285.0000","2101.0000","2285.0000"," ","0.0000","0.0000","2400","5290400","2204.3333"
"20200916","01","12","    63960","JP3158000004","2355.0000","2355.0000","2355.0000","2355.0000","2355.0000","2355.0000","2322.0000","2336.0000","2355.0000","2355.0000","2322.0000","2336.0000"," ","0.0000","0.0000","700","1633900","2334.1429"
"20200916","01","12","    64000","JP3815100007","314.0000","323.0000","313.0000","315.0000","314.0000","316.0000","313.0000","313.0000","314.0000","323.0000","313.0000","313.0000"," ","0.0000","0.0000","332200","105119100","316.4332"
"20200916","01","12","    64020","JP3217300007","1162.0000","1162.0000","1157.0000","1157.0000","1152.0000","1162.0000","1152.0000","1162.0000","1162.0000","1162.0000","1152.0000","1162.0000"," ","0.0000","0.0000","4000","4642000","1160.5000"
"20200916","01","12","    64030","JP3395800000","2255.0000","2255.0000","2254.0000","2254.0000","2252.0000","2252.0000","2252.0000","2252.0000","2255.0000","2255.0000","2252.0000","2252.0000"," ","0.0000","0.0000","400","901600","2254.0000"
"20200916","01","12","    64050","JP3398700009","1479.0000","1479.0000","1476.0000","1476.0000","1470.0000","1492.0000","1470.0000","1492.0000","1479.0000","1492.0000","1470.0000","1492.0000"," ","0.0000","0.0000","600","887200","1478.6667"
"20200916","01","12","    64080","JP3195200005","2548.0000","2548.0000","2548.0000","2548.0000","2544.0000","2658.0000","2544.0000","2545.0000","2548.0000","2658.0000","2544.0000","2545.0000"," ","0.0000","0.0000","6800","17480000","2570.5882"
"20200916","01","12","    64110","JP3644000006","6260.0000","6270.0000","6260.0000","6260.0000","6260.0000","6260.0000","6260.0000","6260.0000","6260.0000","6270.0000","6260.0000","6260.0000"," ","0.0000","0.0000","500","3131000","6262.0000"
"20200916","01","12","    64140","JP3225600000","0.0000","0.0000","0.0000","0.0000","0.0000","0.0000","0.0000","0.0000","0.0000","0.0000","0.0000","0.0000"," ","0.0000","0.0000","0","0","0.0000"
"20200916","01","12","    64160","JP3212800001","0.0000","0.0000","0.0000","0.0000","0.0000","0.0000","0.0000","0.0000","0.0000","0.0000","0.0000","0.0000"," ","0.0000","0.0000","0","0","0.0000"
"20200916","01","12","    64240","JP3458300005","933.0000","933.0000","933.0000","933.0000","926.0000","926.0000","919.0000","919.0000","933.0000","933.0000","919.0000","919.0000"," ","0.0000","0.0000","500","461800","923.6000"
"20200916","01","12","    64250","JP3126130008","2151.0000","2151.0000","2100.0000","2117.0000","2117.0000","2123.0000","2092.0000","2092.0000","2151.0000","2151.0000","2092.0000","2092.0000"," ","0.0000","0.0000","155400","328031500","2110.8848"
"20200916","01","12","    64330","JP3783050002","234.0000","241.0000","234.0000","237.0000","240.0000","243.0000","237.0000","238.0000","234.0000","243.0000","234.0000","238.0000"," ","0.0000","0.0000","43400","10387400","239.3410"
"20200916","01","12","    64660","JP3558810002","0.0000","0.0000","0.0000","0.0000","1776.0000","1780.0000","1770.0000","1770.0000","1776.0000","1780.0000","1770.0000","1770.0000"," ","0.0000","0.0000","700","1243400","1776.2857"
"20200916","01","12","    64670","JP3661940001","444.0000","455.0000","444.0000","453.0000","451.0000","456.0000","450.0000","451.0000","444.0000","456.0000","444.0000","451.0000"," ","0.0000","0.0000","3700","1673600","452.3243"
"20200916","01","12","    64690","JP3839600008","544.0000","549.0000","544.0000","549.0000","549.0000","549.0000","546.0000","547.0000","544.0000","549.0000","544.0000","547.0000"," ","0.0000","0.0000","7300","4004000","548.4932"
"20200916","01","12","    64840","JP3277250001","0.0000","0.0000","0.0000","0.0000","1595.0000","1634.0000","1595.0000","1634.0000","1595.0000","1634.0000","1595.0000","1634.0000"," ","0.0000","0.0000","600","960900","1601.5000"
"20200916","01","12","    64880","JP3957200003","0.0000","0.0000","0.0000","0.0000","0.0000","0.0000","0.0000","0.0000","0.0000","0.0000","0.0000","0.0000"," ","0.0000","0.0000","0","0","0.0000"
"20200916","01","12","    64920","JP3191600000","0.0000","0.0000","0.0000","0.0000","2380.0000","2440.0000","2380.0000","2440.0000","2380.0000","2440.0000","2380.0000","2440.0000"," ","0.0000","0.0000","200","482000","2410.0000"
"20200916","01","12","    64930","JP3680000001","215.0000","217.0000","214.0000","217.0000","216.0000","216.0000","214.0000","215.0000","215.0000","217.0000","214.0000","215.0000"," ","0.0000","0.0000","14600","3150100","215.7603"
"20200916","01","12","    64940","JP3748200007","92.0000","94.0000","92.0000","93.0000","94.0000","97.0000","93.0000","94.0000","92.0000","97.0000","92.0000","94.0000"," ","0.0000","0.0000","266900","25114400","94.0967"
"20200916","01","12","    64950","JP3907600005","114.0000","120.0000","112.0000","120.0000","118.0000","127.0000","112.0000","114.0000","114.0000","127.0000","112.0000","114.0000"," ","0.0000","0.0000","1393000","165944500","119.1274"
"20200916","01","12","    64960","JP3642000008","2497.0000","2497.0000","2497.0000","2497.0000","0.0000","0.0000","0.0000","0.0000","2497.0000","2497.0000","2497.0000","2497.0000"," ","0.0000","0.0000","100","249700","2497.0000"
"20200916","01","12","    64970","JP3770400004","1102.0000","1111.0000","1084.0000","1092.0000","1105.0000","1117.0000","1105.0000","1106.0000","1102.0000","1117.0000","1084.0000","1106.0000"," ","0.0000","0.0000","2600","2866300","1102.4231"
"20200916","01","12","    65020","JP3592200004","2973.0000","3005.0000","2952.0000","2994.0000","2990.0000","3005.0000","2981.0000","2981.0000","2973.0000","3005.0000","2952.0000","2981.0000"," ","0.0000","0.0000","2180500","6503326900","2982.4934"
"20200916","01","12","    65180","JP3335300004","0.0000","0.0000","0.0000","0.0000","1047.0000","1058.0000","1047.0000","1058.0000","1047.0000","1058.0000","1047.0000","1058.0000"," ","0.0000","0.0000","200","210500","1052.5000"
"20200916","01","12","    65310","JP3974780003","1417.0000","1430.0000","1382.0000","1388.0000","1398.0000","1422.0000","1387.0000","1422.0000","1417.0000","1430.0000","1382.0000","1422.0000"," ","0.0000","0.0000","60700","85029800","1400.8204"
"20200916","01","12","    65370","JP3155550001","708.0000","715.0000","706.0000","711.0000","711.0000","711.0000","690.0000","693.0000","708.0000","715.0000","690.0000","693.0000"," ","0.0000","0.0000","19400","13632200","702.6907"
"20200916","01","12","    65420","JP3166960009","910.0000","927.0000","910.0000","925.0000","922.0000","924.0000","920.0000","922.0000","910.0000","927.0000","910.0000","922.0000"," ","0.0000","0.0000","19900","18295200","919.3568"
"20200916","01","12","    65430","JP3679810006","1161.0000","1161.0000","1161.0000","1161.0000","0.0000","0.0000","0.0000","0.0000","1161.0000","1161.0000","1161.0000","1161.0000"," ","0.0000","0.0000","100","116100","1161.0000"
"20200916","01","12","    65450","JP3152880005","549.0000","567.0000","542.0000","565.0000","566.0000","583.0000","561.0000","583.0000","549.0000","583.0000","542.0000","583.0000"," ","0.0000","0.0000","47500","26589800","559.7853"
"20200916","01","12","    65480","JP3470000005","1360.0000","1380.0000","1310.0000","1333.0000","1333.0000","1360.0000","1312.0000","1326.0000","1360.0000","1380.0000","1310.0000","1326.0000"," ","0.0000","0.0000","60300","80715400","1338.5638"
"20200916","01","12","    65490","JP3548790009","1740.0000","1740.0000","1680.0000","1710.0000","1707.0000","1767.0000","1707.0000","1767.0000","1740.0000","1767.0000","1680.0000","1767.0000"," ","0.0000","0.0000","25600","44228100","1727.6602"
"20200916","01","12","    65500","JP3826780003","539.0000","539.0000","528.0000","535.0000","535.0000","550.0000","535.0000","545.0000","539.0000","550.0000","528.0000","545.0000"," ","0.0000","0.0000","41400","22243400","537.2802"
"20200916","01","12","    65540","JP3163970001","515.0000","535.0000","502.0000","518.0000","515.0000","519.0000","488.0000","494.0000","515.0000","535.0000","488.0000","494.0000"," ","0.0000","0.0000","441000","226788500","514.2596"
"20200916","01","12","    65560","JP3155390002","1569.0000","1584.0000","1546.0000","1571.0000","1572.0000","1573.0000","1548.0000","1561.0000","1569.0000","1584.0000","1546.0000","1561.0000"," ","0.0000","0.0000","58400","91447700","1565.8853"
"20200916","01","12","    65570","JP3274360001","1406.0000","1520.0000","1402.0000","1445.0000","1445.0000","1449.0000","1331.0000","1399.0000","1406.0000","1520.0000","1331.0000","1399.0000"," ","0.0000","0.0000","146700","209728300","1429.6408"
"20200916","01","12","    65580","JP3266210008","1223.0000","1231.0000","1223.0000","1231.0000","1232.0000","1238.0000","1190.0000","1190.0000","1223.0000","1238.0000","1190.0000","1190.0000"," ","0.0000","0.0000","9400","11384100","1211.0745"
"20200916","01","12","    65610","JP3769900006","717.0000","743.0000","717.0000","725.0000","724.0000","726.0000","701.0000","704.0000","717.0000","743.0000","701.0000","704.0000"," ","0.0000","0.0000","17800","12797700","718.9719"
"20200916","01","12","    65620","JP3386640001","675.0000","678.0000","668.0000","678.0000","679.0000","681.0000","653.0000","671.0000","675.0000","681.0000","653.0000","671.0000"," ","0.0000","0.0000","65700","43842500","667.3135"
"20200916","01","12","    65630","JP3910630007","3965.0000","3990.0000","3915.0000","3915.0000","3910.0000","3920.0000","3825.0000","3895.0000","3965.0000","3990.0000","3825.0000","3895.0000"," ","0.0000","0.0000","7900","30978500","3921.3291"
"20200916","01","12","    65650","JP3160610006","1320.0000","1320.0000","1300.0000","1300.0000","1270.0000","1280.0000","1270.0000","1279.0000","1320.0000","1320.0000","1270.0000","1279.0000"," ","0.0000","0.0000","1200","1543700","1286.4167"
"20200916","01","12","    65660","JP3215150008","842.0000","844.0000","842.0000","842.0000","842.0000","852.0000","842.0000","852.0000","842.0000","852.0000","842.0000","852.0000"," ","0.0000","0.0000","3100","2616900","844.1613"
"20200916","01","12","    65670","JP3423560006","2441.0000","2454.0000","2183.0000","2228.0000","2227.0000","2260.0000","2143.0000","2170.0000","2441.0000","2454.0000","2143.0000","2170.0000"," ","0.0000","0.0000","166200","374462000","2253.0806"
"20200916","01","12","    65680","JP3290400005","1644.0000","1644.0000","1630.0000","1639.0000","1638.0000","1639.0000","1638.0000","1639.0000","1644.0000","1644.0000","1630.0000","1639.0000"," ","0.0000","0.0000","5700","9328100","1636.5088"
"20200916","01","12","    65700","JP3254830007","381.0000","387.0000","381.0000","386.0000","385.0000","385.0000","379.0000","379.0000","381.0000","387.0000","379.0000","379.0000"," ","0.0000","0.0000","9200","3516000","382.1739"
"20200916","01","12","    65730","JP3119610008","801.0000","814.0000","795.0000","803.0000","803.0000","824.0000","802.0000","818.0000","801.0000","824.0000","795.0000","818.0000"," ","0.0000","0.0000","28600","23198200","811.1259"
"20200916","01","12","    65740","JP3305980009","712.0000","717.0000","710.0000","715.0000","716.0000","716.0000","710.0000","714.0000","712.0000","717.0000","710.0000","714.0000"," ","0.0000","0.0000","2500","1782800","713.1200"
"20200916","01","12","    65750","JP3794480008","653.0000","663.0000","652.0000","663.0000","663.0000","663.0000","662.0000","663.0000","653.0000","663.0000","652.0000","663.0000"," ","0.0000","0.0000","5500","3618300","657.8727"
"20200916","01","12","    65760","JP3953630005","0.0000","0.0000","0.0000","0.0000","0.0000","0.0000","0.0000","0.0000","0.0000","0.0000","0.0000","0.0000"," ","0.0000","0.0000","0","0","0.0000"
"20200916","01","12","    65770","JP3835590005","1763.0000","1815.0000","1763.0000","1797.0000","1797.0000","1910.0000","1790.0000","1910.0000","1763.0000","1910.0000","1763.0000","1910.0000"," ","0.0000","0.0000","32100","58442200","1820.6293"
"20200916","01","12","    65780","JP3165860002","384.0000","385.0000","384.0000","384.0000","387.0000","387.0000","382.0000","382.0000","384.0000","387.0000","382.0000","382.0000"," ","0.0000","0.0000","800","307700","384.6250"
"20200916","01","12","    65790","JP3984110001","5860.0000","6220.0000","5660.0000","5830.0000","5850.0000","5980.0000","5690.0000","5830.0000","5860.0000","6220.0000","5660.0000","5830.0000"," ","0.0000","0.0000","413100","2442797000","5913.3309"
"20200916","01","12","    65800","JP3965450004","2720.0000","2868.0000","2712.0000","2782.0000","2824.0000","2824.0000","2731.0000","2751.0000","2720.0000","2868.0000","2712.0000","2751.0000"," ","0.0000","0.0000","101800","283743100","2787.2603"
"20200916","01","12","    65960","JP3532900002","0.0000","0.0000","0.0000","0.0000","0.0000","0.0000","0.0000","0.0000","0.0000","0.0000","0.0000","0.0000"," ","0.0000","0.0000","0","0","0.0000"
"20200916","01","12","    65970","JP3160940007","2217.0000","2343.0000","2217.0000","2343.0000","2330.0000","2361.0000","2330.0000","2359.0000","2217.0000","2361.0000","2217.0000","2359.0000"," ","0.0000","0.0000","139200","321922300","2312.6602"
"20200916","01","12","    65990","JP3167220007","5100.0000","5150.0000","5020.0000","5100.0000","5080.0000","5170.0000","5070.0000","5160.0000","5100.0000","5170.0000","5020.0000","5160.0000"," ","0.0000","0.0000","28900","147458000","5102.3529"
"20200916","01","12","    66180","JP3174900005","577.0000","589.0000","577.0000","584.0000","587.0000","590.0000","584.0000","586.0000","577.0000","590.0000","577.0000","586.0000"," ","0.0000","0.0000","39800","23240000","583.9196"
"20200916","01","12","    66250","JP3390220006","205.0000","209.0000","204.0000","206.0000","207.0000","212.0000","207.0000","212.0000","205.0000","212.0000","204.0000","212.0000"," ","0.0000","0.0000","492800","102281500","207.5517"
"20200916","01","12","    66260","JP3423350002","3635.0000","3635.0000","3510.0000","3535.0000","3535.0000","3580.0000","3530.0000","3580.0000","3635.0000","3635.0000","3510.0000","3580.0000"," ","0.0000","0.0000","19200","68257500","3555.0781"
"20200916","01","12","    66270","JP3546550009","742.0000","752.0000","737.0000","750.0000","750.0000","755.0000","747.0000","749.0000","742.0000","755.0000","737.0000","749.0000"," ","0.0000","0.0000","27800","20779800","747.4748"
"20200916","01","12","    66280","JP3202110007","36.0000","39.0000","35.0000","37.0000","37.0000","38.0000","36.0000","37.0000","36.0000","39.0000","35.0000","37.0000"," ","0.0000","0.0000","7050600","263052700","37.3093"
"20200916","01","12","    66290","JP3545220000","867.0000","887.0000","858.0000","887.0000","888.0000","908.0000","881.0000","908.0000","867.0000","908.0000","858.0000","908.0000"," ","0.0000","0.0000","523000","463712700","886.6400"
"20200916","01","12","    66330","JP3126390008","305.0000","305.0000","301.0000","301.0000","301.0000","307.0000","301.0000","307.0000","305.0000","307.0000","301.0000","307.0000"," ","0.0000","0.0000","5600","1701500","303.8393"
"20200916","01","12","    66340","JP3758170009","188.0000","233.0000","187.0000","233.0000","233.0000","233.0000","233.0000","233.0000","188.0000","233.0000","187.0000","233.0000"," ","0.0000","0.0000","3319500","735258200","221.4967"
"20200916","01","12","    66350","JP3493200004","510.0000","526.0000","510.0000","519.0000","511.0000","522.0000","511.0000","515.0000","510.0000","526.0000","510.0000","515.0000"," ","0.0000","0.0000","27200","14053500","516.6728"
"20200916","01","12","    66370","JP3546100003","972.0000","998.0000","972.0000","975.0000","975.0000","989.0000","975.0000","977.0000","972.0000","998.0000","972.0000","977.0000"," ","0.0000","0.0000","4500","4429400","984.3111"
"20200916","01","12","    66390","JP3306030002","1579.0000","1579.0000","1579.0000","1579.0000","1582.0000","1582.0000","1582.0000","1582.0000","1579.0000","1582.0000","1579.0000","1582.0000"," ","0.0000","0.0000","200","316100","1580.5000"
"20200916","01","12","    66430","JP3623400003","1710.0000","1710.0000","1702.0000","1702.0000","1702.0000","1702.0000","1702.0000","1702.0000","1710.0000","1710.0000","1702.0000","1702.0000"," ","0.0000","0.0000","2200","3753200","1706.0000"
"20200916","01","12","    66470","JP3923200004","0.0000","0.0000","0.0000","0.0000","0.0000","0.0000","0.0000","0.0000","0.0000","0.0000","0.0000","0.0000"," ","0.0000","0.0000","0","0","0.0000"
"20200916","01","12","    66480","JP3225000003","0.0000","0.0000","0.0000","0.0000","2402.0000","2402.0000","2402.0000","2402.0000","2402.0000","2402.0000","2402.0000","2402.0000"," ","0.0000","0.0000","100","240200","2402.0000"
"20200916","01","12","    66560","JP3152650002","2775.0000","2810.0000","2750.0000","2795.0000","2790.0000","2828.0000","2790.0000","2811.0000","2775.0000","2828.0000","2750.0000","2811.0000"," ","0.0000","0.0000","26900","75283000","2798.6245"
"20200916","01","12","    66580","JP3369500008","210.0000","210.0000","204.0000","205.0000","205.0000","207.0000","204.0000","204.0000","210.0000","210.0000","204.0000","204.0000"," ","0.0000","0.0000","30000","6167000","205.5667"
"20200916","01","12","    66590","JP3921120006","595.0000","649.0000","586.0000","594.0000","600.0000","606.0000","583.0000","595.0000","595.0000","649.0000","583.0000","595.0000"," ","0.0000","0.0000","2702200","1661095700","614.7197"
"20200916","01","12","    66620","JP3100620008","260.0000","263.0000","260.0000","261.0000","260.0000","263.0000","259.0000","262.0000","260.0000","263.0000","259.0000","262.0000"," ","0.0000","0.0000","8000","2090300","261.2875"
"20200916","01","12","    66630","JP3451100006","410.0000","410.0000","402.0000","408.0000","407.0000","415.0000","405.0000","405.0000","410.0000","415.0000","402.0000","405.0000"," ","0.0000","0.0000","5500","2230900","405.6182"
"20200916","01","12","    66640","JP3197740008","444.0000","444.0000","438.0000","440.0000","440.0000","444.0000","438.0000","438.0000","444.0000","444.0000","438.0000","438.0000"," ","0.0000","0.0000","20600","9084900","441.0146"
"20200916","01","12","    66660","JP3974550000","700.0000","720.0000","698.0000","720.0000","717.0000","719.0000","708.0000","716.0000","700.0000","720.0000","698.0000","716.0000"," ","0.0000","0.0000","195900","139539300","712.2986"
"20200916","01","12","    66680","JP3122010006","1070.0000","1071.0000","1048.0000","1065.0000","1069.0000","1117.0000","1065.0000","1109.0000","1070.0000","1117.0000","1048.0000","1109.0000"," ","0.0000","0.0000","131300","142899500","1088.3435"
"20200916","01","12","    66700","JP3167420003","925.0000","942.0000","923.0000","939.0000","940.0000","943.0000","934.0000","939.0000","925.0000","943.0000","923.0000","939.0000"," ","0.0000","0.0000","534600","500967500","937.0885"
"20200916","01","12","    66770","JP3162640001","1081.0000","1082.0000","1066.0000","1081.0000","1094.0000","1129.0000","1090.0000","1123.0000","1081.0000","1129.0000","1066.0000","1123.0000"," ","0.0000","0.0000","92500","102822800","1111.5978"
"20200916","01","12","    66940","JP3411820008","1719.0000","1719.0000","1709.0000","1709.0000","1705.0000","1709.0000","1698.0000","1702.0000","1719.0000","1719.0000","1698.0000","1702.0000"," ","0.0000","0.0000","6900","11797200","1709.7391"
"20200916","01","12","    66950","JP3637100003","0.0000","0.0000","0.0000","0.0000","0.0000","0.0000","0.0000","0.0000","0.0000","0.0000","0.0000","0.0000"," ","0.0000","0.0000","0","0","0.0000"
"20200916","01","12","    66960","JP3635680006","824.0000","850.0000","824.0000","838.0000","848.0000","897.0000","837.0000","886.0000","824.0000","897.0000","824.0000","886.0000"," ","0.0000","0.0000","15300","13088400","855.4510"
"20200916","01","12","    66980","JP3159970007","911.0000","914.0000","905.0000","910.0000","912.0000","927.0000","912.0000","927.0000","911.0000","927.0000","905.0000","927.0000"," ","0.0000","0.0000","51700","47300100","914.8956"
"20200916","01","12","    67090","JP3918600002","667.0000","671.0000","666.0000","668.0000","670.0000","670.0000","666.0000","666.0000","667.0000","671.0000","666.0000","666.0000"," ","0.0000","0.0000","20200","13474900","667.0743"
"20200916","01","12","    67210","JP3154370005","0.0000","0.0000","0.0000","0.0000","221.0000","221.0000","221.0000","221.0000","221.0000","221.0000","221.0000","221.0000"," ","0.0000","0.0000","140600","31072600","221.0000"
"20200916","01","12","    67220","JP3160680009","1366.0000","1386.0000","1366.0000","1386.0000","1372.0000","1387.0000","1368.0000","1368.0000","1366.0000","1387.0000","1366.0000","1368.0000"," ","0.0000","0.0000","4100","5633300","1373.9756"
"20200916","01","12","    67310","JP3801620000","34.0000","34.0000","33.0000","34.0000","34.0000","35.0000","34.0000","35.0000","34.0000","35.0000","33.0000","35.0000"," ","0.0000","0.0000","1025100","34795300","33.9433"
"20200916","01","12","    67340","JP3756250001","1940.0000","1948.0000","1901.0000","1920.0000","1916.0000","1932.0000","1901.0000","1901.0000","1940.0000","1948.0000","1901.0000","1901.0000"," ","0.0000","0.0000","5800","11158000","1923.7931"
"20200916","01","12","    67360","JP3336450006","2190.0000","2229.0000","2169.0000","2207.0000","2216.0000","2269.0000","2216.0000","2260.0000","2190.0000","2269.0000","2169.0000","2260.0000"," ","0.0000","0.0000","30700","68276800","2224.0000"
"20200916","01","12","    67430","JP3490600008","600.0000","603.0000","600.0000","603.0000","600.0000","600.0000","600.0000","600.0000","600.0000","603.0000","600.0000","600.0000"," ","0.0000","0.0000","2700","1620900","600.3333"
"20200916","01","12","    67570","JP3171000007","2213.0000","2213.0000","2121.0000","2131.0000","2130.0000","2156.0000","2126.0000","2129.0000","2213.0000","2213.0000","2121.0000","2129.0000"," ","0.0000","0.0000","110500","237012500","2144.9095"
"20200916","01","12","    67690","JP3345600005","795.0000","816.0000","795.0000","810.0000","810.0000","816.0000","810.0000","812.0000","795.0000","816.0000","795.0000","812.0000"," ","0.0000","0.0000","35600","28849500","810.3792"
"20200916","01","12","    67720","JP3576200004","816.0000","816.0000","816.0000","816.0000","824.0000","824.0000","824.0000","824.0000","816.0000","824.0000","816.0000","824.0000"," ","0.0000","0.0000","200","164000","820.0000"
"20200916","01","12","    67750","JP3623100009","211.0000","218.0000","211.0000","214.0000","215.0000","216.0000","213.0000","215.0000","211.0000","218.0000","211.0000","215.0000"," ","0.0000","0.0000","53300","11438500","214.6060"
"20200916","01","12","    67760","JP3547600001","301.0000","301.0000","298.0000","299.0000","299.0000","300.0000","298.0000","300.0000","301.0000","301.0000","298.0000","300.0000"," ","0.0000","0.0000","64200","19201600","299.0903"
"20200916","01","12","    67770","JP3335410001","1821.0000","1864.0000","1810.0000","1857.0000","1848.0000","1870.0000","1846.0000","1865.0000","1821.0000","1870.0000","1810.0000","1865.0000"," ","0.0000","0.0000","48600","89488000","1841.3169"
"20200916","01","12","    67780","JP3126140007","1655.0000","1668.0000","1637.0000","1642.0000","1638.0000","1642.0000","1628.0000","1640.0000","1655.0000","1668.0000","1628.0000","1640.0000"," ","0.0000","0.0000","169800","278506300","1640.2020"
"20200916","01","12","    67860","JP3969550007","103.0000","104.0000","103.0000","104.0000","104.0000","106.0000","103.0000","103.0000","103.0000","106.0000","103.0000","103.0000"," ","0.0000","0.0000","84200","8776300","104.2316"
"20200916","01","12","    67870","JP3915350007","1803.0000","1849.0000","1803.0000","1844.0000","1840.0000","1845.0000","1808.0000","1817.0000","1803.0000","1849.0000","1803.0000","1817.0000"," ","0.0000","0.0000","132100","241740900","1829.9841"
"20200916","01","12","    68190","JP3855600007","101.0000","101.0000","99.0000","100.0000","101.0000","101.0000","100.0000","101.0000","101.0000","101.0000","99.0000","101.0000"," ","0.0000","0.0000","27100","2720200","100.3764"
"20200916","01","12","    68220","JP3175400005","2863.0000","2939.0000","2856.0000","2935.0000","2944.0000","2950.0000","2925.0000","2940.0000","2863.0000","2950.0000","2856.0000","2940.0000"," ","0.0000","0.0000","1200","3494600","2912.1667"
"20200916","01","12","    68240","JP3376400002","0.0000","0.0000","0.0000","0.0000","0.0000","0.0000","0.0000","0.0000","0.0000","0.0000","0.0000","0.0000"," ","0.0000","0.0000","0","0","0.0000"
"20200916","01","12","    68320","JP3105280006","2148.0000","2148.0000","2118.0000","2118.0000","2138.0000","2170.0000","2138.0000","2152.0000","2148.0000","2170.0000","2118.0000","2152.0000"," ","0.0000","0.0000","1700","3651500","2147.9412"
"20200916","01","12","    68340","JP3414870000","1874.0000","1904.0000","1874.0000","1896.0000","1888.0000","1900.0000","1883.0000","1900.0000","1874.0000","1904.0000","1874.0000","1900.0000"," ","0.0000","0.0000","6900","13027200","1888.0000"
"20200916","01","12","    68350","JP3124900006","91.0000","104.0000","90.0000","104.0000","113.0000","120.0000","111.0000","120.0000","91.0000","120.0000","90.0000","120.0000"," ","0.0000","0.0000","11093000","1220252500","110.0020"
"20200916","01","12","    68360","JP3833000007","1540.0000","1574.0000","1540.0000","1572.0000","1532.0000","1569.0000","1522.0000","1554.0000","1540.0000","1574.0000","1522.0000","1554.0000"," ","0.0000","0.0000","1800","2791200","1550.6667"
"20200916","01","12","    68370","JP3249230008","257.0000","260.0000","257.0000","260.0000","260.0000","262.0000","260.0000","262.0000","257.0000","262.0000","257.0000","262.0000"," ","0.0000","0.0000","4000","1042400","260.6000"
"20200916","01","12","    68380","JP3470700000","1961.0000","1989.0000","1943.0000","1977.0000","1984.0000","1994.0000","1980.0000","1993.0000","1961.0000","1994.0000","1943.0000","1993.0000"," ","0.0000","0.0000","48900","96612400","1975.7137"
"20200916","01","12","    68400","JP3121980001","4665.0000","4930.0000","4635.0000","4865.0000","4810.0000","4830.0000","4775.0000","4780.0000","4665.0000","4930.0000","4635.0000","4780.0000"," ","0.0000","0.0000","28100","135146500","4809.4840"
"20200916","01","12","    68520","JP3545030003","0.0000","0.0000","0.0000","0.0000","0.0000","0.0000","0.0000","0.0000","0.0000","0.0000","0.0000","0.0000"," ","0.0000","0.0000","0","0","0.0000"
"20200916","01","12","    68620","JP3905800003","600.0000","608.0000","581.0000","585.0000","585.0000","587.0000","575.0000","575.0000","600.0000","608.0000","575.0000","575.0000"," ","0.0000","0.0000","540800","317638200","587.3487"
"20200916","01","12","    68630","JP3756400002","780.0000","780.0000","777.0000","780.0000","790.0000","790.0000","781.0000","781.0000","780.0000","790.0000","777.0000","781.0000"," ","0.0000","0.0000","4000","3131900","782.9750"
"20200916","01","12","    68640","JP3164680005","2076.0000","2119.0000","2076.0000","2106.0000","2110.0000","2110.0000","2058.0000","2074.0000","2076.0000","2119.0000","2058.0000","2074.0000"," ","0.0000","0.0000","51800","108225700","2089.2992"
"20200916","01","12","    68670","JP3969350002","764.0000","783.0000","764.0000","777.0000","777.0000","777.0000","757.0000","763.0000","764.0000","783.0000","757.0000","763.0000"," ","0.0000","0.0000","23400","17985700","768.6197"
"20200916","01","12","    68700","JP3749100008","1420.0000","1430.0000","1420.0000","1426.0000","1420.0000","1466.0000","1420.0000","1432.0000","1420.0000","1466.0000","1420.0000","1432.0000"," ","0.0000","0.0000","9100","13066900","1435.9231"
"20200916","01","12","    68740","JP3253850006","2028.0000","2064.0000","2027.0000","2064.0000","2028.0000","2054.0000","2028.0000","2053.0000","2028.0000","2064.0000","2027.0000","2053.0000"," ","0.0000","0.0000","2600","5295800","2036.8462"
"20200916","01","12","    68810","JP3250200007","308.0000","310.0000","307.0000","310.0000","311.0000","311.0000","308.0000","310.0000","308.0000","311.0000","307.0000","310.0000"," ","0.0000","0.0000","76100","23527200","309.1616"
"20200916","01","12","    68820","JP3332600000","577.0000","585.0000","575.0000","581.0000","582.0000","582.0000","573.0000","575.0000","577.0000","585.0000","573.0000","575.0000"," ","0.0000","0.0000","24200","14003000","578.6364"
"20200916","01","12","    68880","JP3108100003","520.0000","525.0000","515.0000","518.0000","521.0000","536.0000","516.0000","528.0000","520.0000","536.0000","515.0000","528.0000"," ","0.0000","0.0000","354600","186462100","525.8378"
"20200916","01","12","    68900","JP3802720007","922.0000","936.0000","896.0000","908.0000","905.0000","910.0000","897.0000","910.0000","922.0000","936.0000","896.0000","910.0000"," ","0.0000","0.0000","1243800","1137523200","914.5548"
"20200916","01","12","    68940","JP3782000008","1644.0000","1644.0000","1644.0000","1644.0000","0.0000","0.0000","0.0000","0.0000","1644.0000","1644.0000","1644.0000","1644.0000"," ","0.0000","0.0000","100","164400","1644.0000"
"20200916","01","12","    68970","JP3531100000","690.0000","701.0000","677.0000","689.0000","688.0000","693.0000","681.0000","682.0000","690.0000","701.0000","677.0000","682.0000"," ","0.0000","0.0000","261700","179787700","686.9992"
"20200916","01","12","    68980","JP3630700007","1089.0000","1150.0000","1083.0000","1095.0000","1108.0000","1113.0000","1104.0000","1113.0000","1089.0000","1150.0000","1083.0000","1113.0000"," ","0.0000","0.0000","3900","4272800","1095.5897"
"20200916","01","12","    68990","JP3119960007","1266.0000","1278.0000","1265.0000","1276.0000","1276.0000","1280.0000","1276.0000","1280.0000","1266.0000","1280.0000","1265.0000","1280.0000"," ","0.0000","0.0000","2300","2930400","1274.0870"
"20200916","01","12","    69070","JP3386300002","404.0000","409.0000","403.0000","408.0000","404.0000","408.0000","404.0000","408.0000","404.0000","409.0000","403.0000","408.0000"," ","0.0000","0.0000","4800","1950000","406.2500"
"20200916","01","12","    69120","JP3236700005","0.0000","0.0000","0.0000","0.0000","731.0000","743.0000","731.0000","739.0000","731.0000","743.0000","731.0000","739.0000"," ","0.0000","0.0000","1000","740500","740.5000"
"20200916","01","12","    69180","JP3122500006","3110.0000","3220.0000","3100.0000","3220.0000","3245.0000","3270.0000","3230.0000","3230.0000","3110.0000","3270.0000","3100.0000","3230.0000"," ","0.0000","0.0000","52900","169647000","3206.9376"
"20200916","01","12","    69190","JP3281700009","843.0000","855.0000","842.0000","855.0000","859.0000","862.0000","856.0000","858.0000","843.0000","862.0000","842.0000","858.0000"," ","0.0000","0.0000","6100","5228300","857.0984"
"20200916","01","12","    69300","JP3686600002","997.0000","997.0000","960.0000","985.0000","990.0000","996.0000","986.0000","996.0000","997.0000","997.0000","960.0000","996.0000"," ","0.0000","0.0000","3500","3435200","981.4857"
"20200916","01","12","    69420","JP3436000008","1789.0000","1789.0000","1728.0000","1730.0000","1729.0000","1764.0000","1729.0000","1733.0000","1789.0000","1789.0000","1728.0000","1733.0000"," ","0.0000","0.0000","8600","15041500","1749.0116"
"20200916","01","12","    69430","JP3691400000","4180.0000","4180.0000","4135.0000","4135.0000","0.0000","0.0000","0.0000","0.0000","4180.0000","4180.0000","4135.0000","4135.0000"," ","0.0000","0.0000","300","1249500","4165.0000"
"20200916","01","12","    69440","JP3105150001","1611.0000","1611.0000","1610.0000","1610.0000","1618.0000","1629.0000","1618.0000","1619.0000","1611.0000","1629.0000","1610.0000","1619.0000"," ","0.0000","0.0000","1700","2751400","1618.4706"
"20200916","01","12","    69450","JP3818200002","1540.0000","1547.0000","1540.0000","1543.0000","1541.0000","1544.0000","1541.0000","1541.0000","1540.0000","1547.0000","1540.0000","1541.0000"," ","0.0000","0.0000","35000","53986200","1542.4629"
"20200916","01","12","    69460","JP3686200001","1905.0000","1931.0000","1904.0000","1910.0000","1909.0000","1970.0000","1909.0000","1962.0000","1905.0000","1970.0000","1904.0000","1962.0000"," ","0.0000","0.0000","22900","44536100","1944.8079"
"20200916","01","12","    69550","JP3820400004","1041.0000","1055.0000","1024.0000","1027.0000","1025.0000","1035.0000","1022.0000","1031.0000","1041.0000","1055.0000","1022.0000","1031.0000"," ","0.0000","0.0000","314500","324864100","1032.9542"
"20200916","01","12","    69570","JP3354800009","2285.0000","2299.0000","2285.0000","2292.0000","2298.0000","2298.0000","2280.0000","2280.0000","2285.0000","2299.0000","2280.0000","2280.0000"," ","0.0000","0.0000","2400","5497800","2290.7500"
"20200916","01","12","    69600","JP3806000000","7500.0000","7650.0000","7450.0000","7450.0000","7450.0000","7550.0000","7230.0000","7410.0000","7500.0000","7650.0000","7230.0000","7410.0000"," ","0.0000","0.0000","11900","89122000","7489.2437"
"20200916","01","12","    69640","JP3330400007","460.0000","462.0000","460.0000","462.0000","462.0000","463.0000","460.0000","460.0000","460.0000","463.0000","460.0000","460.0000"," ","0.0000","0.0000","600","276900","461.5000"
"20200916","01","12","    69690","JP3864400001","286.0000","289.0000","285.0000","289.0000","290.0000","291.0000","288.0000","288.0000","286.0000","291.0000","285.0000","288.0000"," ","0.0000","0.0000","1600","461900","288.6875"
"20200916","01","12","    69770","JP3730600008","960.0000","960.0000","960.0000","960.0000","945.0000","945.0000","945.0000","945.0000","960.0000","960.0000","945.0000","945.0000"," ","0.0000","0.0000","700","669000","955.7143"
"20200916","01","12","    69820","JP3969400005","374.0000","374.0000","370.0000","374.0000","370.0000","375.0000","370.0000","375.0000","374.0000","375.0000","370.0000","375.0000"," ","0.0000","0.0000","4000","1490000","372.5000"
"20200916","01","12","    69930","JP3926000005","30.0000","31.0000","30.0000","30.0000","30.0000","31.0000","30.0000","30.0000","30.0000","31.0000","30.0000","30.0000"," ","0.0000","0.0000","638600","19174900","30.0265"
"20200916","01","12","    69940","JP3352800001","511.0000","512.0000","510.0000","512.0000","511.0000","512.0000","511.0000","512.0000","511.0000","512.0000","510.0000","512.0000"," ","0.0000","0.0000","1500","767000","511.3333"
"20200916","01","12","    69980","JP3727000006","1775.0000","1790.0000","1775.0000","1780.0000","1780.0000","1785.0000","1780.0000","1785.0000","1775.0000","1790.0000","1775.0000","1785.0000"," ","0.0000","0.0000","500","891000","1782.0000"
"20200916","01","12","    70180","JP3640400002","1050.0000","1050.0000","1050.0000","1050.0000","1066.0000","1066.0000","1053.0000","1053.0000","1050.0000","1066.0000","1050.0000","1053.0000"," ","0.0000","0.0000","300","316900","1056.3333"
"20200916","01","12","    70210","JP3680400003","1330.0000","1330.0000","1330.0000","1330.0000","0.0000","0.0000","0.0000","0.0000","1330.0000","1330.0000","1330.0000","1330.0000"," ","0.0000","0.0000","400","532000","1330.0000"
"20200916","01","12","    70360","JP3130210002","2230.0000","2230.0000","2161.0000","2184.0000","2184.0000","2184.0000","2071.0000","2175.0000","2230.0000","2230.0000","2071.0000","2175.0000"," ","0.0000","0.0000","6600","14249000","2158.9394"
"20200916","01","12","    70370","JP3545820007","1367.0000","1463.0000","1367.0000","1431.0000","1431.0000","1440.0000","1390.0000","1421.0000","1367.0000","1463.0000","1367.0000","1421.0000"," ","0.0000","0.0000","111200","157911100","1420.0638"
"20200916","01","12","    70390","JP3831050004","2748.0000","2748.0000","2699.0000","2700.0000","2705.0000","2708.0000","2685.0000","2687.0000","2748.0000","2748.0000","2685.0000","2687.0000"," ","0.0000","0.0000","34000","92180300","2711.1853"
"20200916","01","12","    70400","JP3342700006","966.0000","981.0000","965.0000","981.0000","970.0000","970.0000","970.0000","970.0000","966.0000","981.0000","965.0000","970.0000"," ","0.0000","0.0000","2100","2031600","967.4286"
"20200916","01","12","    70410","JP3346110004","494.0000","494.0000","490.0000","492.0000","493.0000","496.0000","492.0000","493.0000","494.0000","496.0000","490.0000","493.0000"," ","0.0000","0.0000","5600","2763500","493.4821"
"20200916","01","12","    70420","JP3108190004","847.0000","852.0000","847.0000","852.0000","852.0000","852.0000","847.0000","847.0000","847.0000","852.0000","847.0000","847.0000"," ","0.0000","0.0000","1300","1104100","849.3077"
"20200916","01","12","    70430","JP3126050008","647.0000","655.0000","647.0000","655.0000","655.0000","680.0000","655.0000","671.0000","647.0000","680.0000","647.0000","671.0000"," ","0.0000","0.0000","7400","4925300","665.5811"
"20200916","01","12","    70450","JP3532850009","1400.0000","1409.0000","1400.0000","1409.0000","1384.0000","1408.0000","1384.0000","1408.0000","1400.0000","1409.0000","1384.0000","1408.0000"," ","0.0000","0.0000","600","841300","1402.1667"
"20200916","01","12","    70460","JP3545250007","2800.0000","2860.0000","2800.0000","2860.0000","2835.0000","2862.0000","2812.0000","2823.0000","2800.0000","2862.0000","2800.0000","2823.0000"," ","0.0000","0.0000","10600","30028200","2832.8491"
"20200916","01","12","    70470","JP3855850008","931.0000","939.0000","912.0000","935.0000","934.0000","939.0000","916.0000","929.0000","931.0000","939.0000","912.0000","929.0000"," ","0.0000","0.0000","367000","339616900","925.3866"
"20200916","01","12","    70480","JP3835830005","605.0000","610.0000","588.0000","599.0000","600.0000","602.0000","595.0000","600.0000","605.0000","610.0000","588.0000","600.0000"," ","0.0000","0.0000","284900","170746400","599.3205"
"20200916","01","12","    70490","JP3348200001","1329.0000","1360.0000","1323.0000","1346.0000","1350.0000","1350.0000","1315.0000","1315.0000","1329.0000","1360.0000","1315.0000","1315.0000"," ","0.0000","0.0000","43400","58155800","1339.9954"
"20200916","01","12","    70500","JP3829520000","1657.0000","1681.0000","1620.0000","1629.0000","1630.0000","1676.0000","1630.0000","1655.0000","1657.0000","1681.0000","1620.0000","1655.0000"," ","0.0000","0.0000","28400","46765100","1646.6585"
"20200916","01","12","    70560","JP3873750008","0.0000","0.0000","0.0000","0.0000","0.0000","0.0000","0.0000","0.0000","0.0000","0.0000","0.0000","0.0000"," ","0.0000","0.0000","0","0","0.0000"
"20200916","01","12","    70570","JP3165050000","913.0000","922.0000","913.0000","921.0000","919.0000","928.0000","919.0000","920.0000","913.0000","928.0000","913.0000","920.0000"," ","0.0000","0.0000","5700","5229400","917.4386"
"20200916","01","12","    70580","JP3247500006","3300.0000","3320.0000","3290.0000","3320.0000","3290.0000","3310.0000","3290.0000","3290.0000","3300.0000","3320.0000","3290.0000","3290.0000"," ","0.0000","0.0000","1200","3961000","3300.8333"
"20200916","01","12","    70610","JP3750000006","2169.0000","2209.0000","2160.0000","2202.0000","2202.0000","2216.0000","2188.0000","2208.0000","2169.0000","2216.0000","2160.0000","2208.0000"," ","0.0000","0.0000","58600","128130100","2186.5205"
"20200916","01","12","    70620","JP3828950000","815.0000","815.0000","815.0000","815.0000","815.0000","820.0000","807.0000","807.0000","815.0000","820.0000","807.0000","807.0000"," ","0.0000","0.0000","2700","2208800","818.0741"
"20200916","01","12","    70630","JP3160590000","2516.0000","2520.0000","2452.0000","2509.0000","2500.0000","2500.0000","2460.0000","2486.0000","2516.0000","2520.0000","2452.0000","2486.0000"," ","0.0000","0.0000","15500","38459400","2481.2516"
"20200916","01","12","    70640","JP3765460005","1899.0000","1900.0000","1855.0000","1874.0000","1856.0000","1879.0000","1856.0000","1879.0000","1899.0000","1900.0000","1855.0000","1879.0000"," ","0.0000","0.0000","4400","8251500","1875.3409"
"20200916","01","12","    70650","JP3944660004","4135.0000","4290.0000","4130.0000","4225.0000","4245.0000","4285.0000","4235.0000","4260.0000","4135.0000","4290.0000","4130.0000","4260.0000"," ","0.0000","0.0000","96900","410990000","4241.3829"
"20200916","01","12","    70660","JP3801660006","2384.0000","2420.0000","2355.0000","2370.0000","2428.0000","2480.0000","2386.0000","2435.0000","2384.0000","2480.0000","2355.0000","2435.0000"," ","0.0000","0.0000","102700","248386400","2418.5628"
"20200916","01","12","    70670","JP3830750000","1600.0000","1630.0000","1555.0000","1630.0000","1640.0000","1649.0000","1620.0000","1631.0000","1600.0000","1649.0000","1555.0000","1631.0000"," ","0.0000","0.0000","25300","40872300","1615.5059"
"20200916","01","12","    70680","JP3803040009","6610.0000","6610.0000","6310.0000","6440.0000","6420.0000","6470.0000","6360.0000","6360.0000","6610.0000","6610.0000","6310.0000","6360.0000"," ","0.0000","0.0000","134500","864826000","6429.9331"
"20200916","01","12","    70690","JP3311580009","3775.0000","3870.0000","3770.0000","3835.0000","3835.0000","3835.0000","3715.0000","3760.0000","3775.0000","3870.0000","3715.0000","3760.0000"," ","0.0000","0.0000","28300","107522500","3799.3816"
"20200916","01","12","    70700","JP3161610005","366.0000","366.0000","357.0000","363.0000","363.0000","363.0000","363.0000","363.0000","366.0000","366.0000","357.0000","363.0000"," ","0.0000","0.0000","6700","2410400","359.7612"
"20200916","01","12","    70710","JP3128660002","2853.0000","2984.0000","2844.0000","2984.0000","2984.0000","2987.0000","2925.0000","2925.0000","2853.0000","2987.0000","2844.0000","2925.0000"," ","0.0000","0.0000","35500","103769800","2923.0930"
"20200916","01","12","    70720","JP3152890004","2448.0000","2448.0000","2395.0000","2414.0000","2420.0000","2420.0000","2306.0000","2316.0000","2448.0000","2448.0000","2306.0000","2316.0000"," ","0.0000","0.0000","42000","99901100","2378.5976"
"20200916","01","12","    70730","JP3386680007","3510.0000","3590.0000","3510.0000","3545.0000","3515.0000","3565.0000","3515.0000","3565.0000","3510.0000","3590.0000","3510.0000","3565.0000"," ","0.0000","0.0000","2100","7457000","3550.9524"
"20200916","01","12","    70740","JP3560570008","1543.0000","1546.0000","1469.0000","1490.0000","1498.0000","1515.0000","1469.0000","1481.0000","1543.0000","1546.0000","1469.0000","1481.0000"," ","0.0000","0.0000","40200","60328500","1500.7090"
"20200916","01","12","    70750","JP3244580001","0.0000","0.0000","0.0000","0.0000","0.0000","0.0000","0.0000","0.0000","0.0000","0.0000","0.0000","0.0000"," ","0.0000","0.0000","0","0","0.0000"
"20200916","01","12","    70770","JP3126030000","3950.0000","3995.0000","3500.0000","3510.0000","3555.0000","3580.0000","3340.0000","3450.0000","3950.0000","3995.0000","3340.0000","3450.0000"," ","0.0000","0.0000","263400","962174000","3652.9005"
"20200916","01","12","    70780","JP3152620005","1490.0000","1490.0000","1441.0000","1443.0000","1450.0000","1477.0000","1440.0000","1460.0000","1490.0000","1490.0000","1440.0000","1460.0000"," ","0.0000","0.0000","8300","12078300","1455.2169"
"20200916","01","12","    70790","JP3506010002","3580.0000","3730.0000","3465.0000","3690.0000","3685.0000","3785.0000","3635.0000","3775.0000","3580.0000","3785.0000","3465.0000","3775.0000"," ","0.0000","0.0000","91600","334275000","3649.2904"
"20200916","01","12","    70800","JP3400030007","2842.0000","2901.0000","2842.0000","2901.0000","2897.0000","2897.0000","2845.0000","2847.0000","2842.0000","2901.0000","2842.0000","2847.0000"," ","0.0000","0.0000","1000","2866700","2866.7000"
"20200916","01","12","    70810","JP3283850000","1567.0000","1573.0000","1525.0000","1549.0000","1554.0000","1558.0000","1525.0000","1540.0000","1567.0000","1573.0000","1525.0000","1540.0000"," ","0.0000","0.0000","57000","88142800","1546.3649"
"20200916","01","12","    70820","JP3387960002","3725.0000","3845.0000","3585.0000","3590.0000","3595.0000","3700.0000","3580.0000","3670.0000","3725.0000","3845.0000","3580.0000","3670.0000"," ","0.0000","0.0000","210200","773025500","3677.5714"
"20200916","01","12","    70830","JP3160170001","1465.0000","1465.0000","1400.0000","1426.0000","1454.0000","1459.0000","1423.0000","1457.0000","1465.0000","1465.0000","1400.0000","1457.0000"," ","0.0000","0.0000","5200","7497100","1441.7500"
"20200916","01","12","    70840","JP3240500003","1766.0000","1897.0000","1758.0000","1885.0000","1873.0000","1899.0000","1832.0000","1847.0000","1766.0000","1899.0000","1758.0000","1847.0000"," ","0.0000","0.0000","95600","176142500","1842.4948"
"20200916","01","12","    70860","JP3236900001","1565.0000","1615.0000","1559.0000","1607.0000","1615.0000","1637.0000","1615.0000","1633.0000","1565.0000","1637.0000","1559.0000","1633.0000"," ","0.0000","0.0000","23300","37478400","1608.5150"
"20200916","01","12","    70870","JP3154220002","783.0000","820.0000","772.0000","815.0000","807.0000","809.0000","796.0000","797.0000","783.0000","820.0000","772.0000","797.0000"," ","0.0000","0.0000","55300","43985000","795.3888"
"20200916","01","12","    70890","JP3803070006","1690.0000","1738.0000","1690.0000","1728.0000","1728.0000","1728.0000","1706.0000","1714.0000","1690.0000","1738.0000","1690.0000","1714.0000"," ","0.0000","0.0000","9900","16951000","1712.2222"
"20200916","01","12","    70900","JP3970350009","5240.0000","5400.0000","4855.0000","4930.0000","4965.0000","5170.0000","4930.0000","5120.0000","5240.0000","5400.0000","4855.0000","5120.0000"," ","0.0000","0.0000","175900","887470000","5045.3098"
"20200916","01","12","    70910","JP3974790002","3660.0000","3780.0000","3660.0000","3755.0000","3710.0000","3825.0000","3710.0000","3825.0000","3660.0000","3825.0000","3660.0000","3825.0000"," ","0.0000","0.0000","2000","7487500","3743.7500"
"20200916","01","12","    70930","JP3121500007","3310.0000","3360.0000","3270.0000","3315.0000","3300.0000","3315.0000","3205.0000","3205.0000","3310.0000","3360.0000","3205.0000","3205.0000"," ","0.0000","0.0000","37300","122428000","3282.2520"
"20200916","01","12","    70940","JP3758240000","9310.0000","9650.0000","9110.0000","9130.0000","9180.0000","9200.0000","9050.0000","9090.0000","9310.0000","9650.0000","9050.0000","9090.0000"," ","0.0000","0.0000","109900","1015190000","9237.3976"
"20200916","01","12","    70950","JP3862970005","4605.0000","4605.0000","4390.0000","4465.0000","4465.0000","4470.0000","4360.0000","4385.0000","4605.0000","4605.0000","4360.0000","4385.0000"," ","0.0000","0.0000","165600","739325000","4464.5229"
"20200916","01","12","    70980","JP3160480004","0.0000","0.0000","0.0000","0.0000","0.0000","0.0000","0.0000","0.0000","0.0000","0.0000","0.0000","0.0000"," ","0.0000","0.0000","0","0","0.0000"
"20200916","01","12","    71570","JP3966660007","1440.0000","1459.0000","1432.0000","1435.0000","1440.0000","1449.0000","1434.0000","1446.0000","1440.0000","1459.0000","1432.0000","1446.0000"," ","0.0000","0.0000","148200","213998700","1443.9858"
"20200916","01","12","    71620","JP3120080001","214.0000","214.0000","211.0000","211.0000","211.0000","214.0000","211.0000","212.0000","214.0000","214.0000","211.0000","212.0000"," ","0.0000","0.0000","24000","5078200","211.5917"
"20200916","01","12","    71690","JP3756270009","0.0000","0.0000","0.0000","0.0000","2276.0000","2276.0000","2276.0000","2276.0000","2276.0000","2276.0000","2276.0000","2276.0000"," ","0.0000","0.0000","100","227600","2276.0000"
"20200916","01","12","    71700","JP3513850002","0.0000","0.0000","0.0000","0.0000","0.0000","0.0000","0.0000","0.0000","0.0000","0.0000","0.0000","0.0000"," ","0.0000","0.0000","0","0","0.0000"
"20200916","01","12","    71720","JP3389470000","1222.0000","1223.0000","1180.0000","1191.0000","1191.0000","1228.0000","1188.0000","1218.0000","1222.0000","1228.0000","1180.0000","1218.0000"," ","0.0000","0.0000","677300","814691600","1202.8519"
"20200916","01","12","    71750","JP3149120002","0.0000","0.0000","0.0000","0.0000","1011.0000","1011.0000","1011.0000","1011.0000","1011.0000","1011.0000","1011.0000","1011.0000"," ","0.0000","0.0000","400","404400","1011.0000"
"20200916","01","12","    71760","JP3383250002","0.0000","0.0000","0.0000","0.0000","0.0000","0.0000","0.0000","0.0000","0.0000","0.0000","0.0000","0.0000"," ","0.0000","0.0000","0","0","0.0000"
"20200916","01","12","    71770","JP3386550002","639.0000","639.0000","626.0000","633.0000","635.0000","635.0000","630.0000","635.0000","639.0000","639.0000","626.0000","635.0000"," ","0.0000","0.0000","260900","165115800","632.8701"
"20200916","01","12","    71830","JP3127650004","307.0000","310.0000","307.0000","310.0000","310.0000","312.0000","306.0000","306.0000","307.0000","312.0000","306.0000","306.0000"," ","0.0000","0.0000","16500","5092800","308.6545"
"20200916","01","12","    71850","JP3798800003","2325.0000","2339.0000","2305.0000","2321.0000","2318.0000","2320.0000","2306.0000","2312.0000","2325.0000","2339.0000","2305.0000","2312.0000"," ","0.0000","0.0000","17000","39372900","2316.0529"
"20200916","01","12","    72080","JP3217950009","607.0000","609.0000","604.0000","604.0000","605.0000","612.0000","605.0000","606.0000","607.0000","612.0000","604.0000","606.0000"," ","0.0000","0.0000","800","486000","607.5000"
"20200916","01","12","    72170","JP3544980000","540.0000","544.0000","540.0000","544.0000","546.0000","547.0000","539.0000","539.0000","540.0000","547.0000","539.0000","539.0000"," ","0.0000","0.0000","2100","1143900","544.7143"
"20200916","01","12","    72180","JP3468790005","608.0000","608.0000","596.0000","596.0000","597.0000","598.0000","595.0000","595.0000","608.0000","608.0000","595.0000","595.0000"," ","0.0000","0.0000","3500","2102600","600.7429"
"20200916","01","12","    72190","JP3164450003","1421.0000","1422.0000","1421.0000","1421.0000","1421.0000","1421.0000","1421.0000","1421.0000","1421.0000","1422.0000","1421.0000","1421.0000"," ","0.0000","0.0000","400","568500","1421.2500"
"20200916","01","12","    72280","JP3548650005","1460.0000","1478.0000","1460.0000","1471.0000","1475.0000","1475.0000","1471.0000","1471.0000","1460.0000","1478.0000","1460.0000","1471.0000"," ","0.0000","0.0000","4500","6611400","1469.2000"
"20200916","01","12","    72290","JP3948900000","1477.0000","1479.0000","1474.0000","1479.0000","1465.0000","1475.0000","1457.0000","1457.0000","1477.0000","1479.0000","1457.0000","1457.0000"," ","0.0000","0.0000","900","1325100","1472.3333"
"20200916","01","12","    72350","JP3590200006","508.0000","516.0000","508.0000","516.0000","514.0000","515.0000","514.0000","515.0000","508.0000","516.0000","508.0000","515.0000"," ","0.0000","0.0000","2200","1125400","511.5455"
"20200916","01","12","    72540","JP3821400003","187.0000","189.0000","186.0000","189.0000","188.0000","190.0000","187.0000","190.0000","187.0000","190.0000","186.0000","190.0000"," ","0.0000","0.0000","13800","2592000","187.8261"
"20200916","01","12","    72550","JP3317200008","494.0000","494.0000","492.0000","492.0000","0.0000","0.0000","0.0000","0.0000","494.0000","494.0000","492.0000","492.0000"," ","0.0000","0.0000","200","98600","493.0000"
"20200916","01","12","    72640","JP3914700004","1045.0000","1045.0000","1030.0000","1032.0000","1036.0000","1044.0000","1036.0000","1044.0000","1045.0000","1045.0000","1030.0000","1044.0000"," ","0.0000","0.0000","900","932500","1036.1111"
"20200916","01","12","    72650","JP3160690008","2588.0000","2650.0000","2588.0000","2650.0000","0.0000","0.0000","0.0000","0.0000","2588.0000","2650.0000","2588.0000","2650.0000"," ","0.0000","0.0000","1600","4201100","2625.6875"
"20200916","01","12","    72680","JP3467600007","0.0000","0.0000","0.0000","0.0000","0.0000","0.0000","0.0000","0.0000","0.0000","0.0000","0.0000","0.0000"," ","0.0000","0.0000","0","0","0.0000"
"20200916","01","12","    72730","JP3131500005","0.0000","0.0000","0.0000","0.0000","0.0000","0.0000","0.0000","0.0000","0.0000","0.0000","0.0000","0.0000"," ","0.0000","0.0000","0","0","0.0000"
"20200916","01","12","    72790","JP3699600007","1207.0000","1209.0000","1187.0000","1200.0000","1200.0000","1248.0000","1200.0000","1232.0000","1207.0000","1248.0000","1187.0000","1232.0000"," ","0.0000","0.0000","70700","85492200","1209.2249"
"20200916","01","12","    72870","JP3720600000","1186.0000","1186.0000","1140.0000","1141.0000","1145.0000","1155.0000","1135.0000","1136.0000","1186.0000","1186.0000","1135.0000","1136.0000"," ","0.0000","0.0000","38800","44450500","1145.6314"
"20200916","01","12","    72920","JP3914200005","2395.0000","2430.0000","2395.0000","2430.0000","2441.0000","2451.0000","2441.0000","2451.0000","2395.0000","2451.0000","2395.0000","2451.0000"," ","0.0000","0.0000","1000","2411000","2411.0000"
"20200916","01","12","    72970","JP3205300001","800.0000","800.0000","796.0000","796.0000","796.0000","806.0000","796.0000","806.0000","800.0000","806.0000","796.0000","806.0000"," ","0.0000","0.0000","1900","1524400","802.3158"
"20200916","01","12","    72980","JP3933000006","453.0000","454.0000","446.0000","452.0000","450.0000","450.0000","445.0000","445.0000","453.0000","454.0000","445.0000","445.0000"," ","0.0000","0.0000","15400","6906100","448.4481"
"20200916","01","12","    72990","JP3807750009","2267.0000","2267.0000","2267.0000","2267.0000","0.0000","0.0000","0.0000","0.0000","2267.0000","2267.0000","2267.0000","2267.0000"," ","0.0000","0.0000","200","453400","2267.0000"
"20200916","01","12","    73140","JP3196610004","539.0000","539.0000","539.0000","539.0000","538.0000","540.0000","530.0000","540.0000","539.0000","540.0000","530.0000","540.0000"," ","0.0000","0.0000","5100","2729000","535.0980"
"20200916","01","12","    73150","JP3102310004","436.0000","437.0000","430.0000","437.0000","437.0000","438.0000","434.0000","434.0000","436.0000","438.0000","430.0000","434.0000"," ","0.0000","0.0000","9700","4203000","433.2990"
"20200916","01","12","    73170","JP3869400006","3510.0000","3510.0000","3430.0000","3430.0000","3430.0000","3460.0000","3385.0000","3395.0000","3510.0000","3510.0000","3385.0000","3395.0000"," ","0.0000","0.0000","64800","222870500","3439.3596"
"20200916","01","12","    73200","JP3755100009","1333.0000","1349.0000","1330.0000","1336.0000","1336.0000","1339.0000","1326.0000","1331.0000","1333.0000","1349.0000","1326.0000","1331.0000"," ","0.0000","0.0000","7300","9734900","1333.5479"
"20200916","01","12","    73230","JP3104920008","2230.0000","2230.0000","2171.0000","2173.0000","2206.0000","2210.0000","2179.0000","2200.0000","2230.0000","2230.0000","2171.0000","2200.0000"," ","0.0000","0.0000","4200","9257400","2204.1429"
"20200916","01","12","    73250","JP3105230001","870.0000","873.0000","866.0000","868.0000","868.0000","870.0000","864.0000","869.0000","870.0000","873.0000","864.0000","869.0000"," ","0.0000","0.0000","31500","27342500","868.0159"
"20200916","01","12","    73260","JP3163420007","1719.0000","1767.0000","1702.0000","1760.0000","1738.0000","1759.0000","1738.0000","1749.0000","1719.0000","1767.0000","1702.0000","1749.0000"," ","0.0000","0.0000","52200","91074000","1744.7126"
"20200916","01","12","    73510","JP3273790000","2286.0000","2299.0000","2180.0000","2209.0000","2210.0000","2236.0000","2208.0000","2218.0000","2286.0000","2299.0000","2180.0000","2218.0000"," ","0.0000","0.0000","100900","223955800","2219.5818"
"20200916","01","12","    73520","JP3830720003","2539.0000","2664.0000","2536.0000","2664.0000","2674.0000","2687.0000","2513.0000","2584.0000","2539.0000","2687.0000","2513.0000","2584.0000"," ","0.0000","0.0000","102700","268410400","2613.5385"
"20200916","01","12","    73530","JP3257300008","9590.0000","9660.0000","9020.0000","9230.0000","9320.0000","9320.0000","9160.0000","9260.0000","9590.0000","9660.0000","9020.0000","9260.0000"," ","0.0000","0.0000","65600","609020000","9283.8415"
"20200916","01","12","    73990","JP3653300008","500.0000","509.0000","499.0000","500.0000","500.0000","507.0000","500.0000","507.0000","500.0000","509.0000","499.0000","507.0000"," ","0.0000","0.0000","5000","2501500","500.3000"
"20200916","01","12","    74120","JP3121900009","911.0000","913.0000","907.0000","910.0000","910.0000","915.0000","910.0000","914.0000","911.0000","915.0000","907.0000","914.0000"," ","0.0000","0.0000","148900","135691200","911.2908"
"20200916","01","12","    74130","JP3431600000","0.0000","0.0000","0.0000","0.0000","0.0000","0.0000","0.0000","0.0000","0.0000","0.0000","0.0000","0.0000"," ","0.0000","0.0000","0","0","0.0000"
"20200916","01","12","    74220","JP3603200001","2503.0000","2503.0000","2503.0000","2503.0000","0.0000","0.0000","0.0000","0.0000","2503.0000","2503.0000","2503.0000","2503.0000"," ","0.0000","0.0000","100","250300","2503.0000"
"20200916","01","12","    74250","JP3769600002","2953.0000","2969.0000","2953.0000","2969.0000","2969.0000","2969.0000","2969.0000","2969.0000","2953.0000","2969.0000","2953.0000","2969.0000"," ","0.0000","0.0000","700","2071900","2959.8571"
"20200916","01","12","    74260","JP3938200007","718.0000","718.0000","718.0000","718.0000","0.0000","0.0000","0.0000","0.0000","718.0000","718.0000","718.0000","718.0000"," ","0.0000","0.0000","200","143600","718.0000"
"20200916","01","12","    74340","JP3172300000","0.0000","0.0000","0.0000","0.0000","0.0000","0.0000","0.0000","0.0000","0.0000","0.0000","0.0000","0.0000"," ","0.0000","0.0000","0","0","0.0000"
"20200916","01","12","    74350","JP3651030003","619.0000","619.0000","612.0000","619.0000","0.0000","0.0000","0.0000","0.0000","619.0000","619.0000","612.0000","619.0000"," ","0.0000","0.0000","500","307900","615.8000"
"20200916","01","12","    74430","JP3955300003","516.0000","516.0000","516.0000","516.0000","515.0000","515.0000","515.0000","515.0000","516.0000","516.0000","515.0000","515.0000"," ","0.0000","0.0000","1100","567500","515.9091"
"20200916","01","12","    74440","JP3772800003","1784.0000","1784.0000","1733.0000","1733.0000","1770.0000","1770.0000","1735.0000","1735.0000","1784.0000","1784.0000","1733.0000","1735.0000"," ","0.0000","0.0000","700","1226800","1752.5714"
"20200916","01","12","    74460","JP3603600002","3440.0000","3440.0000","3345.0000","3345.0000","3385.0000","3405.0000","3385.0000","3405.0000","3440.0000","3440.0000","3345.0000","3405.0000"," ","0.0000","0.0000","1400","4740500","3386.0714"
"20200916","01","12","    74500","JP3336100007","1537.0000","1550.0000","1533.0000","1550.0000","1550.0000","1574.0000","1533.0000","1568.0000","1537.0000","1574.0000","1533.0000","1568.0000"," ","0.0000","0.0000","6200","9585400","1546.0323"
"20200916","01","12","    74600","JP3930600006","1449.0000","1449.0000","1418.0000","1418.0000","1428.0000","1430.0000","1428.0000","1430.0000","1449.0000","1449.0000","1418.0000","1430.0000"," ","0.0000","0.0000","1400","2016100","1440.0714"
"20200916","01","12","    74610","JP3241900004","490.0000","491.0000","490.0000","490.0000","490.0000","491.0000","490.0000","490.0000","490.0000","491.0000","490.0000","490.0000"," ","0.0000","0.0000","3500","1715200","490.0571"
"20200916","01","12","    74620","JP3499450009","0.0000","0.0000","0.0000","0.0000","2200.0000","2200.0000","2200.0000","2200.0000","2200.0000","2200.0000","2200.0000","2200.0000"," ","0.0000","0.0000","1400","3080000","2200.0000"
"20200916","01","12","    74640","JP3422900005","0.0000","0.0000","0.0000","0.0000","8880.0000","8880.0000","8730.0000","8730.0000","8880.0000","8880.0000","8730.0000","8730.0000"," ","0.0000","0.0000","300","2634000","8780.0000"
"20200916","01","12","    74720","JP3629700000","0.0000","0.0000","0.0000","0.0000","2701.0000","2712.0000","2700.0000","2700.0000","2701.0000","2712.0000","2700.0000","2700.0000"," ","0.0000","0.0000","500","1351400","2702.8000"
"20200916","01","12","    74770","JP3914300003","706.0000","706.0000","706.0000","706.0000","0.0000","0.0000","0.0000","0.0000","706.0000","706.0000","706.0000","706.0000"," ","0.0000","0.0000","400","282400","706.0000"
"20200916","01","12","    74860","JP3343800003","722.0000","722.0000","721.0000","721.0000","722.0000","722.0000","722.0000","722.0000","722.0000","722.0000","721.0000","722.0000"," ","0.0000","0.0000","600","433100","721.8333"
"20200916","01","12","    74900","JP3675400000","903.0000","928.0000","903.0000","928.0000","920.0000","925.0000","906.0000","925.0000","903.0000","928.0000","903.0000","925.0000"," ","0.0000","0.0000","4700","4296200","914.0851"
"20200916","01","12","    75000","JP3657530006","0.0000","0.0000","0.0000","0.0000","0.0000","0.0000","0.0000","0.0000","0.0000","0.0000","0.0000","0.0000"," ","0.0000","0.0000","0","0","0.0000"
"20200916","01","12","    75010","JP3544990009","696.0000","706.0000","694.0000","703.0000","702.0000","708.0000","702.0000","708.0000","696.0000","708.0000","694.0000","708.0000"," ","0.0000","0.0000","2700","1888900","699.5926"
"20200916","01","12","    75020","JP3832600005","356.0000","356.0000","356.0000","356.0000","358.0000","361.0000","358.0000","358.0000","356.0000","361.0000","356.0000","358.0000"," ","0.0000","0.0000","800","286900","358.6250"
"20200916","01","12","    75050","JP3823400001","2237.0000","2238.0000","2237.0000","2238.0000","2245.0000","2248.0000","2233.0000","2233.0000","2237.0000","2248.0000","2233.0000","2233.0000"," ","0.0000","0.0000","600","1343900","2239.8333"
"20200916","01","12","    75090","JP3100630007","0.0000","0.0000","0.0000","0.0000","0.0000","0.0000","0.0000","0.0000","0.0000","0.0000","0.0000","0.0000","1","3165.0000","0.0000","0","0","0.0000"
"20200916","01","12","    75150","JP3879020000","0.0000","0.0000","0.0000","0.0000","2865.0000","2865.0000","2865.0000","2865.0000","2865.0000","2865.0000","2865.0000","2865.0000"," ","0.0000","0.0000","100","286500","2865.0000"
"20200916","01","12","    75190","JP3308800006","156.0000","157.0000","153.0000","155.0000","156.0000","156.0000","153.0000","153.0000","156.0000","157.0000","153.0000","153.0000"," ","0.0000","0.0000","47800","7392500","154.6548"
"20200916","01","12","    75210","JP3912600008","2203.0000","2244.0000","2190.0000","2210.0000","2210.0000","2230.0000","2204.0000","2228.0000","2203.0000","2244.0000","2190.0000","2228.0000"," ","0.0000","0.0000","8600","18996200","2208.8605"
"20200916","01","12","    75230","JP3100500002","530.0000","531.0000","528.0000","530.0000","530.0000","533.0000","529.0000","533.0000","530.0000","533.0000","528.0000","533.0000"," ","0.0000","0.0000","15400","8174500","530.8117"
"20200916","01","12","    75310","JP3418250001","0.0000","0.0000","0.0000","0.0000","0.0000","0.0000","0.0000","0.0000","0.0000","0.0000","0.0000","0.0000"," ","0.0000","0.0000","0","0","0.0000"
"20200916","01","12","    75380","JP3485200004","233.0000","236.0000","233.0000","235.0000","235.0000","236.0000","235.0000","235.0000","233.0000","236.0000","233.0000","235.0000"," ","0.0000","0.0000","2400","562700","234.4583"
"20200916","01","12","    75390","JP3122570009","959.0000","959.0000","954.0000","956.0000","954.0000","957.0000","954.0000","956.0000","959.0000","959.0000","954.0000","956.0000"," ","0.0000","0.0000","4200","4020000","957.1429"
"20200916","01","12","    75440","JP3410700003","321.0000","321.0000","319.0000","320.0000","320.0000","320.0000","318.0000","318.0000","321.0000","321.0000","318.0000","318.0000"," ","0.0000","0.0000","2000","639600","319.8000"
"20200916","01","12","    75510","JP3154900009","508.0000","508.0000","505.0000","506.0000","504.0000","504.0000","503.0000","504.0000","508.0000","508.0000","503.0000","504.0000"," ","0.0000","0.0000","4200","2120800","504.9524"
"20200916","01","12","    75550","JP3187650001","0.0000","0.0000","0.0000","0.0000","0.0000","0.0000","0.0000","0.0000","0.0000","0.0000","0.0000","0.0000"," ","0.0000","0.0000","0","0","0.0000"
"20200916","01","12","    75590","JP3385830009","1400.0000","1402.0000","1400.0000","1402.0000","1403.0000","1406.0000","1400.0000","1400.0000","1400.0000","1406.0000","1400.0000","1400.0000"," ","0.0000","0.0000","1700","2383500","1402.0588"
"20200916","01","12","    75620","JP3128700006","5100.0000","5100.0000","5080.0000","5090.0000","5080.0000","5110.0000","5070.0000","5080.0000","5100.0000","5110.0000","5070.0000","5080.0000"," ","0.0000","0.0000","1100","5599000","5090.0000"
"20200916","01","12","    75640","JP3990100004","8760.0000","8920.0000","8650.0000","8890.0000","8920.0000","8930.0000","8830.0000","8890.0000","8760.0000","8930.0000","8650.0000","8890.0000"," ","0.0000","0.0000","513200","4528987000","8824.9942"
"20200916","01","12","    75650","JP3879320004","2713.0000","2763.0000","2713.0000","2763.0000","2700.0000","2724.0000","2700.0000","2700.0000","2713.0000","2763.0000","2700.0000","2700.0000"," ","0.0000","0.0000","900","2440000","2711.1111"
"20200916","01","12","    75670","JP3314300009","500.0000","518.0000","496.0000","513.0000","513.0000","518.0000","505.0000","516.0000","500.0000","518.0000","496.0000","516.0000"," ","0.0000","0.0000","60000","30635500","510.5917"
"20200916","01","12","    75710","JP3218000002","72.0000","72.0000","71.0000","72.0000","72.0000","72.0000","72.0000","72.0000","72.0000","72.0000","71.0000","72.0000"," ","0.0000","0.0000","142900","10288000","71.9944"
"20200916","01","12","    75770","JP3781450006","165.0000","166.0000","163.0000","165.0000","165.0000","167.0000","165.0000","165.0000","165.0000","167.0000","163.0000","165.0000"," ","0.0000","0.0000","8800","1453500","165.1705"
"20200916","01","12","    75780","JP3664900002","797.0000","797.0000","797.0000","797.0000","791.0000","791.0000","791.0000","791.0000","797.0000","797.0000","791.0000","791.0000"," ","0.0000","0.0000","200","158800","794.0000"
"20200916","01","12","    75850","JP3233100001","702.0000","702.0000","702.0000","702.0000","703.0000","706.0000","703.0000","706.0000","702.0000","706.0000","702.0000","706.0000"," ","0.0000","0.0000","800","562700","703.3750"
"20200916","01","12","    75870","JP3782600005","511.0000","513.0000","509.0000","509.0000","510.0000","514.0000","510.0000","514.0000","511.0000","514.0000","509.0000","514.0000"," ","0.0000","0.0000","41900","21424400","511.3222"
"20200916","01","12","    75970","JP3574000000","1938.0000","1938.0000","1898.0000","1898.0000","0.0000","0.0000","0.0000","0.0000","1938.0000","1938.0000","1898.0000","1898.0000"," ","0.0000","0.0000","800","1546400","1933.0000"
"20200916","01","12","    76020","JP3388550000","284.0000","285.0000","277.0000","281.0000","280.0000","289.0000","280.0000","289.0000","284.0000","289.0000","277.0000","289.0000"," ","0.0000","0.0000","14400","4068500","282.5347"
"20200916","01","12","    76030","JP3865000008","397.0000","399.0000","396.0000","397.0000","396.0000","398.0000","395.0000","395.0000","397.0000","399.0000","395.0000","395.0000"," ","0.0000","0.0000","3500","1388500","396.7143"
"20200916","01","12","    76040","JP3159850001","1050.0000","1051.0000","1046.0000","1046.0000","1046.0000","1051.0000","1038.0000","1038.0000","1050.0000","1051.0000","1038.0000","1038.0000"," ","0.0000","0.0000","5500","5755500","1046.4545"
"20200916","01","12","    76100","JP3544600004","112.0000","112.0000","110.0000","110.0000","111.0000","112.0000","110.0000","111.0000","112.0000","112.0000","110.0000","111.0000"," ","0.0000","0.0000","1568800","174202400","111.0418"
"20200916","01","12","    76120","JP3629300009","28.0000","29.0000","28.0000","28.0000","28.0000","30.0000","28.0000","30.0000","28.0000","30.0000","28.0000","30.0000"," ","0.0000","0.0000","922800","26758300","28.9969"
"20200916","01","12","    76140","JP3177000001","1260.0000","1285.0000","1250.0000","1266.0000","1266.0000","1266.0000","1247.0000","1265.0000","1260.0000","1285.0000","1247.0000","1265.0000"," ","0.0000","0.0000","5100","6431200","1261.0196"
"20200916","01","12","    76210","JP3155900008","0.0000","0.0000","0.0000","0.0000","3380.0000","3390.0000","3370.0000","3380.0000","3380.0000","3390.0000","3370.0000","3380.0000"," ","0.0000","0.0000","2800","9478500","3385.1786"
"20200916","01","12","    76230","JP3325150005","292.0000","297.0000","291.0000","291.0000","293.0000","296.0000","292.0000","293.0000","292.0000","297.0000","291.0000","293.0000"," ","0.0000","0.0000","8500","2494300","293.4471"
"20200916","01","12","    76240","JP3641350008","172.0000","172.0000","170.0000","171.0000","171.0000","172.0000","170.0000","170.0000","172.0000","172.0000","170.0000","170.0000"," ","0.0000","0.0000","10200","1744300","171.0098"
"20200916","01","12","    76250","JP3274350002","237.0000","238.0000","222.0000","223.0000","224.0000","230.0000","224.0000","225.0000","237.0000","238.0000","222.0000","225.0000"," ","0.0000","0.0000","494900","112315400","226.9456"
"20200916","01","12","    76340","JP3845750003","3545.0000","3545.0000","3545.0000","3545.0000","3545.0000","3555.0000","3545.0000","3555.0000","3545.0000","3555.0000","3545.0000","3555.0000"," ","0.0000","0.0000","700","2483500","3547.8571"
"20200916","01","12","    76350","JP3396700001","983.0000","983.0000","983.0000","983.0000","979.0000","979.0000","974.0000","974.0000","983.0000","983.0000","974.0000","974.0000"," ","0.0000","0.0000","600","587200","978.6667"
"20200916","01","12","    76360","JP3777500004","1743.0000","1750.0000","1738.0000","1750.0000","1730.0000","1744.0000","1730.0000","1743.0000","1743.0000","1750.0000","1730.0000","1743.0000"," ","0.0000","0.0000","10300","17926200","1740.4078"
"20200916","01","12","    76380","JP3347150009","670.0000","671.0000","666.0000","669.0000","666.0000","666.0000","661.0000","661.0000","670.0000","671.0000","661.0000","661.0000"," ","0.0000","0.0000","30500","20349200","667.1869"
"20200916","01","12","    76430","JP3473410003","838.0000","842.0000","837.0000","837.0000","840.0000","841.0000","837.0000","839.0000","838.0000","842.0000","837.0000","839.0000"," ","0.0000","0.0000","8200","6875400","838.4634"
"20200916","01","12","    76470","JP3202200006","33.0000","34.0000","32.0000","33.0000","33.0000","33.0000","32.0000","33.0000","33.0000","34.0000","32.0000","33.0000"," ","0.0000","0.0000","57370800","1893222300","32.9998"
"20200916","01","12","    76700","JP3170180008","553.0000","558.0000","553.0000","558.0000","558.0000","559.0000","556.0000","556.0000","553.0000","559.0000","553.0000","556.0000"," ","0.0000","0.0000","4000","2229000","557.2500"
"20200916","01","12","    76710","JP3124460001","1313.0000","1470.0000","1313.0000","1375.0000","1371.0000","1393.0000","1313.0000","1373.0000","1313.0000","1470.0000","1313.0000","1373.0000"," ","0.0000","0.0000","12200","16812900","1378.1066"
"20200916","01","12","    76720","JP3457740003","0.0000","0.0000","0.0000","0.0000","0.0000","0.0000","0.0000","0.0000","0.0000","0.0000","0.0000","0.0000"," ","0.0000","0.0000","0","0","0.0000"
"20200916","01","12","    76740","JP3651040002","2819.0000","2841.0000","2735.0000","2801.0000","2776.0000","2776.0000","2720.0000","2770.0000","2819.0000","2841.0000","2720.0000","2770.0000"," ","0.0000","0.0000","8400","23366500","2781.7262"
"20200916","01","12","    76760","JP3273770002","1430.0000","1456.0000","1402.0000","1439.0000","1438.0000","1438.0000","1313.0000","1331.0000","1430.0000","1456.0000","1313.0000","1331.0000"," ","0.0000","0.0000","31300","43826400","1400.2045"
"20200916","01","12","    76770","JP3931650000","1960.0000","1962.0000","1960.0000","1962.0000","1962.0000","1962.0000","1962.0000","1962.0000","1960.0000","1962.0000","1960.0000","1962.0000"," ","0.0000","0.0000","600","1176800","1961.3333"
"20200916","01","12","    76780","JP3109700009","1512.0000","1515.0000","1512.0000","1515.0000","1515.0000","1530.0000","1515.0000","1525.0000","1512.0000","1530.0000","1512.0000","1525.0000"," ","0.0000","0.0000","4200","6386700","1520.6429"
"20200916","01","12","    76800","JP3278400001","0.0000","0.0000","0.0000","0.0000","0.0000","0.0000","0.0000","0.0000","0.0000","0.0000","0.0000","0.0000"," ","0.0000","0.0000","0","0","0.0000"
"20200916","01","12","    76810","JP3979320003","2184.0000","2185.0000","2124.0000","2185.0000","2185.0000","2185.0000","2171.0000","2183.0000","2184.0000","2185.0000","2124.0000","2183.0000"," ","0.0000","0.0000","2100","4518900","2151.8571"
"20200916","01","12","    76820","JP3771900002","2123.0000","2123.0000","2108.0000","2108.0000","2111.0000","2119.0000","2111.0000","2119.0000","2123.0000","2123.0000","2108.0000","2119.0000"," ","0.0000","0.0000","400","846100","2115.2500"
"20200916","01","12","    76830","JP3505990006","3275.0000","3400.0000","3275.0000","3315.0000","3315.0000","3340.0000","3285.0000","3285.0000","3275.0000","3400.0000","3275.0000","3285.0000"," ","0.0000","0.0000","11400","38051500","3337.8509"
"20200916","01","12","    76850","JP3778270003","4330.0000","4380.0000","4195.0000","4235.0000","4250.0000","4285.0000","4155.0000","4270.0000","4330.0000","4380.0000","4155.0000","4270.0000"," ","0.0000","0.0000","66500","282437000","4247.1729"
"20200916","01","12","    76860","JP3206700001","1408.0000","1418.0000","1380.0000","1418.0000","1417.0000","1425.0000","1400.0000","1400.0000","1408.0000","1425.0000","1380.0000","1400.0000"," ","0.0000","0.0000","12500","17614900","1409.1920"
"20200916","01","12","    76870","JP3883650008","1116.0000","1154.0000","1114.0000","1126.0000","1129.0000","1129.0000","1067.0000","1092.0000","1116.0000","1154.0000","1067.0000","1092.0000"," ","0.0000","0.0000","147000","162631700","1106.3381"
"20200916","01","12","    76880","JP3880300003","1379.0000","1395.0000","1375.0000","1394.0000","1395.0000","1480.0000","1395.0000","1465.0000","1379.0000","1480.0000","1375.0000","1465.0000"," ","0.0000","0.0000","12900","18444000","1429.7674"
"20200916","01","12","    76890","JP3301380006","7120.0000","7250.0000","7040.0000","7110.0000","7130.0000","7350.0000","7130.0000","7260.0000","7120.0000","7350.0000","7040.0000","7260.0000"," ","0.0000","0.0000","41000","295206000","7200.1463"
"20200916","01","12","    76900","JP3220900009","0.0000","0.0000","0.0000","0.0000","0.0000","0.0000","0.0000","0.0000","0.0000","0.0000","0.0000","0.0000"," ","0.0000","0.0000","0","0","0.0000"
"20200916","01","12","    76910","JP3347050001","0.0000","0.0000","0.0000","0.0000","0.0000","0.0000","0.0000","0.0000","0.0000","0.0000","0.0000","0.0000"," ","0.0000","0.0000","0","0","0.0000"
"20200916","01","12","    77030","JP3225800006","1697.0000","1698.0000","1697.0000","1697.0000","1697.0000","1698.0000","1697.0000","1697.0000","1697.0000","1698.0000","1697.0000","1697.0000"," ","0.0000","0.0000","91300","154940200","1697.0449"
"20200916","01","12","    77050","JP3385850007","2471.0000","2523.0000","2435.0000","2509.0000","2503.0000","2556.0000","2490.0000","2500.0000","2471.0000","2556.0000","2435.0000","2500.0000"," ","0.0000","0.0000","82200","205255600","2497.0268"
"20200916","01","12","    77070","JP3833400009","1539.0000","1552.0000","1511.0000","1535.0000","1532.0000","1534.0000","1506.0000","1517.0000","1539.0000","1552.0000","1506.0000","1517.0000"," ","0.0000","0.0000","926000","1412102900","1524.9491"
"20200916","01","12","    77110","JP3397100003","655.0000","656.0000","651.0000","654.0000","656.0000","659.0000","652.0000","654.0000","655.0000","659.0000","651.0000","654.0000"," ","0.0000","0.0000","9100","5967200","655.7363"
"20200916","01","12","    77130","JP3349000004","1106.0000","1115.0000","1106.0000","1108.0000","1108.0000","1133.0000","1108.0000","1133.0000","1106.0000","1133.0000","1106.0000","1133.0000"," ","0.0000","0.0000","6200","6927300","1117.3065"
"20200916","01","12","    77160","JP3642500007","1920.0000","1930.0000","1900.0000","1926.0000","1926.0000","1946.0000","1920.0000","1936.0000","1920.0000","1946.0000","1900.0000","1936.0000"," ","0.0000","0.0000","135100","260277800","1926.5566"
"20200916","01","12","    77190","JP3575800002","377.0000","377.0000","367.0000","374.0000","374.0000","375.0000","367.0000","369.0000","377.0000","377.0000","367.0000","369.0000"," ","0.0000","0.0000","47600","17699000","371.8277"
"20200916","01","12","    77220","JP3293700005","805.0000","810.0000","803.0000","810.0000","810.0000","822.0000","805.0000","820.0000","805.0000","822.0000","803.0000","820.0000"," ","0.0000","0.0000","29900","24200400","809.3779"
"20200916","01","12","    77260","JP3272800008","904.0000","911.0000","897.0000","911.0000","898.0000","900.0000","875.0000","875.0000","904.0000","911.0000","875.0000","875.0000"," ","0.0000","0.0000","3900","3498000","896.9231"
"20200916","01","12","    77460","JP3193000001","195.0000","195.0000","193.0000","195.0000","195.0000","196.0000","194.0000","195.0000","195.0000","196.0000","193.0000","195.0000"," ","0.0000","0.0000","143700","27965600","194.6110"
"20200916","01","12","    77480","JP3853250003","4485.0000","4705.0000","4485.0000","4630.0000","4690.0000","4800.0000","4660.0000","4790.0000","4485.0000","4800.0000","4485.0000","4790.0000"," ","0.0000","0.0000","76800","360229500","4690.4883"
"20200916","01","12","    77490","JP3921060004","3305.0000","3385.0000","3300.0000","3385.0000","3375.0000","3500.0000","3360.0000","3435.0000","3305.0000","3500.0000","3300.0000","3435.0000"," ","0.0000","0.0000","14900","50617000","3397.1141"
"20200916","01","12","    77580","JP3421400007","1000.0000","1000.0000","1000.0000","1000.0000","0.0000","0.0000","0.0000","0.0000","1000.0000","1000.0000","1000.0000","1000.0000"," ","0.0000","0.0000","100","100000","1000.0000"
"20200916","01","12","    77600","JP3100760002","302.0000","306.0000","301.0000","306.0000","306.0000","308.0000","304.0000","307.0000","302.0000","308.0000","301.0000","307.0000"," ","0.0000","0.0000","14300","4359400","304.8531"
"20200916","01","12","    77680","JP3386200004","0.0000","0.0000","0.0000","0.0000","0.0000","0.0000","0.0000","0.0000","0.0000","0.0000","0.0000","0.0000"," ","0.0000","0.0000","0","0","0.0000"
"20200916","01","12","    77710","JP3723600007","93.0000","94.0000","93.0000","93.0000","94.0000","94.0000","92.0000","92.0000","93.0000","94.0000","92.0000","92.0000"," ","0.0000","0.0000","22000","2047300","93.0591"
"20200916","01","12","    77740","JP3389610001","660.0000","660.0000","653.0000","657.0000","659.0000","660.0000","656.0000","656.0000","660.0000","660.0000","653.0000","656.0000"," ","0.0000","0.0000","30600","20148300","658.4412"
"20200916","01","12","    77760","JP3423530009","358.0000","360.0000","355.0000","359.0000","360.0000","360.0000","355.0000","360.0000","358.0000","360.0000","355.0000","360.0000"," ","0.0000","0.0000","73100","26177800","358.1094"
"20200916","01","12","    77770","JP3410730000","415.0000","429.0000","415.0000","426.0000","426.0000","432.0000","426.0000","432.0000","415.0000","432.0000","415.0000","432.0000"," ","0.0000","0.0000","555500","237040300","426.7152"
"20200916","01","12","    77790","JP3311530004","545.0000","547.0000","524.0000","528.0000","527.0000","530.0000","519.0000","523.0000","545.0000","547.0000","519.0000","523.0000"," ","0.0000","0.0000","1964300","1040350700","529.6292"
"20200916","01","12","    77810","JP3796100000","1200.0000","1200.0000","1180.0000","1180.0000","1191.0000","1233.0000","1191.0000","1205.0000","1200.0000","1233.0000","1180.0000","1205.0000"," ","0.0000","0.0000","4400","5364400","1219.1818"
"20200916","01","12","    78000","JP3124470000","750.0000","756.0000","748.0000","754.0000","755.0000","755.0000","749.0000","753.0000","750.0000","756.0000","748.0000","753.0000"," ","0.0000","0.0000","4700","3536000","752.3404"
"20200916","01","12","    78030","JP3829930001","3160.0000","3225.0000","3045.0000","3100.0000","3100.0000","3105.0000","3030.0000","3030.0000","3160.0000","3225.0000","3030.0000","3030.0000"," ","0.0000","0.0000","339300","1051676000","3099.5461"
"20200916","01","12","    78040","JP3799630003","1122.0000","1210.0000","1122.0000","1150.0000","1150.0000","1175.0000","1115.0000","1152.0000","1122.0000","1210.0000","1115.0000","1152.0000"," ","0.0000","0.0000","9400","11016400","1171.9574"
"20200916","01","12","    78050","JP3833250008","495.0000","495.0000","467.0000","491.0000","491.0000","491.0000","475.0000","475.0000","495.0000","495.0000","467.0000","475.0000"," ","0.0000","0.0000","13600","6560800","482.4118"
"20200916","01","12","    78060","JP3167430002","1446.0000","1497.0000","1416.0000","1470.0000","1471.0000","1520.0000","1470.0000","1500.0000","1446.0000","1520.0000","1416.0000","1500.0000"," ","0.0000","0.0000","502700","744904200","1481.8066"
"20200916","01","12","    78070","JP3292900002","809.0000","809.0000","808.0000","808.0000","808.0000","812.0000","806.0000","811.0000","809.0000","812.0000","806.0000","811.0000"," ","0.0000","0.0000","4800","3883500","809.0625"
"20200916","01","12","    78080","JP3346520004","1699.0000","1699.0000","1620.0000","1693.0000","1691.0000","1691.0000","1635.0000","1680.0000","1699.0000","1699.0000","1620.0000","1680.0000"," ","0.0000","0.0000","4300","7181400","1670.0930"
"20200916","01","12","    78090","JP3299810006","1486.0000","1492.0000","1485.0000","1492.0000","1502.0000","1502.0000","1490.0000","1490.0000","1486.0000","1502.0000","1485.0000","1490.0000"," ","0.0000","0.0000","1100","1644500","1495.0000"
"20200916","01","12","    78100","JP3272650007","312.0000","313.0000","310.0000","311.0000","311.0000","317.0000","311.0000","312.0000","312.0000","317.0000","310.0000","312.0000"," ","0.0000","0.0000","54200","16959300","312.9022"
"20200916","01","12","    78120","JP3271150009","965.0000","965.0000","961.0000","962.0000","960.0000","962.0000","959.0000","962.0000","965.0000","965.0000","959.0000","962.0000"," ","0.0000","0.0000","4200","4037800","961.3810"
"20200916","01","12","    78130","JP3832900009","1297.0000","1307.0000","1291.0000","1304.0000","1304.0000","1340.0000","1300.0000","1337.0000","1297.0000","1340.0000","1291.0000","1337.0000"," ","0.0000","0.0000","9100","11952600","1313.4725"
"20200916","01","12","    78140","JP3726500006","324.0000","329.0000","323.0000","329.0000","330.0000","330.0000","322.0000","322.0000","324.0000","330.0000","322.0000","322.0000"," ","0.0000","0.0000","40400","13135300","325.1312"
"20200916","01","12","    78150","JP3588800007","540.0000","540.0000","537.0000","537.0000","540.0000","550.0000","539.0000","539.0000","540.0000","550.0000","537.0000","539.0000"," ","0.0000","0.0000","2100","1133400","539.7143"
"20200916","01","12","    78260","JP3828850002","6090.0000","6120.0000","5970.0000","6020.0000","6070.0000","6250.0000","6040.0000","6200.0000","6090.0000","6250.0000","5970.0000","6200.0000"," ","0.0000","0.0000","54600","334358000","6123.7729"
"20200916","01","12","    78270","JP3173300009","866.0000","870.0000","866.0000","869.0000","870.0000","870.0000","870.0000","870.0000","866.0000","870.0000","866.0000","870.0000"," ","0.0000","0.0000","1400","1215500","868.2143"
"20200916","01","12","    78290","JP3322830005","132.0000","133.0000","130.0000","132.0000","131.0000","132.0000","131.0000","132.0000","132.0000","133.0000","130.0000","132.0000"," ","0.0000","0.0000","63600","8356400","131.3899"
"20200916","01","12","    78310","JP3154170009","161.0000","163.0000","161.0000","161.0000","161.0000","162.0000","161.0000","161.0000","161.0000","163.0000","161.0000","161.0000"," ","0.0000","0.0000","103400","16670700","161.2253"
"20200916","01","12","    78360","JP3122530003","169.0000","178.0000","169.0000","178.0000","177.0000","182.0000","173.0000","181.0000","169.0000","182.0000","169.0000","181.0000"," ","0.0000","0.0000","1150400","203128100","176.5717"
"20200916","01","12","    78370","JP3100450000","860.0000","862.0000","860.0000","862.0000","847.0000","854.0000","844.0000","847.0000","860.0000","862.0000","844.0000","847.0000"," ","0.0000","0.0000","4000","3399700","849.9250"
"20200916","01","12","    78410","JP3169700006","414.0000","414.0000","414.0000","414.0000","0.0000","0.0000","0.0000","0.0000","414.0000","414.0000","414.0000","414.0000"," ","0.0000","0.0000","400","165600","414.0000"
"20200916","01","12","    78470","JP3273850002","352.0000","353.0000","350.0000","351.0000","354.0000","354.0000","349.0000","349.0000","352.0000","354.0000","349.0000","349.0000"," ","0.0000","0.0000","4900","1720000","351.0204"
"20200916","01","12","    78490","JP3399210008","0.0000","0.0000","0.0000","0.0000","0.0000","0.0000","0.0000","0.0000","0.0000","0.0000","0.0000","0.0000"," ","0.0000","0.0000","0","0","0.0000"
"20200916","01","12","    78500","JP3432000002","628.0000","628.0000","628.0000","628.0000","622.0000","622.0000","622.0000","622.0000","628.0000","628.0000","622.0000","622.0000"," ","0.0000","0.0000","1200","748200","623.5000"
"20200916","01","12","    78510","JP3225850001","237.0000","237.0000","232.0000","235.0000","233.0000","238.0000","232.0000","232.0000","237.0000","238.0000","232.0000","232.0000"," ","0.0000","0.0000","35400","8279700","233.8898"
"20200916","01","12","    78550","JP3204800001","560.0000","562.0000","560.0000","560.0000","562.0000","563.0000","562.0000","563.0000","560.0000","563.0000","560.0000","563.0000"," ","0.0000","0.0000","1200","673300","561.0833"
"20200916","01","12","    78570","JP3419200005","0.0000","0.0000","0.0000","0.0000","0.0000","0.0000","0.0000","0.0000","0.0000","0.0000","0.0000","0.0000"," ","0.0000","0.0000","0","0","0.0000"
"20200916","01","12","    78590","JP3126520000","202.0000","205.0000","200.0000","201.0000","201.0000","202.0000","196.0000","198.0000","202.0000","205.0000","196.0000","198.0000"," ","0.0000","0.0000","227900","45691400","200.4888"
"20200916","01","12","    78630","JP3795100001","399.0000","399.0000","399.0000","399.0000","0.0000","0.0000","0.0000","0.0000","399.0000","399.0000","399.0000","399.0000"," ","0.0000","0.0000","200","79800","399.0000"
"20200916","01","12","    78650","JP3801560008","1141.0000","1144.0000","1140.0000","1144.0000","1143.0000","1168.0000","1143.0000","1164.0000","1141.0000","1168.0000","1140.0000","1164.0000"," ","0.0000","0.0000","2900","3345200","1153.5172"
"20200916","01","12","    78690","JP3749150003","0.0000","0.0000","0.0000","0.0000","2618.0000","2618.0000","2616.0000","2616.0000","2618.0000","2618.0000","2616.0000","2616.0000"," ","0.0000","0.0000","300","785000","2616.6667"
"20200916","01","12","    78710","JP3806720003","440.0000","441.0000","440.0000","440.0000","440.0000","440.0000","440.0000","440.0000","440.0000","441.0000","440.0000","440.0000"," ","0.0000","0.0000","4300","1892100","440.0233"
"20200916","01","12","    78750","JP3462700000","599.0000","599.0000","599.0000","599.0000","599.0000","599.0000","599.0000","599.0000","599.0000","599.0000","599.0000","599.0000"," ","0.0000","0.0000","300","179700","599.0000"
"20200916","01","12","    78770","JP3160760009","1520.0000","1530.0000","1520.0000","1530.0000","1530.0000","1530.0000","1530.0000","1530.0000","1520.0000","1530.0000","1520.0000","1530.0000"," ","0.0000","0.0000","500","764000","1528.0000"
"20200916","01","12","    78780","JP3287600005","2302.0000","2302.0000","2150.0000","2150.0000","2200.0000","2200.0000","2150.0000","2150.0000","2302.0000","2302.0000","2150.0000","2150.0000"," ","0.0000","0.0000","1000","2214600","2214.6000"
"20200916","01","12","    78790","JP3761700008","0.0000","0.0000","0.0000","0.0000","640.0000","640.0000","638.0000","639.0000","640.0000","640.0000","638.0000","639.0000"," ","0.0000","0.0000","2200","1406100","639.1364"
"20200916","01","12","    78830","JP3337150001","387.0000","389.0000","387.0000","388.0000","388.0000","389.0000","387.0000","387.0000","387.0000","389.0000","387.0000","387.0000"," ","0.0000","0.0000","1200","465500","387.9167"
"20200916","01","12","    78860","JP3939800003","795.0000","795.0000","795.0000","795.0000","795.0000","795.0000","795.0000","795.0000","795.0000","795.0000","795.0000","795.0000"," ","0.0000","0.0000","800","636000","795.0000"
"20200916","01","12","    78870","JP3653200000","5230.0000","5230.0000","5230.0000","5230.0000","0.0000","0.0000","0.0000","0.0000","5230.0000","5230.0000","5230.0000","5230.0000"," ","0.0000","0.0000","100","523000","5230.0000"
"20200916","01","12","    78950","JP3514000003","602.0000","608.0000","595.0000","604.0000","600.0000","609.0000","600.0000","607.0000","602.0000","609.0000","595.0000","607.0000"," ","0.0000","0.0000","43200","26025400","602.4398"
"20200916","01","12","    78960","JP3423200009","1321.0000","1321.0000","1310.0000","1318.0000","1312.0000","1312.0000","1301.0000","1301.0000","1321.0000","1321.0000","1301.0000","1301.0000"," ","0.0000","0.0000","1200","1575500","1312.9167"
"20200916","01","12","    78990","JP3195400001","330.0000","332.0000","328.0000","330.0000","329.0000","329.0000","329.0000","329.0000","330.0000","332.0000","328.0000","329.0000"," ","0.0000","0.0000","4700","1549500","329.6809"
"20200916","01","12","    79010","JP3868900006","0.0000","0.0000","0.0000","0.0000","0.0000","0.0000","0.0000","0.0000","0.0000","0.0000","0.0000","0.0000"," ","0.0000","0.0000","0","0","0.0000"
"20200916","01","12","    79020","JP3435900000","799.0000","809.0000","789.0000","789.0000","795.0000","795.0000","794.0000","794.0000","799.0000","809.0000","789.0000","794.0000"," ","0.0000","0.0000","2000","1592300","796.1500"
"20200916","01","12","    79060","JP3960000002","624.0000","636.0000","623.0000","629.0000","629.0000","631.0000","622.0000","622.0000","624.0000","636.0000","622.0000","622.0000"," ","0.0000","0.0000","64400","40514000","629.0994"
"20200916","01","12","    79190","JP3760600001","142.0000","142.0000","137.0000","140.0000","140.0000","143.0000","140.0000","142.0000","142.0000","143.0000","137.0000","142.0000"," ","0.0000","0.0000","47500","6692800","140.9011"
"20200916","01","12","    79220","JP3331000004","287.0000","290.0000","287.0000","290.0000","290.0000","293.0000","290.0000","290.0000","287.0000","293.0000","287.0000","290.0000"," ","0.0000","0.0000","15400","4475900","290.6429"
"20200916","01","12","    79230","JP3552210001","479.0000","480.0000","479.0000","479.0000","478.0000","478.0000","478.0000","478.0000","479.0000","480.0000","478.0000","478.0000"," ","0.0000","0.0000","800","383100","478.8750"
"20200916","01","12","    79270","JP3913400002","458.0000","460.0000","453.0000","459.0000","455.0000","460.0000","454.0000","459.0000","458.0000","460.0000","453.0000","459.0000"," ","0.0000","0.0000","12400","5676700","457.7984"
"20200916","01","12","    79280","JP3111000000","354.0000","356.0000","354.0000","356.0000","356.0000","356.0000","355.0000","355.0000","354.0000","356.0000","354.0000","355.0000"," ","0.0000","0.0000","2200","782400","355.6364"
"20200916","01","12","    79320","JP3685200002","3610.0000","3610.0000","3610.0000","3610.0000","3640.0000","3640.0000","3620.0000","3620.0000","3610.0000","3640.0000","3610.0000","3620.0000"," ","0.0000","0.0000","1100","3985500","3623.1818"
"20200916","01","12","    79380","JP3969200009","2220.0000","2220.0000","2220.0000","2220.0000","0.0000","0.0000","0.0000","0.0000","2220.0000","2220.0000","2220.0000","2220.0000"," ","0.0000","0.0000","100","222000","2220.0000"
"20200916","01","12","    79390","JP3282000003","399.0000","399.0000","394.0000","394.0000","394.0000","398.0000","394.0000","394.0000","399.0000","399.0000","394.0000","394.0000"," ","0.0000","0.0000","900","355500","395.0000"
"20200916","01","12","    79450","JP3305500005","1148.0000","1150.0000","1143.0000","1150.0000","1150.0000","1150.0000","1122.0000","1123.0000","1148.0000","1150.0000","1122.0000","1123.0000"," ","0.0000","0.0000","4700","5384200","1145.5745"
"20200916","01","12","    79460","JP3292000001","689.0000","690.0000","689.0000","690.0000","680.0000","680.0000","678.0000","678.0000","689.0000","690.0000","678.0000","678.0000"," ","0.0000","0.0000","1200","818500","682.0833"
"20200916","01","12","    79530","JP3236600007","388.0000","388.0000","386.0000","388.0000","387.0000","388.0000","384.0000","384.0000","388.0000","388.0000","384.0000","384.0000"," ","0.0000","0.0000","7400","2857600","386.1622"
"20200916","01","12","    79570","JP3813400003","0.0000","0.0000","0.0000","0.0000","1454.0000","1456.0000","1453.0000","1456.0000","1454.0000","1456.0000","1453.0000","1456.0000"," ","0.0000","0.0000","400","581800","1454.5000"
"20200916","01","12","    79630","JP3286600006","2515.0000","2529.0000","2515.0000","2529.0000","2527.0000","2527.0000","2485.0000","2485.0000","2515.0000","2529.0000","2485.0000","2485.0000"," ","0.0000","0.0000","7600","19057600","2507.5789"
"20200916","01","12","    79750","JP3974600003","1648.0000","1648.0000","1647.0000","1647.0000","1648.0000","1650.0000","1648.0000","1650.0000","1648.0000","1650.0000","1647.0000","1650.0000"," ","0.0000","0.0000","1100","1812900","1648.0909"
"20200916","01","12","    79800","JP3349200000","1148.0000","1164.0000","1137.0000","1156.0000","1151.0000","1155.0000","1150.0000","1152.0000","1148.0000","1164.0000","1137.0000","1152.0000"," ","0.0000","0.0000","27100","31272700","1153.9742"
"20200916","01","12","    79830","JP3910800006","1600.0000","1647.0000","1600.0000","1637.0000","1633.0000","1633.0000","1600.0000","1601.0000","1600.0000","1647.0000","1600.0000","1601.0000"," ","0.0000","0.0000","3000","4820000","1606.6667"
"20200916","01","12","    79850","JP3758400000","0.0000","0.0000","0.0000","0.0000","0.0000","0.0000","0.0000","0.0000","0.0000","0.0000","0.0000","0.0000"," ","0.0000","0.0000","0","0","0.0000"
"20200916","01","12","    79860","JP3261600005","1086.0000","1099.0000","1079.0000","1079.0000","1080.0000","1099.0000","1079.0000","1099.0000","1086.0000","1099.0000","1079.0000","1099.0000"," ","0.0000","0.0000","2900","3168700","1092.6552"
"20200916","01","12","    79910","JP3870300005","699.0000","719.0000","699.0000","719.0000","718.0000","729.0000","714.0000","729.0000","699.0000","729.0000","699.0000","729.0000"," ","0.0000","0.0000","13200","9426200","714.1061"
"20200916","01","12","    79920","JP3413400007","177.0000","177.0000","175.0000","175.0000","176.0000","176.0000","175.0000","175.0000","177.0000","177.0000","175.0000","175.0000"," ","0.0000","0.0000","7300","1284900","176.0137"
"20200916","01","12","    79970","JP3272000005","750.0000","750.0000","739.0000","739.0000","740.0000","740.0000","740.0000","740.0000","750.0000","750.0000","739.0000","740.0000"," ","0.0000","0.0000","3000","2241500","747.1667"
"20200916","01","12","    80060","JP3946000001","0.0000","0.0000","0.0000","0.0000","0.0000","0.0000","0.0000","0.0000","0.0000","0.0000","0.0000","0.0000"," ","0.0000","0.0000","0","0","0.0000"
"20200916","01","12","    80230","JP3483000000","606.0000","607.0000","592.0000","601.0000","601.0000","608.0000","599.0000","600.0000","606.0000","608.0000","592.0000","600.0000"," ","0.0000","0.0000","53900","32418600","601.4583"
"20200916","01","12","    80300","JP3514600000","2701.0000","2701.0000","2701.0000","2701.0000","0.0000","0.0000","0.0000","0.0000","2701.0000","2701.0000","2701.0000","2701.0000"," ","0.0000","0.0000","400","1080400","2701.0000"
"20200916","01","12","    80390","JP3532600008","876.0000","876.0000","876.0000","876.0000","890.0000","890.0000","890.0000","890.0000","876.0000","890.0000","876.0000","890.0000"," ","0.0000","0.0000","2700","2368000","877.0370"
"20200916","01","12","    80400","JP3582200006","454.0000","456.0000","447.0000","447.0000","444.0000","444.0000","444.0000","444.0000","454.0000","456.0000","444.0000","444.0000"," ","0.0000","0.0000","2000","900500","450.2500"
"20200916","01","12","    80450","JP3956600005","847.0000","847.0000","834.0000","838.0000","838.0000","852.0000","838.0000","852.0000","847.0000","852.0000","834.0000","852.0000"," ","0.0000","0.0000","2700","2266800","839.5556"
"20200916","01","12","    80460","JP3877200000","1976.0000","1976.0000","1976.0000","1976.0000","0.0000","0.0000","0.0000","0.0000","1976.0000","1976.0000","1976.0000","1976.0000"," ","0.0000","0.0000","200","395200","1976.0000"
"20200916","01","12","    80660","JP3886800006","6610.0000","6680.0000","6610.0000","6670.0000","6640.0000","6640.0000","6640.0000","6640.0000","6610.0000","6680.0000","6610.0000","6640.0000"," ","0.0000","0.0000","400","2660000","6650.0000"
"20200916","01","12","    80720","JP3714000001","1350.0000","1350.0000","1350.0000","1350.0000","0.0000","0.0000","0.0000","0.0000","1350.0000","1350.0000","1350.0000","1350.0000"," ","0.0000","0.0000","100","135000","1350.0000"
"20200916","01","12","    80850","JP3651800009","0.0000","0.0000","0.0000","0.0000","1840.0000","1840.0000","1839.0000","1839.0000","1840.0000","1840.0000","1839.0000","1839.0000"," ","0.0000","0.0000","300","551900","1839.6667"
"20200916","01","12","    81050","JP3875200002","66.0000","66.0000","66.0000","66.0000","66.0000","66.0000","65.0000","66.0000","66.0000","66.0000","65.0000","66.0000"," ","0.0000","0.0000","92700","6118100","65.9989"
"20200916","01","12","    81150","JP3912400003","600.0000","602.0000","600.0000","602.0000","604.0000","604.0000","604.0000","604.0000","600.0000","604.0000","600.0000","604.0000"," ","0.0000","0.0000","800","481400","601.7500"
"20200916","01","12","    81170","JP3515400004","2410.0000","2415.0000","2386.0000","2415.0000","2415.0000","2427.0000","2413.0000","2413.0000","2410.0000","2427.0000","2386.0000","2413.0000"," ","0.0000","0.0000","10300","24871900","2414.7476"
"20200916","01","12","    81190","JP3324800006","2219.0000","2220.0000","2219.0000","2220.0000","2220.0000","2220.0000","2218.0000","2218.0000","2219.0000","2220.0000","2218.0000","2218.0000"," ","0.0000","0.0000","500","1109600","2219.2000"
"20200916","01","12","    81230","JP3227000001","0.0000","0.0000","0.0000","0.0000","1000.0000","1000.0000","990.0000","993.0000","1000.0000","1000.0000","990.0000","993.0000"," ","0.0000","0.0000","800","794800","993.5000"
"20200916","01","12","    81350","JP3427000009","194.0000","194.0000","192.0000","192.0000","192.0000","193.0000","192.0000","193.0000","194.0000","194.0000","192.0000","193.0000"," ","0.0000","0.0000","8700","1676600","192.7126"
"20200916","01","12","    81380","JP3327200006","0.0000","0.0000","0.0000","0.0000","0.0000","0.0000","0.0000","0.0000","0.0000","0.0000","0.0000","0.0000"," ","0.0000","0.0000","0","0","0.0000"
"20200916","01","12","    81390","JP3648600009","167.0000","167.0000","167.0000","167.0000","168.0000","168.0000","165.0000","165.0000","167.0000","168.0000","165.0000","165.0000"," ","0.0000","0.0000","5600","937700","167.4464"
"20200916","01","12","    81430","JP3968200000","610.0000","619.0000","610.0000","618.0000","612.0000","615.0000","612.0000","615.0000","610.0000","619.0000","610.0000","615.0000"," ","0.0000","0.0000","2000","1225000","612.5000"
"20200916","01","12","    81440","JP3550400000","1098.0000","1100.0000","1098.0000","1100.0000","1090.0000","1090.0000","1081.0000","1081.0000","1098.0000","1100.0000","1081.0000","1081.0000"," ","0.0000","0.0000","500","546900","1093.8000"
"20200916","01","12","    81470","JP3630600009","920.0000","920.0000","914.0000","920.0000","923.0000","923.0000","905.0000","913.0000","920.0000","923.0000","905.0000","913.0000"," ","0.0000","0.0000","6500","5958600","916.7077"
"20200916","01","12","    81520","JP3436200004","1666.0000","1666.0000","1666.0000","1666.0000","1666.0000","1666.0000","1666.0000","1666.0000","1666.0000","1666.0000","1666.0000","1666.0000"," ","0.0000","0.0000","400","666400","1666.0000"
"20200916","01","12","    81860","JP3188000008","171.0000","172.0000","169.0000","169.0000","169.0000","170.0000","168.0000","168.0000","171.0000","172.0000","168.0000","168.0000"," ","0.0000","0.0000","64700","10989900","169.8594"
"20200916","01","12","    81980","JP3930400001","2445.0000","2480.0000","2445.0000","2463.0000","2452.0000","2471.0000","2452.0000","2461.0000","2445.0000","2480.0000","2445.0000","2461.0000"," ","0.0000","0.0000","10800","26572000","2460.3704"
"20200916","01","12","    82020","JP3967000005","180.0000","183.0000","179.0000","181.0000","181.0000","232.0000","181.0000","229.0000","180.0000","232.0000","179.0000","229.0000"," ","0.0000","0.0000","10457700","2348907000","224.6103"
"20200916","01","12","    82080","JP3169200007","1127.0000","1143.0000","1124.0000","1124.0000","1130.0000","1144.0000","1130.0000","1144.0000","1127.0000","1144.0000","1124.0000","1144.0000"," ","0.0000","0.0000","3200","3620300","1131.3438"
"20200916","01","12","    82090","JP3829200009","665.0000","667.0000","654.0000","659.0000","655.0000","662.0000","654.0000","657.0000","665.0000","667.0000","654.0000","657.0000"," ","0.0000","0.0000","10900","7182700","658.9633"
"20200916","01","12","    82150","JP3265000004","1005.0000","1006.0000","1005.0000","1005.0000","1005.0000","1005.0000","1005.0000","1005.0000","1005.0000","1006.0000","1005.0000","1005.0000"," ","0.0000","0.0000","400","402100","1005.2500"
"20200916","01","12","    82250","JP3457700007","1322.0000","1322.0000","1322.0000","1322.0000","1300.0000","1300.0000","1297.0000","1297.0000","1322.0000","1322.0000","1297.0000","1297.0000"," ","0.0000","0.0000","400","524100","1310.2500"
"20200916","01","12","    82260","JP3970400002","215.0000","221.0000","211.0000","216.0000","216.0000","216.0000","209.0000","210.0000","215.0000","221.0000","209.0000","210.0000"," ","0.0000","0.0000","781200","167606100","214.5495"
"20200916","01","12","    82470","JP3500200005","286.0000","287.0000","286.0000","287.0000","282.0000","286.0000","282.0000","284.0000","286.0000","287.0000","282.0000","284.0000"," ","0.0000","0.0000","1700","483900","284.6471"
"20200916","01","12","    82490","JP3619200003","958.0000","972.0000","958.0000","958.0000","959.0000","966.0000","958.0000","958.0000","958.0000","972.0000","958.0000","958.0000"," ","0.0000","0.0000","1500","1440900","960.6000"
"20200916","01","12","    82540","JP3310400001","223.0000","232.0000","223.0000","225.0000","225.0000","229.0000","225.0000","228.0000","223.0000","232.0000","223.0000","228.0000"," ","0.0000","0.0000","25700","5820600","226.4825"
"20200916","01","12","    82560","JP3833800000","333.0000","342.0000","332.0000","335.0000","334.0000","335.0000","332.0000","332.0000","333.0000","342.0000","332.0000","332.0000"," ","0.0000","0.0000","437300","146703000","335.4745"
"20200916","01","12","    82570","JP3342400003","0.0000","0.0000","0.0000","0.0000","0.0000","0.0000","0.0000","0.0000","0.0000","0.0000","0.0000","0.0000"," ","0.0000","0.0000","0","0","0.0000"
"20200916","01","12","    82870","JP3864900000","1709.0000","1712.0000","1707.0000","1707.0000","1714.0000","1715.0000","1712.0000","1715.0000","1709.0000","1715.0000","1707.0000","1715.0000"," ","0.0000","0.0000","3300","5646900","1711.1818"
"20200916","01","12","    82980","JP3802500003","378.0000","378.0000","377.0000","377.0000","376.0000","376.0000","376.0000","376.0000","378.0000","378.0000","376.0000","376.0000"," ","0.0000","0.0000","800","301300","376.6250"
"20200916","01","12","    83010","JP3699200006","28000.0000","28000.0000","28000.0000","28000.0000","0.0000","0.0000","0.0000","0.0000","28000.0000","28000.0000","28000.0000","28000.0000"," ","0.0000","0.0000","100","2800000","28000.0000"
"20200916","01","12","    84620","JP3826250007","783.0000","796.0000","779.0000","794.0000","794.0000","812.0000","794.0000","798.0000","783.0000","812.0000","779.0000","798.0000"," ","0.0000","0.0000","66400","52936700","797.2395"
"20200916","01","12","    85080","JP3142350002","265.0000","268.0000","263.0000","264.0000","263.0000","266.0000","263.0000","264.0000","265.0000","268.0000","263.0000","264.0000"," ","0.0000","0.0000","85800","22739700","265.0315"
"20200916","01","12","    86990","JP3160790006","885.0000","887.0000","882.0000","883.0000","884.0000","893.0000","884.0000","893.0000","885.0000","893.0000","882.0000","893.0000"," ","0.0000","0.0000","40600","36101300","889.1946"
"20200916","01","12","    87000","JP3876750005","797.0000","800.0000","797.0000","800.0000","802.0000","802.0000","795.0000","797.0000","797.0000","802.0000","795.0000","797.0000"," ","0.0000","0.0000","2000","1596700","798.3500"
"20200916","01","12","    87040","JP3637250006","93.0000","94.0000","91.0000","94.0000","94.0000","94.0000","92.0000","93.0000","93.0000","94.0000","91.0000","93.0000"," ","0.0000","0.0000","875200","81687500","93.3358"
"20200916","01","12","    87050","JP3191550007","204.0000","208.0000","203.0000","204.0000","205.0000","206.0000","203.0000","204.0000","204.0000","208.0000","203.0000","204.0000"," ","0.0000","0.0000","149500","30659400","205.0796"
"20200916","01","12","    87090","JP3289700001","670.0000","675.0000","668.0000","668.0000","667.0000","675.0000","665.0000","666.0000","670.0000","675.0000","665.0000","666.0000"," ","0.0000","0.0000","6100","4088500","670.2459"
"20200916","01","12","    87370","JP3292300005","294.0000","297.0000","293.0000","296.0000","296.0000","296.0000","294.0000","294.0000","294.0000","297.0000","293.0000","294.0000"," ","0.0000","0.0000","36400","10741300","295.0907"
"20200916","01","12","    87400","JP3820620007","265.0000","270.0000","265.0000","270.0000","269.0000","269.0000","262.0000","268.0000","265.0000","270.0000","262.0000","268.0000"," ","0.0000","0.0000","30500","8142900","266.9803"
"20200916","01","12","    87460","JP3475600007","173.0000","178.0000","173.0000","175.0000","174.0000","174.0000","171.0000","171.0000","173.0000","178.0000","171.0000","171.0000"," ","0.0000","0.0000","269900","47004500","174.1552"
"20200916","01","12","    87470","JP3949000008","692.0000","695.0000","685.0000","685.0000","686.0000","689.0000","675.0000","676.0000","692.0000","695.0000","675.0000","676.0000"," ","0.0000","0.0000","49400","33792500","684.0587"
"20200916","01","12","    87830","JP3273830004","210.0000","211.0000","208.0000","209.0000","209.0000","209.0000","206.0000","206.0000","210.0000","211.0000","206.0000","206.0000"," ","0.0000","0.0000","252600","52557700","208.0669"
"20200916","01","12","    87890","JP3802830004","46.0000","47.0000","46.0000","46.0000","46.0000","48.0000","46.0000","48.0000","46.0000","48.0000","46.0000","48.0000"," ","0.0000","0.0000","2186400","101297200","46.3306"
"20200916","01","12","    88360","JP3794400006","28.0000","28.0000","27.0000","27.0000","28.0000","28.0000","27.0000","27.0000","28.0000","28.0000","27.0000","27.0000"," ","0.0000","0.0000","80200","2222300","27.7095"
"20200916","01","12","    88440","JP3970200006","412.0000","412.0000","403.0000","407.0000","408.0000","408.0000","405.0000","406.0000","412.0000","412.0000","403.0000","406.0000"," ","0.0000","0.0000","14300","5794100","405.1818"
"20200916","01","12","    88540","JP3661900005","1703.0000","1703.0000","1703.0000","1703.0000","0.0000","0.0000","0.0000","0.0000","1703.0000","1703.0000","1703.0000","1703.0000"," ","0.0000","0.0000","100","170300","1703.0000"
"20200916","01","12","    88860","JP3157300009","2075.0000","2080.0000","2075.0000","2080.0000","2080.0000","2085.0000","2080.0000","2080.0000","2075.0000","2085.0000","2075.0000","2080.0000"," ","0.0000","0.0000","600","1248000","2080.0000"
"20200916","01","12","    88870","JP3974800009","748.0000","748.0000","745.0000","746.0000","745.0000","750.0000","745.0000","750.0000","748.0000","750.0000","745.0000","750.0000"," ","0.0000","0.0000","2700","2017700","747.2963"
"20200916","01","12","    88890","JP3122510005","592.0000","593.0000","585.0000","592.0000","583.0000","593.0000","583.0000","593.0000","592.0000","593.0000","583.0000","593.0000"," ","0.0000","0.0000","7100","4194300","590.7465"
"20200916","01","12","    88900","JP3979100009","866.0000","873.0000","866.0000","872.0000","872.0000","882.0000","868.0000","879.0000","866.0000","882.0000","866.0000","879.0000"," ","0.0000","0.0000","35600","31140900","874.7444"
"20200916","01","12","    88910","JP3167440001","0.0000","0.0000","0.0000","0.0000","868.0000","868.0000","868.0000","868.0000","868.0000","868.0000","868.0000","868.0000"," ","0.0000","0.0000","19500","16926000","868.0000"
"20200916","01","12","    88930","JP3381600000","342.0000","349.0000","341.0000","347.0000","347.0000","349.0000","343.0000","348.0000","342.0000","349.0000","341.0000","348.0000"," ","0.0000","0.0000","190600","65948300","346.0037"
"20200916","01","12","    88940","JP3772300004","37.0000","38.0000","36.0000","37.0000","38.0000","38.0000","37.0000","38.0000","37.0000","38.0000","36.0000","38.0000"," ","0.0000","0.0000","624700","23226000","37.1794"
"20200916","01","12","    88980","JP3424880007","1112.0000","1122.0000","1105.0000","1105.0000","1130.0000","1130.0000","1119.0000","1124.0000","1112.0000","1130.0000","1105.0000","1124.0000"," ","0.0000","0.0000","3700","4137000","1118.1081"
"20200916","01","12","    89030","JP3324450000","453.0000","456.0000","453.0000","455.0000","454.0000","457.0000","454.0000","457.0000","453.0000","457.0000","453.0000","457.0000"," ","0.0000","0.0000","3500","1592500","455.0000"
"20200916","01","12","    89090","JP3354100004","942.0000","963.0000","934.0000","962.0000","962.0000","967.0000","957.0000","958.0000","942.0000","967.0000","934.0000","958.0000"," ","0.0000","0.0000","271000","259470100","957.4542"
"20200916","01","12","    89120","JP3167610009","102.0000","103.0000","101.0000","102.0000","103.0000","104.0000","102.0000","104.0000","102.0000","104.0000","101.0000","104.0000"," ","0.0000","0.0000","81700","8375800","102.5190"
"20200916","01","12","    89140","JP3167620008","960.0000","969.0000","952.0000","963.0000","964.0000","970.0000","959.0000","967.0000","960.0000","970.0000","952.0000","967.0000"," ","0.0000","0.0000","18900","18226200","964.3492"
"20200916","01","12","    89220","JP3104930007","108.0000","109.0000","107.0000","108.0000","108.0000","109.0000","108.0000","108.0000","108.0000","109.0000","107.0000","108.0000"," ","0.0000","0.0000","201400","21780900","108.1475"
"20200916","01","12","    89250","JP3126160005","57.0000","58.0000","55.0000","56.0000","55.0000","57.0000","55.0000","55.0000","57.0000","58.0000","55.0000","55.0000"," ","0.0000","0.0000","2900400","162764000","56.1178"
"20200916","01","12","    89270","JP3920300005","220.0000","222.0000","217.0000","219.0000","218.0000","219.0000","217.0000","217.0000","220.0000","222.0000","217.0000","217.0000"," ","0.0000","0.0000","61500","13420200","218.2146"
"20200916","01","12","    89290","JP3825750007","1593.0000","1611.0000","1581.0000","1610.0000","1610.0000","1626.0000","1609.0000","1626.0000","1593.0000","1626.0000","1581.0000","1626.0000"," ","0.0000","0.0000","44600","71747200","1608.6816"
"20200916","01","12","    89310","JP3993920002","700.0000","704.0000","700.0000","704.0000","700.0000","705.0000","700.0000","704.0000","700.0000","705.0000","700.0000","704.0000"," ","0.0000","0.0000","22200","15552000","700.5405"
"20200916","01","12","    89380","JP3984150007","1000.0000","1090.0000","1000.0000","1027.0000","1036.0000","1050.0000","1006.0000","1050.0000","1000.0000","1090.0000","1000.0000","1050.0000"," ","0.0000","0.0000","25700","26303800","1023.4942"
"20200916","01","12","    89460","JP3953650003","103.0000","105.0000","103.0000","104.0000","105.0000","105.0000","104.0000","105.0000","103.0000","105.0000","103.0000","105.0000"," ","0.0000","0.0000","273000","28419300","104.1000"
"20200916","01","12","    89950","JP3863070003","0.0000","0.0000","0.0000","0.0000","538.0000","558.0000","538.0000","558.0000","538.0000","558.0000","538.0000","558.0000"," ","0.0000","0.0000","700","381900","545.5714"
"20200916","01","12","    90120","JP3509800003","0.0000","0.0000","0.0000","0.0000","0.0000","0.0000","0.0000","0.0000","0.0000","0.0000","0.0000","0.0000"," ","0.0000","0.0000","0","0","0.0000"
"20200916","01","12","    90170","JP3654400005","0.0000","0.0000","0.0000","0.0000","0.0000","0.0000","0.0000","0.0000","0.0000","0.0000","0.0000","0.0000"," ","0.0000","0.0000","0","0","0.0000"
"20200916","01","12","    90280","JP3428870004","871.0000","873.0000","871.0000","873.0000","873.0000","873.0000","873.0000","873.0000","871.0000","873.0000","871.0000","873.0000"," ","0.0000","0.0000","300","261700","872.3333"
"20200916","01","12","    90290","JP3783480001","473.0000","476.0000","473.0000","473.0000","476.0000","485.0000","474.0000","481.0000","473.0000","485.0000","473.0000","481.0000"," ","0.0000","0.0000","18000","8609500","478.3056"
"20200916","01","12","    90330","JP3798600007","999.0000","999.0000","998.0000","998.0000","999.0000","999.0000","998.0000","998.0000","999.0000","999.0000","998.0000","998.0000"," ","0.0000","0.0000","1300","1298000","998.4615"
"20200916","01","12","    90340","JP3653350003","1100.0000","1100.0000","1100.0000","1100.0000","0.0000","0.0000","0.0000","0.0000","1100.0000","1100.0000","1100.0000","1100.0000"," ","0.0000","0.0000","500","550000","1100.0000"
"20200916","01","12","    90360","JP3598000002","875.0000","875.0000","875.0000","875.0000","875.0000","882.0000","870.0000","870.0000","875.0000","882.0000","870.0000","870.0000"," ","0.0000","0.0000","1800","1575400","875.2222"
"20200916","01","12","    90490","JP3281000004","2590.0000","2590.0000","2590.0000","2590.0000","2550.0000","2550.0000","2550.0000","2550.0000","2590.0000","2590.0000","2550.0000","2550.0000"," ","0.0000","0.0000","1200","3084000","2570.0000"
"20200916","01","12","    90510","JP3424100000","770.0000","783.0000","770.0000","780.0000","0.0000","0.0000","0.0000","0.0000","770.0000","783.0000","770.0000","780.0000"," ","0.0000","0.0000","2000","1549500","774.7500"
"20200916","01","12","    90550","JP3126450000","797.0000","797.0000","794.0000","795.0000","799.0000","799.0000","780.0000","780.0000","797.0000","799.0000","780.0000","780.0000"," ","0.0000","0.0000","5800","4566400","787.3103"
"20200916","01","12","    90570","JP3168600009","2925.0000","2974.0000","2925.0000","2974.0000","2950.0000","2950.0000","2938.0000","2938.0000","2925.0000","2974.0000","2925.0000","2938.0000"," ","0.0000","0.0000","4800","14142800","2946.4167"
"20200916","01","12","    90590","JP3229980002","829.0000","830.0000","829.0000","829.0000","829.0000","829.0000","800.0000","815.0000","829.0000","830.0000","800.0000","815.0000"," ","0.0000","0.0000","7800","6334600","812.1282"
"20200916","01","12","    90600","JP3756050005","0.0000","0.0000","0.0000","0.0000","3600.0000","3600.0000","3600.0000","3600.0000","3600.0000","3600.0000","3600.0000","3600.0000"," ","0.0000","0.0000","100","360000","3600.0000"
"20200916","01","12","    90630","JP3193800004","0.0000","0.0000","0.0000","0.0000","0.0000","0.0000","0.0000","0.0000","0.0000","0.0000","0.0000","0.0000"," ","0.0000","0.0000","0","0","0.0000"
"20200916","01","12","    90730","JP3248400008","549.0000","549.0000","549.0000","549.0000","0.0000","0.0000","0.0000","0.0000","549.0000","549.0000","549.0000","549.0000"," ","0.0000","0.0000","200","109800","549.0000"
"20200916","01","12","    90820","JP3503000006","911.0000","911.0000","881.0000","895.0000","894.0000","894.0000","894.0000","894.0000","911.0000","911.0000","881.0000","894.0000"," ","0.0000","0.0000","1300","1155000","888.4615"
"20200916","01","12","    90830","JP3372000004","3030.0000","3030.0000","3010.0000","3010.0000","3020.0000","3020.0000","3020.0000","3020.0000","3030.0000","3030.0000","3010.0000","3020.0000"," ","0.0000","0.0000","300","906000","3020.0000"
"20200916","01","12","    90870","JP3456600000","1727.0000","1727.0000","1727.0000","1727.0000","0.0000","0.0000","0.0000","0.0000","1727.0000","1727.0000","1727.0000","1727.0000"," ","0.0000","0.0000","200","345400","1727.0000"
"20200916","01","12","    91270","JP3470600002","595.0000","595.0000","595.0000","595.0000","600.0000","600.0000","600.0000","600.0000","595.0000","600.0000","595.0000","600.0000"," ","0.0000","0.0000","1000","599500","599.5000"
"20200916","01","12","    91710","JP3270400009","0.0000","0.0000","0.0000","0.0000","331.0000","336.0000","328.0000","336.0000","331.0000","336.0000","328.0000","336.0000"," ","0.0000","0.0000","2000","665000","332.5000"
"20200916","01","12","    91730","JP3562000004","2250.0000","2298.0000","2250.0000","2298.0000","2248.0000","2248.0000","2248.0000","2248.0000","2250.0000","2298.0000","2248.0000","2248.0000"," ","0.0000","0.0000","400","904600","2261.5000"
"20200916","01","12","    91760","JP3322400007","228.0000","229.0000","228.0000","229.0000","229.0000","230.0000","228.0000","229.0000","228.0000","230.0000","228.0000","229.0000"," ","0.0000","0.0000","2000","457700","228.8500"
"20200916","01","12","    91790","JP3224000004","2425.0000","2425.0000","2421.0000","2421.0000","0.0000","0.0000","0.0000","0.0000","2425.0000","2425.0000","2421.0000","2421.0000"," ","0.0000","0.0000","400","969000","2422.5000"
"20200916","01","12","    91930","JP3573800004","612.0000","612.0000","601.0000","607.0000","607.0000","607.0000","607.0000","607.0000","612.0000","612.0000","601.0000","607.0000"," ","0.0000","0.0000","3400","2066700","607.8529"
"20200916","01","12","    92060","JP3399320005","2712.0000","2712.0000","2650.0000","2700.0000","2700.0000","2700.0000","2685.0000","2695.0000","2712.0000","2712.0000","2650.0000","2695.0000"," ","0.0000","0.0000","3700","9918100","2680.5676"
"20200916","01","12","    92330","JP3118800006","1095.0000","1117.0000","1090.0000","1100.0000","1100.0000","1100.0000","1080.0000","1082.0000","1095.0000","1117.0000","1080.0000","1082.0000"," ","0.0000","0.0000","80800","88723700","1098.0656"
"20200916","01","12","    92610","JP3266700008","0.0000","0.0000","0.0000","0.0000","0.0000","0.0000","0.0000","0.0000","0.0000","0.0000","0.0000","0.0000"," ","0.0000","0.0000","0","0","0.0000"
"20200916","01","12","    92630","JP3800340006","319.0000","324.0000","317.0000","324.0000","322.0000","323.0000","318.0000","318.0000","319.0000","324.0000","317.0000","318.0000"," ","0.0000","0.0000","184200","59041100","320.5271"
"20200916","01","12","    92640","JP3856100007","3425.0000","3450.0000","3400.0000","3425.0000","3420.0000","3515.0000","3420.0000","3515.0000","3425.0000","3515.0000","3400.0000","3515.0000"," ","0.0000","0.0000","16700","57786000","3460.2395"
"20200916","01","12","    92680","JP3197720000","820.0000","822.0000","820.0000","821.0000","821.0000","831.0000","821.0000","824.0000","820.0000","831.0000","820.0000","824.0000"," ","0.0000","0.0000","4900","4037900","824.0612"
"20200916","01","12","    92700","JP3431540008","2067.0000","2100.0000","2067.0000","2091.0000","2080.0000","2095.0000","2070.0000","2070.0000","2067.0000","2100.0000","2067.0000","2070.0000"," ","0.0000","0.0000","13400","27911500","2082.9478"
"20200916","01","12","    92710","JP3993500002","505.0000","505.0000","505.0000","505.0000","517.0000","529.0000","515.0000","529.0000","505.0000","529.0000","505.0000","529.0000"," ","0.0000","0.0000","900","465700","517.4444"
"20200916","01","12","    92720","JP3829980006","1661.0000","1670.0000","1661.0000","1670.0000","1698.0000","1698.0000","1698.0000","1698.0000","1661.0000","1698.0000","1661.0000","1698.0000"," ","0.0000","0.0000","400","672700","1681.7500"
"20200916","01","12","    92760","JP3117370001","0.0000","0.0000","0.0000","0.0000","0.0000","0.0000","0.0000","0.0000","0.0000","0.0000","0.0000","0.0000"," ","0.0000","0.0000","0","0","0.0000"
"20200916","01","12","    92790","JP3264860002","1653.0000","1690.0000","1590.0000","1611.0000","1610.0000","1629.0000","1600.0000","1629.0000","1653.0000","1690.0000","1590.0000","1629.0000"," ","0.0000","0.0000","162600","265079400","1630.2546"
"20200916","01","12","    93070","JP3397000005","740.0000","745.0000","708.0000","720.0000","724.0000","733.0000","712.0000","722.0000","740.0000","745.0000","708.0000","722.0000"," ","0.0000","0.0000","331800","240060500","723.5096"
"20200916","01","12","    93110","JP3109600001","3550.0000","3550.0000","3550.0000","3550.0000","0.0000","0.0000","0.0000","0.0000","3550.0000","3550.0000","3550.0000","3550.0000"," ","0.0000","0.0000","100","355000","3550.0000"
"20200916","01","12","    93130","JP3876800008","618.0000","630.0000","618.0000","630.0000","630.0000","631.0000","630.0000","630.0000","618.0000","631.0000","618.0000","630.0000"," ","0.0000","0.0000","2700","1695000","627.7778"
"20200916","01","12","    93180","JP3743800009","9.0000","9.0000","8.0000","9.0000","9.0000","9.0000","8.0000","8.0000","9.0000","9.0000","8.0000","8.0000"," ","0.0000","0.0000","2317000","19439300","8.3899"
"20200916","01","12","    93260","JP3230300000","2905.0000","2905.0000","2812.0000","2824.0000","2820.0000","2857.0000","2820.0000","2842.0000","2905.0000","2905.0000","2812.0000","2842.0000"," ","0.0000","0.0000","40100","113957000","2841.8204"
"20200916","01","12","    93530","JP3318000001","1849.0000","1887.0000","1797.0000","1853.0000","1839.0000","1839.0000","1815.0000","1815.0000","1849.0000","1887.0000","1797.0000","1815.0000"," ","0.0000","0.0000","7800","14417400","1848.3846"
"20200916","01","12","    93550","JP3977100001","0.0000","0.0000","0.0000","0.0000","0.0000","0.0000","0.0000","0.0000","0.0000","0.0000","0.0000","0.0000"," ","0.0000","0.0000","0","0","0.0000"
"20200916","01","12","    93600","JP3398800007","1280.0000","1280.0000","1196.0000","1203.0000","1215.0000","1215.0000","1181.0000","1187.0000","1280.0000","1280.0000","1181.0000","1187.0000"," ","0.0000","0.0000","13700","16571900","1209.6277"
"20200916","01","12","    93610","JP3807200005","0.0000","0.0000","0.0000","0.0000","0.0000","0.0000","0.0000","0.0000","0.0000","0.0000","0.0000","0.0000"," ","0.0000","0.0000","0","0","0.0000"
"20200916","01","12","    93620","JP3794600001","1130.0000","1130.0000","1130.0000","1130.0000","0.0000","0.0000","0.0000","0.0000","1130.0000","1130.0000","1130.0000","1130.0000"," ","0.0000","0.0000","300","339000","1130.0000"
"20200916","01","12","    93630","JP3479800009","246.0000","248.0000","244.0000","244.0000","245.0000","245.0000","240.0000","240.0000","246.0000","248.0000","240.0000","240.0000"," ","0.0000","0.0000","19500","4756200","243.9077"
"20200916","01","12","    93650","JP3637200001","0.0000","0.0000","0.0000","0.0000","0.0000","0.0000","0.0000","0.0000","0.0000","0.0000","0.0000","0.0000"," ","0.0000","0.0000","0","0","0.0000"
"20200916","01","12","    93670","JP3486900008","635.0000","637.0000","635.0000","637.0000","637.0000","637.0000","637.0000","637.0000","635.0000","637.0000","635.0000","637.0000"," ","0.0000","0.0000","500","318300","636.6000"
"20200916","01","12","    93760","JP3944650005","410.0000","438.0000","410.0000","426.0000","434.0000","436.0000","426.0000","432.0000","410.0000","438.0000","410.0000","432.0000"," ","0.0000","0.0000","11900","5075500","426.5126"
"20200916","01","12","    93770","JP3160470005","477.0000","487.0000","470.0000","472.0000","475.0000","478.0000","474.0000","477.0000","477.0000","487.0000","470.0000","477.0000"," ","0.0000","0.0000","25900","12362300","477.3089"
"20200916","01","12","    93880","JP3781530005","0.0000","0.0000","0.0000","0.0000","0.0000","0.0000","0.0000","0.0000","0.0000","0.0000","0.0000","0.0000"," ","0.0000","0.0000","0","0","0.0000"
"20200916","01","12","    94080","JP3656400003","1220.0000","1220.0000","1220.0000","1220.0000","1220.0000","1220.0000","1220.0000","1220.0000","1220.0000","1220.0000","1220.0000","1220.0000"," ","0.0000","0.0000","400","488000","1220.0000"
"20200916","01","12","    94210","JP3758300002","1250.0000","1273.0000","1250.0000","1270.0000","1275.0000","1281.0000","1275.0000","1281.0000","1250.0000","1281.0000","1250.0000","1281.0000"," ","0.0000","0.0000","5000","6345500","1269.1000"
"20200916","01","12","    94230","JP3826700001","136.0000","136.0000","133.0000","134.0000","134.0000","135.0000","132.0000","133.0000","136.0000","136.0000","132.0000","133.0000"," ","0.0000","0.0000","536200","72164300","134.5847"
"20200916","01","12","    94250","JP3732400001","515.0000","516.0000","499.0000","502.0000","500.0000","504.0000","496.0000","498.0000","515.0000","516.0000","496.0000","498.0000"," ","0.0000","0.0000","467600","235875800","504.4393"
"20200916","01","12","    94360","JP3194650002","4060.0000","4075.0000","4040.0000","4060.0000","4055.0000","4080.0000","4055.0000","4075.0000","4060.0000","4080.0000","4040.0000","4075.0000"," ","0.0000","0.0000","38700","157174500","4061.3566"
"20200916","01","12","    94390","JP3799620004","200.0000","200.0000","199.0000","199.0000","199.0000","200.0000","198.0000","199.0000","200.0000","200.0000","198.0000","199.0000"," ","0.0000","0.0000","4000","796700","199.1750"
"20200916","01","12","    94410","JP3835850003","5090.0000","5090.0000","5090.0000","5090.0000","5090.0000","5090.0000","5090.0000","5090.0000","5090.0000","5090.0000","5090.0000","5090.0000"," ","0.0000","0.0000","200","1018000","5090.0000"
"20200916","01","12","    94440","JP3552420006","553.0000","569.0000","542.0000","546.0000","545.0000","549.0000","544.0000","547.0000","553.0000","569.0000","542.0000","547.0000"," ","0.0000","0.0000","52700","28975500","549.8197"
"20200916","01","12","    94450","JP3802760003","323.0000","328.0000","323.0000","328.0000","328.0000","328.0000","326.0000","328.0000","323.0000","328.0000","323.0000","328.0000"," ","0.0000","0.0000","15200","4953700","325.9013"
"20200916","01","12","    94460","JP3162630002","626.0000","627.0000","623.0000","627.0000","625.0000","630.0000","625.0000","625.0000","626.0000","630.0000","623.0000","625.0000"," ","0.0000","0.0000","10700","6702300","626.3832"
"20200916","01","12","    94650","JP3241700008","0.0000","0.0000","0.0000","0.0000","0.0000","0.0000","0.0000","0.0000","0.0000","0.0000","0.0000","0.0000"," ","0.0000","0.0000","0","0","0.0000"
"20200916","01","12","    94670","JP3126410004","2967.0000","3025.0000","2948.0000","2994.0000","3015.0000","3085.0000","3005.0000","3070.0000","2967.0000","3085.0000","2948.0000","3070.0000"," ","0.0000","0.0000","28000","84576100","3020.5750"
"20200916","01","12","    94760","JP3514800006","535.0000","538.0000","535.0000","537.0000","0.0000","0.0000","0.0000","0.0000","535.0000","538.0000","535.0000","537.0000"," ","0.0000","0.0000","700","375300","536.1429"
"20200916","01","12","    94780","JP3361000007","179.0000","180.0000","178.0000","179.0000","178.0000","179.0000","177.0000","177.0000","179.0000","180.0000","177.0000","177.0000"," ","0.0000","0.0000","50100","8924000","178.1238"
"20200916","01","12","    95370","JP3843800008","3135.0000","3135.0000","3135.0000","3135.0000","0.0000","0.0000","0.0000","0.0000","3135.0000","3135.0000","3135.0000","3135.0000"," ","0.0000","0.0000","100","313500","3135.0000"
"20200916","01","12","    95390","JP3281400006","3320.0000","3335.0000","3320.0000","3335.0000","3335.0000","3335.0000","3335.0000","3335.0000","3320.0000","3335.0000","3320.0000","3335.0000"," ","0.0000","0.0000","600","1995000","3325.0000"
"20200916","01","12","    96100","JP3154200004","161.0000","173.0000","160.0000","164.0000","164.0000","168.0000","162.0000","165.0000","161.0000","173.0000","160.0000","165.0000"," ","0.0000","0.0000","75400","12456600","165.2069"
"20200916","01","12","    96250","JP3423600000","820.0000","851.0000","803.0000","850.0000","850.0000","860.0000","834.0000","842.0000","820.0000","860.0000","803.0000","842.0000"," ","0.0000","0.0000","146100","122295800","837.0691"
"20200916","01","12","    96310","JP3569800000","4515.0000","4550.0000","4515.0000","4550.0000","4545.0000","4545.0000","4520.0000","4535.0000","4515.0000","4550.0000","4515.0000","4535.0000"," ","0.0000","0.0000","700","3171000","4530.0000"
"20200916","01","12","    96350","JP3913200006","2095.0000","2095.0000","2095.0000","2095.0000","0.0000","0.0000","0.0000","0.0000","2095.0000","2095.0000","2095.0000","2095.0000"," ","0.0000","0.0000","100","209500","2095.0000"
"20200916","01","12","    96360","JP3258400005","0.0000","0.0000","0.0000","0.0000","0.0000","0.0000","0.0000","0.0000","0.0000","0.0000","0.0000","0.0000"," ","0.0000","0.0000","0","0","0.0000"
"20200916","01","12","    96370","JP3170400000","0.0000","0.0000","0.0000","0.0000","2854.0000","2855.0000","2849.0000","2849.0000","2854.0000","2855.0000","2849.0000","2849.0000"," ","0.0000","0.0000","600","1712100","2853.5000"
"20200916","01","12","    96390","JP3328200005","3615.0000","3615.0000","3580.0000","3595.0000","3595.0000","3600.0000","3540.0000","3570.0000","3615.0000","3615.0000","3540.0000","3570.0000"," ","0.0000","0.0000","3600","12909000","3585.8333"
"20200916","01","12","    96400","JP3422150007","2163.0000","2163.0000","2150.0000","2150.0000","2165.0000","2165.0000","2154.0000","2154.0000","2163.0000","2165.0000","2150.0000","2154.0000"," ","0.0000","0.0000","500","1078200","2156.4000"
"20200916","01","12","    96410","JP3318600008","358.0000","359.0000","357.0000","359.0000","360.0000","370.0000","355.0000","355.0000","358.0000","370.0000","355.0000","355.0000"," ","0.0000","0.0000","31900","11535400","361.6113"
"20200916","01","12","    96470","JP3254900008","3120.0000","3120.0000","3120.0000","3120.0000","0.0000","0.0000","0.0000","0.0000","3120.0000","3120.0000","3120.0000","3120.0000"," ","0.0000","0.0000","100","312000","3120.0000"
"20200916","01","12","    96510","JP3749300004","792.0000","792.0000","781.0000","781.0000","784.0000","787.0000","784.0000","787.0000","792.0000","792.0000","781.0000","787.0000"," ","0.0000","0.0000","1600","1258200","786.3750"
"20200916","01","12","    96560","JP3889000000","438.0000","451.0000","438.0000","442.0000","442.0000","442.0000","441.0000","441.0000","438.0000","451.0000","438.0000","441.0000"," ","0.0000","0.0000","5600","2498600","446.1786"
"20200916","01","12","    96610","JP3218600009","5080.0000","5100.0000","5080.0000","5100.0000","5100.0000","5100.0000","5070.0000","5070.0000","5080.0000","5100.0000","5070.0000","5070.0000"," ","0.0000","0.0000","1100","5599000","5090.0000"
"20200916","01","12","    96790","JP3840300002","0.0000","0.0000","0.0000","0.0000","0.0000","0.0000","0.0000","0.0000","0.0000","0.0000","0.0000","0.0000"," ","0.0000","0.0000","0","0","0.0000"
"20200916","01","12","    96850","JP3253000008","769.0000","787.0000","731.0000","765.0000","765.0000","769.0000","702.0000","709.0000","769.0000","787.0000","702.0000","709.0000"," ","0.0000","0.0000","531500","396806700","746.5789"
"20200916","01","12","    96860","JP3616800003","998.0000","1000.0000","998.0000","1000.0000","1000.0000","1000.0000","999.0000","999.0000","998.0000","1000.0000","998.0000","999.0000"," ","0.0000","0.0000","700","699600","999.4286"
"20200916","01","12","    96870","JP3294000009","0.0000","0.0000","0.0000","0.0000","1939.0000","1949.0000","1939.0000","1940.0000","1939.0000","1949.0000","1939.0000","1940.0000"," ","0.0000","0.0000","1800","3496100","1942.2778"
"20200916","01","12","    96910","JP3976400006","2151.0000","2226.0000","2134.0000","2200.0000","2200.0000","2249.0000","2183.0000","2249.0000","2151.0000","2249.0000","2134.0000","2249.0000"," ","0.0000","0.0000","17500","38676100","2210.0629"
"20200916","01","12","    96950","JP3220000008","243.0000","246.0000","238.0000","243.0000","242.0000","242.0000","239.0000","242.0000","243.0000","246.0000","238.0000","242.0000"," ","0.0000","0.0000","10600","2560600","241.5660"
"20200916","01","12","    96960","JP3234010001","450.0000","451.0000","446.0000","447.0000","446.0000","452.0000","444.0000","450.0000","450.0000","452.0000","444.0000","450.0000"," ","0.0000","0.0000","15600","6979500","447.4038"
"20200916","01","12","    96980","JP3271000006","1235.0000","1239.0000","1226.0000","1229.0000","1228.0000","1236.0000","1227.0000","1236.0000","1235.0000","1239.0000","1226.0000","1236.0000"," ","0.0000","0.0000","9600","11819000","1231.1458"
"20200916","01","12","    97010","JP3572200008","3000.0000","3000.0000","3000.0000","3000.0000","0.0000","0.0000","0.0000","0.0000","3000.0000","3000.0000","3000.0000","3000.0000"," ","0.0000","0.0000","300","900000","3000.0000"
"20200916","01","12","    97070","JP3230800009","1110.0000","1112.0000","1105.0000","1108.0000","1113.0000","1118.0000","1109.0000","1113.0000","1110.0000","1118.0000","1105.0000","1113.0000"," ","0.0000","0.0000","16600","18460100","1112.0542"
"20200916","01","12","    97080","JP3542800002","1904.0000","1940.0000","1893.0000","1915.0000","1907.0000","1913.0000","1902.0000","1913.0000","1904.0000","1940.0000","1893.0000","1913.0000"," ","0.0000","0.0000","11000","21026700","1911.5182"
"20200916","01","12","    97090","JP3709000008","489.0000","492.0000","476.0000","477.0000","478.0000","482.0000","476.0000","480.0000","489.0000","492.0000","476.0000","480.0000"," ","0.0000","0.0000","80600","38802800","481.4243"
"20200916","01","12","    97130","JP3984000004","1359.0000","1359.0000","1350.0000","1350.0000","1350.0000","1350.0000","1350.0000","1350.0000","1359.0000","1359.0000","1350.0000","1350.0000"," ","0.0000","0.0000","1000","1352800","1352.8000"
"20200916","01","12","    97200","JP3852200009","3300.0000","3300.0000","3300.0000","3300.0000","3350.0000","3350.0000","3350.0000","3350.0000","3300.0000","3350.0000","3300.0000","3350.0000"," ","0.0000","0.0000","900","2975000","3305.5556"
"20200916","01","12","    97230","JP3252400001","620.0000","620.0000","606.0000","606.0000","619.0000","619.0000","607.0000","607.0000","620.0000","620.0000","606.0000","607.0000"," ","0.0000","0.0000","900","552700","614.1111"
"20200916","01","12","    97330","JP3647600000","0.0000","0.0000","0.0000","0.0000","0.0000","0.0000","0.0000","0.0000","0.0000","0.0000","0.0000","0.0000"," ","0.0000","0.0000","0","0","0.0000"
"20200916","01","12","    97340","JP3417800004","771.0000","771.0000","771.0000","771.0000","0.0000","0.0000","0.0000","0.0000","771.0000","771.0000","771.0000","771.0000"," ","0.0000","0.0000","1600","1233600","771.0000"
"20200916","01","12","    97530","JP3100720006","883.0000","926.0000","855.0000","926.0000","914.0000","934.0000","899.0000","925.0000","883.0000","934.0000","855.0000","925.0000"," ","0.0000","0.0000","365600","329861300","902.2464"
"20200916","01","12","    97580","JP3389600002","486.0000","487.0000","482.0000","484.0000","484.0000","489.0000","481.0000","485.0000","486.0000","489.0000","481.0000","485.0000"," ","0.0000","0.0000","123300","59862700","485.5045"
"20200916","01","12","    97610","JP3566200006","1376.0000","1395.0000","1376.0000","1395.0000","1370.0000","1391.0000","1370.0000","1391.0000","1376.0000","1395.0000","1370.0000","1391.0000"," ","0.0000","0.0000","1600","2202100","1376.3125"
"20200916","01","12","    97670","JP3668800000","1209.0000","1209.0000","1192.0000","1192.0000","1192.0000","1192.0000","1192.0000","1192.0000","1209.0000","1209.0000","1192.0000","1192.0000"," ","0.0000","0.0000","400","478500","1196.2500"
"20200916","01","12","    97760","JP3321100004","0.0000","0.0000","0.0000","0.0000","0.0000","0.0000","0.0000","0.0000","0.0000","0.0000","0.0000","0.0000"," ","0.0000","0.0000","0","0","0.0000"
"20200916","01","12","    97780","JP3399750003","0.0000","0.0000","0.0000","0.0000","4350.0000","4350.0000","4350.0000","4350.0000","4350.0000","4350.0000","4350.0000","4350.0000"," ","0.0000","0.0000","100","435000","4350.0000"
"20200916","01","12","    97800","JP3773200005","0.0000","0.0000","0.0000","0.0000","0.0000","0.0000","0.0000","0.0000","0.0000","0.0000","0.0000","0.0000"," ","0.0000","0.0000","0","0","0.0000"
"20200916","01","12","    97820","JP3548550007","1450.0000","1450.0000","1426.0000","1428.0000","1428.0000","1443.0000","1428.0000","1440.0000","1450.0000","1450.0000","1426.0000","1440.0000"," ","0.0000","0.0000","3700","5301800","1432.9189"
"20200916","01","12","    97910","JP3800000006","730.0000","735.0000","725.0000","735.0000","735.0000","735.0000","726.0000","735.0000","730.0000","735.0000","725.0000","735.0000"," ","0.0000","0.0000","2100","1533100","730.0476"
"20200916","01","12","    97970","JP3494000007","929.0000","929.0000","917.0000","925.0000","920.0000","930.0000","920.0000","921.0000","929.0000","930.0000","917.0000","921.0000"," ","0.0000","0.0000","10000","9241600","924.1600"
"20200916","01","12","    97990","JP3113400000","1248.0000","1260.0000","1248.0000","1256.0000","1255.0000","1258.0000","1255.0000","1258.0000","1248.0000","1260.0000","1248.0000","1258.0000"," ","0.0000","0.0000","3300","4134300","1252.8182"
"20200916","01","12","    98120","JP3538300009","245.0000","245.0000","239.0000","241.0000","244.0000","245.0000","242.0000","244.0000","245.0000","245.0000","239.0000","244.0000"," ","0.0000","0.0000","14900","3626500","243.3893"
"20200916","01","12","    98160","JP3778220008","375.0000","390.0000","375.0000","383.0000","383.0000","387.0000","371.0000","382.0000","375.0000","390.0000","371.0000","382.0000"," ","0.0000","0.0000","158500","60327200","380.6132"
"20200916","01","12","    98180","JP3499200008","1360.0000","1360.0000","1360.0000","1360.0000","1361.0000","1371.0000","1361.0000","1371.0000","1360.0000","1371.0000","1360.0000","1371.0000"," ","0.0000","0.0000","400","546300","1365.7500"
"20200916","01","12","    98200","JP3297300000","2590.0000","2613.0000","2589.0000","2589.0000","2589.0000","2590.0000","2589.0000","2589.0000","2590.0000","2613.0000","2589.0000","2589.0000"," ","0.0000","0.0000","2000","5183700","2591.8500"
"20200916","01","12","    98230","JP3870200007","2504.0000","2515.0000","2504.0000","2510.0000","2517.0000","2538.0000","2506.0000","2535.0000","2504.0000","2538.0000","2504.0000","2535.0000"," ","0.0000","0.0000","2400","6040600","2516.9167"
"20200916","01","12","    98270","JP3976800007","166.0000","166.0000","163.0000","164.0000","163.0000","166.0000","163.0000","166.0000","166.0000","166.0000","163.0000","166.0000"," ","0.0000","0.0000","50200","8238900","164.1215"
"20200916","01","12","    98290","JP3648400004","1490.0000","1596.0000","1460.0000","1596.0000","1516.0000","1516.0000","1516.0000","1516.0000","1490.0000","1596.0000","1460.0000","1516.0000"," ","0.0000","0.0000","800","1228600","1535.7500"
"20200916","01","12","    98350","JP3392800003","898.0000","916.0000","894.0000","916.0000","916.0000","918.0000","900.0000","918.0000","898.0000","918.0000","894.0000","918.0000"," ","0.0000","0.0000","26000","23583600","907.0615"
"20200916","01","12","    98450","JP3780000000","427.0000","463.0000","426.0000","440.0000","439.0000","439.0000","434.0000","436.0000","427.0000","463.0000","426.0000","436.0000"," ","0.0000","0.0000","38200","17094400","447.4974"
"20200916","01","12","    98460","JP3547850002","0.0000","0.0000","0.0000","0.0000","1130.0000","1130.0000","1129.0000","1129.0000","1130.0000","1130.0000","1129.0000","1129.0000"," ","0.0000","0.0000","200","225900","1129.5000"
"20200916","01","12","    98490","JP3226400004","0.0000","0.0000","0.0000","0.0000","0.0000","0.0000","0.0000","0.0000","0.0000","0.0000","0.0000","0.0000"," ","0.0000","0.0000","0","0","0.0000"
"20200916","01","12","    98520","JP3518400001","0.0000","0.0000","0.0000","0.0000","2540.0000","2555.0000","2540.0000","2555.0000","2540.0000","2555.0000","2540.0000","2555.0000"," ","0.0000","0.0000","300","763500","2545.0000"
"20200916","01","12","    98530","JP3265200000","822.0000","823.0000","822.0000","823.0000","824.0000","827.0000","824.0000","824.0000","822.0000","827.0000","822.0000","824.0000"," ","0.0000","0.0000","600","494300","823.8333"
"20200916","01","12","    98570","JP3161100007","1000.0000","1011.0000","1000.0000","1002.0000","1001.0000","1009.0000","993.0000","1003.0000","1000.0000","1011.0000","993.0000","1003.0000"," ","0.0000","0.0000","8200","8237500","1004.5732"
"20200916","01","12","    98670","JP3301200006","7800.0000","7880.0000","7800.0000","7880.0000","7880.0000","7880.0000","7750.0000","7780.0000","7800.0000","7880.0000","7750.0000","7780.0000"," ","0.0000","0.0000","1900","14847000","7814.2105"
"20200916","01","12","    98730","JP3702200001","2771.0000","2805.0000","2758.0000","2765.0000","2769.0000","2782.0000","2752.0000","2778.0000","2771.0000","2805.0000","2752.0000","2778.0000"," ","0.0000","0.0000","142500","394585000","2769.0175"
"20200916","01","12","    98760","JP3299200000","212.0000","214.0000","211.0000","213.0000","213.0000","214.0000","212.0000","213.0000","212.0000","214.0000","211.0000","213.0000"," ","0.0000","0.0000","91300","19413500","212.6342"
"20200916","01","12","    98780","JP3420900007","347.0000","385.0000","347.0000","378.0000","378.0000","378.0000","351.0000","373.0000","347.0000","385.0000","347.0000","373.0000"," ","0.0000","0.0000","79500","29109400","366.1560"
"20200916","01","12","    98850","JP3359800004","369.0000","370.0000","367.0000","369.0000","370.0000","370.0000","369.0000","369.0000","369.0000","370.0000","367.0000","369.0000"," ","0.0000","0.0000","6100","2254600","369.6066"
"20200916","01","12","    98880","JP3154850006","377.0000","381.0000","377.0000","381.0000","379.0000","381.0000","377.0000","377.0000","377.0000","381.0000","377.0000","377.0000"," ","0.0000","0.0000","11000","4169400","379.0364"
"20200916","01","12","    98900","JP3862900002","1291.0000","1300.0000","1275.0000","1292.0000","1294.0000","1314.0000","1294.0000","1312.0000","1291.0000","1314.0000","1275.0000","1312.0000"," ","0.0000","0.0000","16300","21117700","1295.5644"
"20200916","01","12","    98950","JP3306000005","1391.0000","1391.0000","1390.0000","1390.0000","1368.0000","1390.0000","1368.0000","1390.0000","1391.0000","1391.0000","1368.0000","1390.0000"," ","0.0000","0.0000","1100","1517900","1379.9091"
"20200916","01","12","    99030","JP3229950005","3150.0000","3500.0000","3150.0000","3375.0000","3380.0000","3405.0000","3335.0000","3335.0000","3150.0000","3500.0000","3150.0000","3335.0000"," ","0.0000","0.0000","9100","30379000","3338.3516"
"20200916","01","12","    99040","JP3392700005","219.0000","219.0000","216.0000","217.0000","217.0000","219.0000","215.0000","216.0000","219.0000","219.0000","215.0000","216.0000"," ","0.0000","0.0000","28100","6100700","217.1068"
"20200916","01","12","    99060","JP3807650001","0.0000","0.0000","0.0000","0.0000","1471.0000","1471.0000","1471.0000","1471.0000","1471.0000","1471.0000","1471.0000","1471.0000"," ","0.0000","0.0000","100","147100","1471.0000"
"20200916","01","12","    99080","JP3734400009","1204.0000","1220.0000","1201.0000","1201.0000","1205.0000","1210.0000","1194.0000","1194.0000","1204.0000","1220.0000","1194.0000","1194.0000"," ","0.0000","0.0000","7000","8441200","1205.8857"
"20200916","01","12","    99090","JP3101300006","1680.0000","1688.0000","1680.0000","1688.0000","1680.0000","1691.0000","1590.0000","1630.0000","1680.0000","1691.0000","1590.0000","1630.0000"," ","0.0000","0.0000","1300","2163200","1664.0000"
"20200916","01","12","    99130","JP3686100003","544.0000","553.0000","544.0000","549.0000","549.0000","551.0000","545.0000","550.0000","544.0000","553.0000","544.0000","550.0000"," ","0.0000","0.0000","10700","5874100","548.9813"
"20200916","01","12","    99140","JP3155300001","925.0000","925.0000","925.0000","925.0000","912.0000","912.0000","892.0000","892.0000","925.0000","925.0000","892.0000","892.0000"," ","0.0000","0.0000","300","272900","909.6667"
"20200916","01","12","    99270","JP3994000002","2506.0000","2571.0000","2506.0000","2571.0000","2550.0000","2572.0000","2550.0000","2562.0000","2506.0000","2572.0000","2506.0000","2562.0000"," ","0.0000","0.0000","1500","3820700","2547.1333"
"20200916","01","12","    99290","JP3834300000","423.0000","428.0000","423.0000","428.0000","430.0000","431.0000","413.0000","413.0000","423.0000","431.0000","413.0000","413.0000"," ","0.0000","0.0000","5400","2265400","419.5185"
"20200916","01","12","    99410","JP3451800001","518.0000","519.0000","518.0000","519.0000","509.0000","515.0000","509.0000","515.0000","518.0000","519.0000","509.0000","515.0000"," ","0.0000","0.0000","1400","717500","512.5000"
"20200916","01","12","    99500","JP3769200001","3105.0000","3120.0000","3105.0000","3120.0000","3120.0000","3140.0000","3110.0000","3140.0000","3105.0000","3140.0000","3105.0000","3140.0000"," ","0.0000","0.0000","3300","10282000","3115.7576"
"20200916","01","12","    99550","JP3962200006","1748.0000","1758.0000","1745.0000","1758.0000","1740.0000","1757.0000","1736.0000","1752.0000","1748.0000","1758.0000","1736.0000","1752.0000"," ","0.0000","0.0000","2800","4892300","1747.2500"
"20200916","01","12","    99590","JP3117400006","477.0000","477.0000","477.0000","477.0000","475.0000","477.0000","475.0000","477.0000","477.0000","477.0000","475.0000","477.0000"," ","0.0000","0.0000","2500","1191900","476.7600"
"20200916","01","12","    99640","JP3104900000","1500.0000","1500.0000","1500.0000","1500.0000","1500.0000","1537.0000","1500.0000","1537.0000","1500.0000","1537.0000","1500.0000","1537.0000"," ","0.0000","0.0000","800","1203700","1504.6250"
"20200916","01","12","    99670","JP3313000006","0.0000","0.0000","0.0000","0.0000","0.0000","0.0000","0.0000","0.0000","0.0000","0.0000","0.0000","0.0000"," ","0.0000","0.0000","0","0","0.0000"
"20200916","01","12","    99690","JP3369300003","304.0000","309.0000","302.0000","302.0000","303.0000","304.0000","300.0000","300.0000","304.0000","309.0000","300.0000","300.0000"," ","0.0000","0.0000","119500","36193700","302.8762"
"20200916","01","12","    99730","JP3298800008","71.0000","72.0000","67.0000","69.0000","69.0000","69.0000","67.0000","68.0000","71.0000","72.0000","67.0000","68.0000"," ","0.0000","0.0000","3267700","225184800","68.9123"
"20200916","01","12","    99760","JP3420850004","1685.0000","1771.0000","1685.0000","1770.0000","1751.0000","1780.0000","1750.0000","1770.0000","1685.0000","1780.0000","1685.0000","1770.0000"," ","0.0000","0.0000","5100","8959400","1756.7451"
"20200916","01","12","    99770","JP3105700003","2700.0000","2740.0000","2700.0000","2740.0000","2750.0000","2754.0000","2750.0000","2754.0000","2700.0000","2754.0000","2700.0000","2754.0000"," ","0.0000","0.0000","1800","4894000","2718.8889"
"20200916","01","12","    99780","JP3831750009","185.0000","185.0000","183.0000","184.0000","184.0000","185.0000","184.0000","184.0000","185.0000","185.0000","183.0000","184.0000"," ","0.0000","0.0000","59100","10879500","184.0863"
"20200916","01","12","    99800","JP3873800001","142.0000","145.0000","142.0000","144.0000","145.0000","146.0000","144.0000","144.0000","142.0000","146.0000","142.0000","144.0000"," ","0.0000","0.0000","95900","13818800","144.0959"
"20200916","01","12","    99960","JP3321500005","0.0000","0.0000","0.0000","0.0000","1543.0000","1543.0000","1543.0000","1543.0000","1543.0000","1543.0000","1543.0000","1543.0000"," ","0.0000","0.0000","100","154300","1543.0000"
"20200916","01","13","    13130","","3040.0000","3040.0000","2843.0000","2843.0000","2860.0000","2870.0000","2857.0000","2857.0000","3040.0000","3040.0000","2843.0000","2857.0000"," ","0.0000","0.0000","830","2448410","2949.8916"
"20200916","01","13","    13260","","19340.0000","19360.0000","19290.0000","19350.0000","19360.0000","19410.0000","19360.0000","19390.0000","19340.0000","19410.0000","19290.0000","19390.0000"," ","0.0000","0.0000","9697","187516540","19337.5828"
"20200916","01","13","    13270","","2708.0000","2708.0000","2708.0000","2708.0000","2708.0000","2708.0000","2700.0000","2700.0000","2708.0000","2708.0000","2700.0000","2700.0000"," ","0.0000","0.0000","109","294384","2700.7706"
"20200916","01","13","    13490","","12730.0000","12730.0000","12710.0000","12710.0000","12710.0000","12710.0000","12710.0000","12710.0000","12730.0000","12730.0000","12710.0000","12710.0000"," ","0.0000","0.0000","33","419710","12718.4848"
"20200916","01","13","    13850","","4190.0000","4245.0000","4155.0000","4245.0000","4270.0000","4270.0000","4270.0000","4270.0000","4190.0000","4270.0000","4155.0000","4270.0000"," ","0.0000","0.0000","443","1887160","4259.9549"
"20200916","01","13","    13860","","7780.0000","7780.0000","7760.0000","7760.0000","0.0000","0.0000","0.0000","0.0000","7780.0000","7780.0000","7760.0000","7760.0000"," ","0.0000","0.0000","9","69950","7772.2222"
"20200916","01","13","    13870","","0.0000","0.0000","0.0000","0.0000","0.0000","0.0000","0.0000","0.0000","0.0000","0.0000","0.0000","0.0000"," ","0.0000","0.0000","0","0","0.0000"
"20200916","01","13","    13880","","11910.0000","11910.0000","11800.0000","11800.0000","0.0000","0.0000","0.0000","0.0000","11910.0000","11910.0000","11800.0000","11800.0000"," ","0.0000","0.0000","3","35620","11873.3333"
"20200916","01","13","    13890","","7940.0000","8010.0000","7890.0000","8000.0000","8000.0000","8000.0000","7900.0000","7950.0000","7940.0000","8010.0000","7890.0000","7950.0000"," ","0.0000","0.0000","199","1583420","7956.8844"
"20200916","01","13","    13900","","4500.0000","4500.0000","4385.0000","4390.0000","0.0000","0.0000","0.0000","0.0000","4500.0000","4500.0000","4385.0000","4390.0000"," ","0.0000","0.0000","340","1528555","4495.7500"
"20200916","01","13","    13910","","2352.0000","2378.0000","2345.0000","2378.0000","2369.0000","2369.0000","2347.0000","2347.0000","2352.0000","2378.0000","2345.0000","2347.0000"," ","0.0000","0.0000","40","94206","2355.1500"
"20200916","01","13","    13920","","2130.0000","2132.0000","2128.0000","2132.0000","2129.0000","2130.0000","2128.0000","2130.0000","2130.0000","2132.0000","2128.0000","2130.0000"," ","0.0000","0.0000","56","119251","2129.4821"
"20200916","01","13","    13930","","34750.0000","34800.0000","34750.0000","34800.0000","34800.0000","34800.0000","34800.0000","34800.0000","34750.0000","34800.0000","34750.0000","34800.0000"," ","0.0000","0.0000","36","1251800","34772.2222"
"20200916","01","13","    13940","","0.0000","0.0000","0.0000","0.0000","0.0000","0.0000","0.0000","0.0000","0.0000","0.0000","0.0000","0.0000"," ","0.0000","0.0000","0","0","0.0000"
"20200916","01","13","    15570","","35900.0000","35950.0000","35750.0000","35950.0000","36000.0000","36000.0000","35900.0000","35950.0000","35900.0000","36000.0000","35750.0000","35950.0000"," ","0.0000","0.0000","3119","111971350","35899.7595"
"20200916","01","13","    15750","","689.0000","735.0000","689.0000","734.0000","711.0000","711.0000","705.0000","705.0000","689.0000","735.0000","689.0000","705.0000"," ","0.0000","0.0000","340","243370","715.7941"
"20200916","01","13","    15760","","0.0000","0.0000","0.0000","0.0000","0.0000","0.0000","0.0000","0.0000","0.0000","0.0000","0.0000","0.0000"," ","0.0000","0.0000","0","0","0.0000"
"20200916","01","13","    15840","","0.0000","0.0000","0.0000","0.0000","0.0000","0.0000","0.0000","0.0000","0.0000","0.0000","0.0000","0.0000"," ","0.0000","0.0000","0","0","0.0000"
"20200916","01","13","    16720","","19450.0000","19670.0000","19420.0000","19490.0000","19620.0000","19640.0000","19450.0000","19640.0000","19450.0000","19670.0000","19420.0000","19640.0000"," ","0.0000","0.0000","215","4204050","19553.7209"
"20200916","01","13","    16730","","2649.0000","2695.0000","2646.0000","2660.0000","2669.0000","2700.0000","2653.0000","2663.0000","2649.0000","2700.0000","2646.0000","2663.0000"," ","0.0000","0.0000","3110","8277150","2661.4630"
"20200916","01","13","    16740","","10010.0000","10010.0000","9830.0000","9980.0000","9910.0000","9960.0000","9870.0000","9870.0000","10010.0000","10010.0000","9830.0000","9870.0000"," ","0.0000","0.0000","4364","43493180","9966.3566"
"20200916","01","13","    16750","","24000.0000","24660.0000","24000.0000","24660.0000","24600.0000","24600.0000","24600.0000","24600.0000","24000.0000","24660.0000","24000.0000","24600.0000"," ","0.0000","0.0000","6","145420","24236.6667"
"20200916","01","13","    16760","","0.0000","0.0000","0.0000","0.0000","0.0000","0.0000","0.0000","0.0000","0.0000","0.0000","0.0000","0.0000"," ","0.0000","0.0000","0","0","0.0000"
"20200916","01","13","    16840","","0.0000","0.0000","0.0000","0.0000","0.0000","0.0000","0.0000","0.0000","0.0000","0.0000","0.0000","0.0000"," ","0.0000","0.0000","0","0","0.0000"
"20200916","01","13","    16850","","214.0000","215.0000","198.0000","215.0000","215.0000","216.0000","210.0000","216.0000","214.0000","216.0000","198.0000","216.0000"," ","0.0000","0.0000","680","142210","209.1324"
"20200916","01","13","    16860","","0.0000","0.0000","0.0000","0.0000","0.0000","0.0000","0.0000","0.0000","0.0000","0.0000","0.0000","0.0000"," ","0.0000","0.0000","0","0","0.0000"
"20200916","01","13","    16870","","420.0000","420.0000","410.0000","410.0000","410.0000","412.0000","409.0000","409.0000","420.0000","420.0000","409.0000","409.0000"," ","0.0000","0.0000","1450","598240","412.5793"
"20200916","01","13","    16880","","295.0000","298.0000","293.0000","297.0000","296.0000","296.0000","293.0000","296.0000","295.0000","298.0000","293.0000","296.0000"," ","0.0000","0.0000","122170","36116810","295.6275"
"20200916","01","13","    16890","","1.0000","2.0000","1.0000","2.0000","2.0000","2.0000","1.0000","2.0000","1.0000","2.0000","1.0000","2.0000"," ","0.0000","0.0000","5061800","7775500","1.5361"
"20200916","01","13","    16900","","378.0000","383.0000","378.0000","383.0000","382.0000","385.0000","382.0000","384.0000","378.0000","385.0000","378.0000","384.0000"," ","0.0000","0.0000","45160","17201450","380.9001"
"20200916","01","13","    16910","","0.0000","0.0000","0.0000","0.0000","1647.0000","1647.0000","1607.0000","1646.0000","1647.0000","1647.0000","1607.0000","1646.0000"," ","0.0000","0.0000","31","50987","1644.7419"
"20200916","01","13","    16920","","0.0000","0.0000","0.0000","0.0000","0.0000","0.0000","0.0000","0.0000","0.0000","0.0000","0.0000","0.0000"," ","0.0000","0.0000","0","0","0.0000"
"20200916","01","13","    16930","","2915.0000","2915.0000","2915.0000","2915.0000","2930.0000","2930.0000","2930.0000","2930.0000","2915.0000","2930.0000","2915.0000","2930.0000"," ","0.0000","0.0000","60","175050","2917.5000"
"20200916","01","13","    16940","","0.0000","0.0000","0.0000","0.0000","0.0000","0.0000","0.0000","0.0000","0.0000","0.0000","0.0000","0.0000"," ","0.0000","0.0000","0","0","0.0000"
"20200916","01","13","    16950","","65.0000","65.0000","64.0000","65.0000","65.0000","65.0000","64.0000","64.0000","65.0000","65.0000","64.0000","64.0000"," ","0.0000","0.0000","1162600","75106100","64.6018"
"20200916","01","13","    16960","","69.0000","69.0000","67.0000","67.0000","67.0000","68.0000","67.0000","68.0000","69.0000","69.0000","67.0000","68.0000"," ","0.0000","0.0000","203500","13745000","67.5430"
"20200916","01","13","    16970","","1872.0000","1872.0000","1825.0000","1857.0000","1825.0000","1840.0000","1825.0000","1832.0000","1872.0000","1872.0000","1825.0000","1832.0000"," ","0.0000","0.0000","1600","2966520","1854.0750"
"20200916","01","13","    17730","","19.0000","19.0000","18.0000","18.0000","18.0000","18.0000","18.0000","18.0000","19.0000","19.0000","18.0000","18.0000"," ","0.0000","0.0000","333000","5995000","18.0030"
"20200916","01","13","    20310","","8830.0000","8980.0000","8800.0000","8800.0000","8850.0000","8850.0000","8800.0000","8800.0000","8830.0000","8980.0000","8800.0000","8800.0000"," ","0.0000","0.0000","221","1953300","8838.4615"
"20200916","01","13","    20320","","6120.0000","6130.0000","6030.0000","6130.0000","0.0000","0.0000","0.0000","0.0000","6120.0000","6130.0000","6030.0000","6130.0000"," ","0.0000","0.0000","35","212020","6057.7143"
"20200916","01","13","    20330","","0.0000","0.0000","0.0000","0.0000","0.0000","0.0000","0.0000","0.0000","0.0000","0.0000","0.0000","0.0000"," ","0.0000","0.0000","0","0","0.0000"
"20200916","01","13","    20340","","7600.0000","7600.0000","7600.0000","7600.0000","7510.0000","7590.0000","7510.0000","7520.0000","7600.0000","7600.0000","7510.0000","7520.0000"," ","0.0000","0.0000","58","437230","7538.4483"
"20200916","01","13","    20350","","492.0000","496.0000","481.0000","486.0000","488.0000","489.0000","476.0000","487.0000","492.0000","496.0000","476.0000","487.0000"," ","0.0000","0.0000","692348","335217096","484.1743"
"20200916","01","13","    20360","","19700.0000","19750.0000","19550.0000","19680.0000","19680.0000","19890.0000","19670.0000","19670.0000","19700.0000","19890.0000","19550.0000","19670.0000"," ","0.0000","0.0000","4089","80368320","19654.7616"
"20200916","01","13","    20370","","5480.0000","5480.0000","5430.0000","5450.0000","5470.0000","5470.0000","5430.0000","5470.0000","5480.0000","5480.0000","5430.0000","5470.0000"," ","0.0000","0.0000","716","3912260","5464.0503"
"20200916","01","13","    20380","","231.0000","233.0000","229.0000","233.0000","233.0000","235.0000","233.0000","234.0000","231.0000","235.0000","229.0000","234.0000"," ","0.0000","0.0000","9638211","2236490800","232.0442"
"20200916","01","13","    20390","","6310.0000","6360.0000","6270.0000","6300.0000","6280.0000","6280.0000","6240.0000","6250.0000","6310.0000","6360.0000","6240.0000","6250.0000"," ","0.0000","0.0000","4500","28299490","6288.7756"
"20200916","01","13","    20400","","20840.0000","20930.0000","20800.0000","20900.0000","20930.0000","20950.0000","20900.0000","20900.0000","20840.0000","20950.0000","20800.0000","20900.0000"," ","0.0000","0.0000","5150","107594970","20892.2272"
"20200916","01","13","    20410","","3805.0000","3820.0000","3805.0000","3815.0000","3810.0000","3815.0000","3805.0000","3815.0000","3805.0000","3820.0000","3805.0000","3815.0000"," ","0.0000","0.0000","4883","18598195","3808.7641"
"20200916","01","13","    20420","","12310.0000","12540.0000","12310.0000","12540.0000","12550.0000","12620.0000","12540.0000","12610.0000","12310.0000","12620.0000","12310.0000","12610.0000"," ","0.0000","0.0000","8414","105213820","12504.6137"
"20200916","01","13","    20430","","9890.0000","9890.0000","9890.0000","9890.0000","0.0000","0.0000","0.0000","0.0000","9890.0000","9890.0000","9890.0000","9890.0000"," ","0.0000","0.0000","9","89010","9890.0000"
"20200916","01","13","    20440","","14220.0000","14240.0000","14220.0000","14240.0000","14240.0000","14280.0000","14230.0000","14280.0000","14220.0000","14280.0000","14220.0000","14280.0000"," ","0.0000","0.0000","330","4702780","14250.8485"
"20200916","01","13","    20450","","0.0000","0.0000","0.0000","0.0000","12300.0000","12300.0000","12300.0000","12300.0000","12300.0000","12300.0000","12300.0000","12300.0000"," ","0.0000","0.0000","125","1537500","12300.0000"
"20200916","01","13","    20460","","7990.0000","8030.0000","7910.0000","7910.0000","7920.0000","7980.0000","7920.0000","7930.0000","7990.0000","8030.0000","7910.0000","7930.0000"," ","0.0000","0.0000","306","2435020","7957.5817"
"20200916","01","13","    20470","","5850.0000","5850.0000","5760.0000","5760.0000","5750.0000","5770.0000","5740.0000","5740.0000","5850.0000","5850.0000","5740.0000","5740.0000"," ","0.0000","0.0000","364","2116130","5813.5440"
"20200916","01","13","    20480","","0.0000","0.0000","0.0000","0.0000","8700.0000","8700.0000","8700.0000","8700.0000","8700.0000","8700.0000","8700.0000","8700.0000"," ","0.0000","0.0000","22","191400","8700.0000"
"20200916","01","13","    20500","","10080.0000","10080.0000","10080.0000","10080.0000","0.0000","0.0000","0.0000","0.0000","10080.0000","10080.0000","10080.0000","10080.0000"," ","0.0000","0.0000","1","10080","10080.0000"
"20200916","01","13","    20650","","10420.0000","10580.0000","10420.0000","10580.0000","0.0000","0.0000","0.0000","0.0000","10420.0000","10580.0000","10420.0000","10580.0000"," ","0.0000","0.0000","2001","20850580","10420.0800"
"20200916","01","13","    20660","","10720.0000","10720.0000","10720.0000","10720.0000","10890.0000","10910.0000","10790.0000","10910.0000","10720.0000","10910.0000","10720.0000","10910.0000"," ","0.0000","0.0000","159","1714040","10780.1258"
"20200916","01","13","    20670","","9980.0000","9980.0000","9980.0000","9980.0000","0.0000","0.0000","0.0000","0.0000","9980.0000","9980.0000","9980.0000","9980.0000"," ","0.0000","0.0000","1","9980","9980.0000"
"20200916","01","13","    20680","","0.0000","0.0000","0.0000","0.0000","0.0000","0.0000","0.0000","0.0000","0.0000","0.0000","0.0000","0.0000"," ","0.0000","0.0000","0","0","0.0000"
"20200916","01","13","    20690","","0.0000","0.0000","0.0000","0.0000","0.0000","0.0000","0.0000","0.0000","0.0000","0.0000","0.0000","0.0000"," ","0.0000","0.0000","0","0","0.0000"
"20200916","01","13","    48750","","623.0000","626.0000","606.0000","618.0000","615.0000","619.0000","609.0000","615.0000","623.0000","626.0000","606.0000","615.0000"," ","0.0000","0.0000","51000","31406700","615.8176"
"20200916","01","13","    66970","","481.0000","481.0000","468.0000","468.0000","480.0000","480.0000","472.0000","472.0000","481.0000","481.0000","468.0000","472.0000"," ","0.0000","0.0000","7800","3693300","473.5000"
"20200916","01","13","    93990","","106.0000","109.0000","105.0000","107.0000","108.0000","108.0000","104.0000","106.0000","106.0000","109.0000","104.0000","106.0000"," ","0.0000","0.0000","1208531","128687263","106.4824"
"20200916","01","51","900011379","JP384325PJ71","105.5000","107.3000","105.5000","107.2000","107.2500","107.5000","107.2500","107.2500","105.5000","107.5000","105.5000","107.2500"," ","0.0000","0.0000","80000000","85417000","106.7713"
"20200916","01","51","900013050","JP354866PFC3","0.0000","0.0000","0.0000","0.0000","0.0000","0.0000","0.0000","0.0000","0.0000","0.0000","0.0000","0.0000"," ","0.0000","0.0000","0","0","0.0000"
"20200916","01","51","900016143","JP343420PG41","99.1500","99.1500","99.1500","99.1500","0.0000","0.0000","0.0000","0.0000","99.1500","99.1500","99.1500","99.1500"," ","0.0000","0.0000","10000000","9915000","99.1500"
"20200916","01","51","900018521","JP364830PE35","0.0000","0.0000","0.0000","0.0000","0.0000","0.0000","0.0000","0.0000","0.0000","0.0000","0.0000","0.0000"," ","0.0000","0.0000","0","0","0.0000"
"20200916","01","51","900018541","JP316640PDC4","0.0000","0.0000","0.0000","0.0000","0.0000","0.0000","0.0000","0.0000","0.0000","0.0000","0.0000","0.0000"," ","0.0000","0.0000","0","0","0.0000"
"20200916","01","51","900022733","JP312510PJ77","0.0000","0.0000","0.0000","0.0000","0.0000","0.0000","0.0000","0.0000","0.0000","0.0000","0.0000","0.0000"," ","0.0000","0.0000","0","0","0.0000"
"20200916","01","51","900031822","JP349860PL89","109.3000","109.3000","109.2500","109.3000","109.3000","109.3000","109.1000","109.1000","109.3000","109.3000","109.1000","109.1000"," ","0.0000","0.0000","25000000","27314000","109.2560"
"20200916","01","51","900049616","JP325390PG36","0.0000","0.0000","0.0000","0.0000","98.6500","98.6500","98.6500","98.6500","98.6500","98.6500","98.6500","98.6500"," ","0.0000","0.0000","10000000","9865000","98.6500"
"20200916","01","51","900053946","JP355400PH30","0.0000","0.0000","0.0000","0.0000","0.0000","0.0000","0.0000","0.0000","0.0000","0.0000","0.0000","0.0000"," ","0.0000","0.0000","0","0","0.0000"
"20200916","01","51","900064046","JP348590PH92","100.1500","100.1500","100.0000","100.0000","0.0000","0.0000","0.0000","0.0000","100.1500","100.1500","100.0000","100.0000"," ","0.0000","0.0000","3000000","3003000","100.1000"
"20200916","01","51","900066758","JP343500PF78","160.5000","160.5000","160.5000","160.5000","0.0000","0.0000","0.0000","0.0000","160.5000","160.5000","160.5000","160.5000"," ","0.0000","0.0000","1000000","1605000","160.5000"
"20200916","01","51","900102004","JP336640PG64","118.0000","118.0000","118.0000","118.0000","119.0000","119.0000","119.0000","119.0000","118.0000","119.0000","118.0000","119.0000"," ","0.0000","0.0000","2000000","2370000","118.5000"
